                0 7.51345427865e-17    0.581238188598                 0                 0    0.986393922798                 0                 0    0.986393922798                 0                 0    0.986393922798                 0                 0    0.986393922798                 0                 0    0.986393922798                 0                 0    0.986393922798                 0                 0    0.986393922798                 0                 0    0.986393922798                 0                 0
             0              0 0.581238188598              0              0 0.986393922798              0              0 0.986393922798              0              0 0.986393922798              0              0 0.986393922798              0              0 0.986393922798              0              0 0.986393922798              0              0 0.986393922798              0              0 0.986393922798              0              0
                0 7.45164951816e-17    0.581238188598                 0                 0    0.986393922798                 0                 0    0.986393922798                 0                 0    0.986393922798                 0                 0    0.986393922798                 0                 0    0.986393922798                 0                 0    0.986393922798                 0                 0    0.986393922798                 0                 0    0.986393922798                 0                 0
             0              0 0.581238188598              0              0 0.986393922798              0              0 0.986393922798              0              0 0.986393922798              0              0 0.986393922798              0              0 0.986393922798              0              0 0.986393922798              0              0 0.986393922798              0              0 0.986393922798              0              0
                0 7.04784618414e-17    0.581238188598                 0                 0    0.986393922798                 0                 0    0.986393922798                 0                 0    0.986393922798                 0                 0    0.986393922798                 0                 0    0.986393922798                 0                 0    0.986393922798                 0                 0    0.986393922798                 0                 0    0.986393922798                 0                 0
             0              0 0.581238188598              0              0 0.986393922798              0              0 0.986393922798              0              0 0.986393922798              0              0 0.986393922798              0              0 0.986393922798              0              0 0.986393922798              0              0 0.986393922798              0              0 0.986393922798              0              0
             0              0 0.581238188598              0              0 0.986393922798              0              0 0.986393922798              0              0 0.986393922798              0              0 0.986393922798              0              0 0.986393922798              0              0 0.986393922798              0              0 0.986393922798              0              0 0.986393922798              0              0
             0              0 0.581238188598              0              0 0.986393922798              0              0 0.986393922798              0              0 0.986393922798              0              0 0.986393922798              0              0 0.986393922798              0              0 0.986393922798              0              0 0.986393922798              0              0 0.986393922798              0              0
             0              0 0.581238188598              0              0 0.986393922798              0              0 0.986393922798              0              0 0.986393922798              0              0 0.986393922798              0              0 0.986393922798              0              0 0.986393922798              0              0 0.986393922798              0              0 0.986393922798              0              0
             0              0 0.581238188598              0              0 0.986393922798              0              0 0.986393922798              0              0 0.986393922798              0              0 0.986393922798              0              0 0.986393922798              0              0 0.986393922798              0              0 0.986393922798              0              0 0.986393922798              0              0
             0              0              0              0              0 0.986393922798              0              0 0.986393922798              0              0 0.986393922798              0              0 0.986393922798              0              0 0.986393922798              0              0 0.986393922798              0              0 0.986393922798              0              0 0.986393922798              0              0
                0                 0                 0 9.43632924993e-17                 0    0.986393922798                 0                 0    0.986393922798                 0                 0    0.986393922798                 0                 0    0.986393922798                 0                 0    0.986393922798                 0                 0    0.986393922798                 0                 0    0.986393922798                 0                 0    0.986393922798                 0                 0
             0              0              0              0              0 0.986393922798              0              0 0.986393922798              0              0 0.986393922798              0              0 0.986393922798              0              0 0.986393922798              0              0 0.986393922798              0              0 0.986393922798              0              0 0.986393922798              0              0
             0              0              0              0              0 0.986393922798              0              0 0.986393922798              0              0 0.986393922798              0              0 0.986393922798              0              0 0.986393922798              0              0 0.986393922798              0              0 0.986393922798              0              0 0.986393922798              0              0
                0                 0                 0 9.86978054289e-17                 0    0.986393922798                 0                 0    0.986393922798                 0                 0    0.986393922798                 0                 0    0.986393922798                 0                 0    0.986393922798                 0                 0    0.986393922798                 0                 0    0.986393922798                 0                 0    0.986393922798                 0                 0
             0              0              0              0              0 0.986393922798              0              0 0.986393922798              0              0 0.986393922798              0              0 0.986393922798              0              0 0.986393922798              0              0 0.986393922798              0              0 0.986393922798              0              0 0.986393922798              0              0
             0              0              0              0              0 0.986393922798              0              0 0.986393922798              0              0 0.986393922798              0              0 0.986393922798              0              0 0.986393922798              0              0 0.986393922798              0              0 0.986393922798              0              0 0.986393922798              0              0
             0              0              0              0              0 0.986393922798              0              0 0.986393922798              0              0 0.986393922798              0              0 0.986393922798              0              0 0.986393922798              0              0 0.986393922798              0              0 0.986393922798              0              0 0.986393922798              0              0
             0              0              0              0              0 0.986393922798              0              0 0.986393922798              0              0 0.986393922798              0              0 0.986393922798              0              0 0.986393922798              0              0 0.986393922798              0              0 0.986393922798              0              0 0.986393922798              0              0
             0              0              0              0              0 0.986393922798              0              0 0.986393922798              0              0 0.986393922798              0              0 0.986393922798              0              0 0.986393922798              0              0 0.986393922798              0              0 0.986393922798              0              0 0.986393922798              0              0
             0              0              0              0              0 0.954638663878              0              0 0.986393922798              0              0 0.986393922798              0              0 0.986393922798              0              0 0.986393922798              0              0 0.986393922798              0              0 0.986393922798              0              0 0.986393922798              0              0
                0                 0                 0                 0 1.05407917962e-16    0.954638663878                 0                 0    0.986393922798                 0                 0    0.986393922798                 0                 0    0.986393922798                 0                 0    0.986393922798                 0                 0    0.986393922798                 0                 0    0.986393922798                 0                 0    0.986393922798                 0                 0
                0                 0                 0                 0 1.08485872565e-16    0.954638663878                 0                 0    0.986393922798                 0                 0    0.986393922798                 0                 0    0.986393922798                 0                 0    0.986393922798                 0                 0    0.986393922798                 0                 0    0.986393922798                 0                 0    0.986393922798                 0                 0
                0                 0                 0                 0 5.56149753933e-17    0.954638663878                 0                 0    0.986393922798                 0                 0    0.986393922798                 0                 0    0.986393922798                 0                 0    0.986393922798                 0                 0    0.986393922798                 0                 0    0.986393922798                 0                 0    0.986393922798                 0                 0
                0                 0                 0                 0 5.70038667537e-17    0.954638663878                 0                 0    0.986393922798                 0                 0    0.986393922798                 0                 0    0.986393922798                 0                 0    0.986393922798                 0                 0    0.986393922798                 0                 0    0.986393922798                 0                 0    0.986393922798                 0                 0
                0                 0                 0                 0 1.16841857859e-16    0.954638663878                 0                 0    0.986393922798                 0                 0    0.986393922798                 0                 0    0.986393922798                 0                 0    0.986393922798                 0                 0    0.986393922798                 0                 0    0.986393922798                 0                 0    0.986393922798                 0                 0
                0                 0                 0                 0 7.05374824577e-17    0.954638663878                 0                 0    0.986393922798                 0                 0    0.986393922798                 0                 0    0.986393922798                 0                 0    0.986393922798                 0                 0    0.986393922798                 0                 0    0.986393922798                 0                 0    0.986393922798                 0                 0
               0                0                0                0 6.9829260334e-17   0.954638663878                0                0   0.986393922798                0                0   0.986393922798                0                0   0.986393922798                0                0   0.986393922798                0                0   0.986393922798                0                0   0.986393922798                0                0   0.986393922798                0                0
                0                 0                 0                 0 9.21788921857e-17    0.954638663878                 0                 0    0.986393922798                 0                 0    0.986393922798                 0                 0    0.986393922798                 0                 0    0.986393922798                 0                 0    0.986393922798                 0                 0    0.986393922798                 0                 0    0.986393922798                 0                 0
                0                 0                 0                 0 7.03565421676e-17    0.581238188598                 0                 0    0.986393922798                 0                 0    0.986393922798                 0                 0    0.986393922798                 0                 0    0.986393922798                 0                 0    0.986393922798                 0                 0    0.986393922798                 0                 0    0.986393922798                 0                 0
              0               0               0               0 7.187256437e-17  0.581238188598               0               0  0.986393922798               0               0  0.986393922798               0               0  0.986393922798               0               0  0.986393922798               0               0  0.986393922798               0               0  0.986393922798               0               0  0.986393922798               0               0
                0                 0                 0                 0 7.30434928923e-17    0.581238188598                 0                 0    0.986393922798                 0                 0    0.986393922798                 0                 0    0.986393922798                 0                 0    0.986393922798                 0                 0    0.986393922798                 0                 0    0.986393922798                 0                 0    0.986393922798                 0                 0
                0                 0                 0                 0 4.94150104311e-17    0.581238188598                 0                 0    0.986393922798                 0                 0    0.986393922798                 0                 0    0.986393922798                 0                 0    0.986393922798                 0                 0    0.986393922798                 0                 0    0.986393922798                 0                 0    0.986393922798                 0                 0
                0                 0                 0                 0 1.00791364067e-16    0.581238188598                 0                 0    0.986393922798                 0                 0    0.986393922798                 0                 0    0.986393922798                 0                 0    0.986393922798                 0                 0    0.986393922798                 0                 0    0.986393922798                 0                 0    0.986393922798                 0                 0
               0                0                0                0 5.0661790426e-17                0                0                0   0.986393922798                0                0   0.986393922798                0                0   0.986393922798                0                0   0.986393922798                0                0   0.986393922798                0                0   0.986393922798                0                0   0.986393922798                0                0
             0              0              0              0              0              0              0              0 0.986393922798              0              0 0.986393922798              0              0 0.986393922798              0              0 0.986393922798              0              0 0.986393922798              0              0 0.986393922798              0              0 0.986393922798              0              0
             0              0              0              0              0              0              0              0 0.986393922798              0              0 0.986393922798              0              0 0.986393922798              0              0 0.986393922798              0              0 0.986393922798              0              0 0.986393922798              0              0 0.986393922798              0              0
             0              0              0              0              0              0              0              0 0.986393922798              0              0 0.986393922798              0              0 0.986393922798              0              0 0.986393922798              0              0 0.986393922798              0              0 0.986393922798              0              0 0.986393922798              0              0
                0                 0                 0                 0                 0                 0 5.62474249817e-17                 0    0.986393922798                 0                 0    0.986393922798                 0                 0    0.986393922798                 0                 0    0.986393922798                 0                 0    0.986393922798                 0                 0    0.986393922798                 0                 0    0.986393922798                 0                 0
                0                 0                 0                 0                 0                 0 5.66012188814e-17                 0    0.986393922798                 0                 0    0.986393922798                 0                 0    0.986393922798                 0                 0    0.986393922798                 0                 0    0.986393922798                 0                 0    0.986393922798                 0                 0    0.986393922798                 0                 0
                0                 0                 0                 0                 0                 0 1.14970909252e-16                 0    0.986393922798                 0                 0    0.986393922798                 0                 0    0.986393922798                 0                 0    0.986393922798                 0                 0    0.986393922798                 0                 0    0.986393922798                 0                 0    0.986393922798                 0                 0
               0                0                0                0                0                0 5.8966519465e-17                0   0.986393922798                0                0   0.986393922798                0                0   0.986393922798                0                0   0.986393922798                0                0   0.986393922798                0                0   0.986393922798                0                0   0.986393922798                0                0
             0              0              0              0              0              0              0              0 0.986393922798              0              0 0.986393922798              0              0 0.986393922798              0              0 0.986393922798              0              0 0.986393922798              0              0 0.986393922798              0              0 0.986393922798              0              0
             0              0              0              0              0              0              0              0 0.986393922798              0              0 0.986393922798              0              0 0.986393922798              0              0 0.986393922798              0              0 0.986393922798              0              0 0.986393922798              0              0 0.986393922798              0              0
             0              0              0              0              0              0              0              0 0.986393922798              0              0 0.986393922798              0              0 0.986393922798              0              0 0.986393922798              0              0 0.986393922798              0              0 0.986393922798              0              0 0.986393922798              0              0
             0              0              0              0              0              0              0              0 0.986393922798              0              0 0.986393922798              0              0 0.986393922798              0              0 0.986393922798              0              0 0.986393922798              0              0 0.986393922798              0              0 0.986393922798              0              0
                0                 0                 0                 0                 0                 0                 0 5.61793523225e-17    0.954638663878                 0                 0    0.986393922798                 0                 0    0.986393922798                 0                 0    0.986393922798                 0                 0    0.986393922798                 0                 0    0.986393922798                 0                 0    0.986393922798                 0                 0
                0                 0                 0                 0                 0                 0                 0 5.67099644761e-17    0.954638663878                 0                 0    0.986393922798                 0                 0    0.986393922798                 0                 0    0.986393922798                 0                 0    0.986393922798                 0                 0    0.986393922798                 0                 0    0.986393922798                 0                 0
                0                 0                 0                 0                 0                 0                 0 5.67490127555e-17    0.954638663878                 0                 0    0.986393922798                 0                 0    0.986393922798                 0                 0    0.986393922798                 0                 0    0.986393922798                 0                 0    0.986393922798                 0                 0    0.986393922798                 0                 0
                0                 0                 0                 0                 0                 0                 0 5.73646056267e-17    0.954638663878                 0                 0    0.986393922798                 0                 0    0.986393922798                 0                 0    0.986393922798                 0                 0    0.986393922798                 0                 0    0.986393922798                 0                 0    0.986393922798                 0                 0
                0                 0                 0                 0                 0                 0                 0 5.81618439709e-17    0.954638663878                 0                 0    0.986393922798                 0                 0    0.986393922798                 0                 0    0.986393922798                 0                 0    0.986393922798                 0                 0    0.986393922798                 0                 0    0.986393922798                 0                 0
                0                 0                 0                 0                 0                 0                 0 9.38613835433e-17    0.954638663878                 0                 0    0.986393922798                 0                 0    0.986393922798                 0                 0    0.986393922798                 0                 0    0.986393922798                 0                 0    0.986393922798                 0                 0    0.986393922798                 0                 0
                0                 0                 0                 0                 0                 0                 0 9.24462613425e-17    0.954638663878                 0                 0    0.986393922798                 0                 0    0.986393922798                 0                 0    0.986393922798                 0                 0    0.986393922798                 0                 0    0.986393922798                 0                 0    0.986393922798                 0                 0
                0                 0                 0                 0                 0                 0                 0 4.59560260406e-17    0.954638663878                 0                 0    0.986393922798                 0                 0    0.986393922798                 0                 0    0.986393922798                 0                 0    0.986393922798                 0                 0    0.986393922798                 0                 0    0.986393922798                 0                 0
                0                 0                 0                 0                 0                 0                 0 9.23069062332e-17    0.581238188598                 0                 0    0.986393922798                 0                 0    0.986393922798                 0                 0    0.986393922798                 0                 0    0.986393922798                 0                 0    0.986393922798                 0                 0    0.986393922798                 0                 0
                0                 0                 0                 0                 0                 0                 0 6.92837554758e-17    0.581238188598                 0                 0    0.986393922798                 0                 0    0.986393922798                 0                 0    0.986393922798                 0                 0    0.986393922798                 0                 0    0.986393922798                 0                 0    0.986393922798                 0                 0
                0                 0                 0                 0                 0                 0                 0 7.00981490125e-17    0.581238188598                 0                 0    0.986393922798                 0                 0    0.986393922798                 0                 0    0.986393922798                 0                 0    0.986393922798                 0                 0    0.986393922798                 0                 0    0.986393922798                 0                 0
                0                 0                 0                 0                 0                 0                 0 7.07937881942e-17    0.581238188598                 0                 0    0.986393922798                 0                 0    0.986393922798                 0                 0    0.986393922798                 0                 0    0.986393922798                 0                 0    0.986393922798                 0                 0    0.986393922798                 0                 0
                0                 0                 0                 0                 0                 0                 0 9.58860788365e-17    0.581238188598                 0                 0    0.986393922798                 0                 0    0.986393922798                 0                 0    0.986393922798                 0                 0    0.986393922798                 0                 0    0.986393922798                 0                 0    0.986393922798                 0                 0
                0                 0                 0                 0                 0                 0                 0 4.77072483887e-17                 0                 0                 0    0.986393922798                 0                 0    0.986393922798                 0                 0    0.986393922798                 0                 0    0.986393922798                 0                 0    0.986393922798                 0                 0    0.986393922798                 0                 0
             0              0              0              0              0              0              0              0              0              0              0 0.986393922798              0              0 0.986393922798              0              0 0.986393922798              0              0 0.986393922798              0              0 0.986393922798              0              0 0.986393922798              0              0
             0              0              0              0              0              0              0              0              0              0              0 0.986393922798              0              0 0.986393922798              0              0 0.986393922798              0              0 0.986393922798              0              0 0.986393922798              0              0 0.986393922798              0              0
                0                 0                 0                 0                 0                 0                 0                 0                 0 2.20976862113e-16                 0    0.986393922798                 0                 0    0.986393922798                 0                 0    0.986393922798                 0                 0    0.986393922798                 0                 0    0.986393922798                 0                 0    0.986393922798                 0                 0
               0                0                0                0                0                0                0                0                0 1.1079954879e-16                0   0.986393922798                0                0   0.986393922798                0                0   0.986393922798                0                0   0.986393922798                0                0   0.986393922798                0                0   0.986393922798                0                0
                0                 0                 0                 0                 0                 0                 0                 0                 0 1.11280162382e-16                 0    0.986393922798                 0                 0    0.986393922798                 0                 0    0.986393922798                 0                 0    0.986393922798                 0                 0    0.986393922798                 0                 0    0.986393922798                 0                 0
                0                 0                 0                 0                 0                 0                 0                 0                 0 5.57772886888e-17                 0    0.986393922798                 0                 0    0.986393922798                 0                 0    0.986393922798                 0                 0    0.986393922798                 0                 0    0.986393922798                 0                 0    0.986393922798                 0                 0
                0                 0                 0                 0                 0                 0                 0                 0                 0 1.12154133863e-16                 0    0.986393922798                 0                 0    0.986393922798                 0                 0    0.986393922798                 0                 0    0.986393922798                 0                 0    0.986393922798                 0                 0    0.986393922798                 0                 0
             0              0              0              0              0              0              0              0              0              0              0 0.986393922798              0              0 0.986393922798              0              0 0.986393922798              0              0 0.986393922798              0              0 0.986393922798              0              0 0.986393922798              0              0
             0              0              0              0              0              0              0              0              0              0              0 0.986393922798              0              0 0.986393922798              0              0 0.986393922798              0              0 0.986393922798              0              0 0.986393922798              0              0 0.986393922798              0              0
             0              0              0              0              0              0              0              0              0              0              0 0.986393922798              0              0 0.986393922798              0              0 0.986393922798              0              0 0.986393922798              0              0 0.986393922798              0              0 0.986393922798              0              0
             0              0              0              0              0              0              0              0              0              0              0 0.954638663878              0              0 0.986393922798              0              0 0.986393922798              0              0 0.986393922798              0              0 0.986393922798              0              0 0.986393922798              0              0
                0                 0                 0                 0                 0                 0                 0                 0                 0                 0 1.08291048392e-16    0.954638663878                 0                 0    0.986393922798                 0                 0    0.986393922798                 0                 0    0.986393922798                 0                 0    0.986393922798                 0                 0    0.986393922798                 0                 0
                0                 0                 0                 0                 0                 0                 0                 0                 0                 0 1.09326719597e-16    0.954638663878                 0                 0    0.986393922798                 0                 0    0.986393922798                 0                 0    0.986393922798                 0                 0    0.986393922798                 0                 0    0.986393922798                 0                 0
                0                 0                 0                 0                 0                 0                 0                 0                 0                 0 1.10707065561e-16    0.954638663878                 0                 0    0.986393922798                 0                 0    0.986393922798                 0                 0    0.986393922798                 0                 0    0.986393922798                 0                 0    0.986393922798                 0                 0
                0                 0                 0                 0                 0                 0                 0                 0                 0                 0 1.11602621514e-16    0.954638663878                 0                 0    0.986393922798                 0                 0    0.986393922798                 0                 0    0.986393922798                 0                 0    0.986393922798                 0                 0    0.986393922798                 0                 0
                0                 0                 0                 0                 0                 0                 0                 0                 0                 0 4.53894939699e-17    0.954638663878                 0                 0    0.986393922798                 0                 0    0.986393922798                 0                 0    0.986393922798                 0                 0    0.986393922798                 0                 0    0.986393922798                 0                 0
                0                 0                 0                 0                 0                 0                 0                 0                 0                 0 4.49729524257e-17    0.954638663878                 0                 0    0.986393922798                 0                 0    0.986393922798                 0                 0    0.986393922798                 0                 0    0.986393922798                 0                 0    0.986393922798                 0                 0
                0                 0                 0                 0                 0                 0                 0                 0                 0                 0 4.42602689741e-17    0.954638663878                 0                 0    0.986393922798                 0                 0    0.986393922798                 0                 0    0.986393922798                 0                 0    0.986393922798                 0                 0    0.986393922798                 0                 0
                0                 0                 0                 0                 0                 0                 0                 0                 0                 0 8.76751164653e-17    0.954638663878                 0                 0    0.986393922798                 0                 0    0.986393922798                 0                 0    0.986393922798                 0                 0    0.986393922798                 0                 0    0.986393922798                 0                 0
                0                 0                 0                 0                 0                 0                 0                 0                 0                 0 6.60177098951e-17    0.581238188598                 0                 0    0.986393922798                 0                 0    0.986393922798                 0                 0    0.986393922798                 0                 0    0.986393922798                 0                 0    0.986393922798                 0                 0
                0                 0                 0                 0                 0                 0                 0                 0                 0                 0 6.64314036403e-17    0.581238188598                 0                 0    0.986393922798                 0                 0    0.986393922798                 0                 0    0.986393922798                 0                 0    0.986393922798                 0                 0    0.986393922798                 0                 0
                0                 0                 0                 0                 0                 0                 0                 0                 0                 0 4.47213455902e-17    0.581238188598                 0                 0    0.986393922798                 0                 0    0.986393922798                 0                 0    0.986393922798                 0                 0    0.986393922798                 0                 0    0.986393922798                 0                 0
                0                 0                 0                 0                 0                 0                 0                 0                 0                 0 6.81785463068e-17    0.581238188598                 0                 0    0.986393922798                 0                 0    0.986393922798                 0                 0    0.986393922798                 0                 0    0.986393922798                 0                 0    0.986393922798                 0                 0
                0                 0                 0                 0                 0                 0                 0                 0                 0                 0 9.11638835803e-17                 0                 0                 0    0.986393922798                 0                 0    0.986393922798                 0                 0    0.986393922798                 0                 0    0.986393922798                 0                 0    0.986393922798                 0                 0
             0              0              0              0              0              0              0              0              0              0              0              0              0              0 0.986393922798              0              0 0.986393922798              0              0 0.986393922798              0              0 0.986393922798              0              0 0.986393922798              0              0
             0              0              0              0              0              0              0              0              0              0              0              0              0              0 0.986393922798              0              0 0.986393922798              0              0 0.986393922798              0              0 0.986393922798              0              0 0.986393922798              0              0
             0              0              0              0              0              0              0              0              0              0              0              0              0              0 0.986393922798              0              0 0.986393922798              0              0 0.986393922798              0              0 0.986393922798              0              0 0.986393922798              0              0
             0              0              0              0              0              0              0              0              0              0              0              0              0              0 0.986393922798              0              0 0.986393922798              0              0 0.986393922798              0              0 0.986393922798              0              0 0.986393922798              0              0
                0                 0                 0                 0                 0                 0                 0                 0                 0                 0                 0                 0 1.06824651223e-16                 0    0.986393922798                 0                 0    0.986393922798                 0                 0    0.986393922798                 0                 0    0.986393922798                 0                 0    0.986393922798                 0                 0
                0                 0                 0                 0                 0                 0                 0                 0                 0                 0                 0                 0 2.13961631677e-16                 0    0.986393922798                 0                 0    0.986393922798                 0                 0    0.986393922798                 0                 0    0.986393922798                 0                 0    0.986393922798                 0                 0
                0                 0                 0                 0                 0                 0                 0                 0                 0                 0                 0                 0 1.07622593054e-16                 0    0.986393922798                 0                 0    0.986393922798                 0                 0    0.986393922798                 0                 0    0.986393922798                 0                 0    0.986393922798                 0                 0
             0              0              0              0              0              0              0              0              0              0              0              0              0              0 0.986393922798              0              0 0.986393922798              0              0 0.986393922798              0              0 0.986393922798              0              0 0.986393922798              0              0
             0              0              0              0              0              0              0              0              0              0              0              0              0              0 0.986393922798              0              0 0.986393922798              0              0 0.986393922798              0              0 0.986393922798              0              0 0.986393922798              0              0
             0              0              0              0              0              0              0              0              0              0              0              0              0              0 0.986393922798              0              0 0.986393922798              0              0 0.986393922798              0              0 0.986393922798              0              0 0.986393922798              0              0
             0              0              0              0              0              0              0              0              0              0              0              0              0              0 0.954638663878              0              0 0.986393922798              0              0 0.986393922798              0              0 0.986393922798              0              0 0.986393922798              0              0
             0              0              0              0              0              0              0              0              0              0              0              0              0              0 0.954638663878              0              0 0.986393922798              0              0 0.986393922798              0              0 0.986393922798              0              0 0.986393922798              0              0
             0              0              0              0              0              0              0              0              0              0              0              0              0              0 0.954638663878              0              0 0.986393922798              0              0 0.986393922798              0              0 0.986393922798              0              0 0.986393922798              0              0
                0                 0                 0                 0                 0                 0                 0                 0                 0                 0                 0                 0                 0 2.12733292026e-16    0.954638663878                 0                 0    0.986393922798                 0                 0    0.986393922798                 0                 0    0.986393922798                 0                 0    0.986393922798                 0                 0
                0                 0                 0                 0                 0                 0                 0                 0                 0                 0                 0                 0                 0 1.06930974964e-16    0.954638663878                 0                 0    0.986393922798                 0                 0    0.986393922798                 0                 0    0.986393922798                 0                 0    0.986393922798                 0                 0
                0                 0                 0                 0                 0                 0                 0                 0                 0                 0                 0                 0                 0 6.61218883982e-17    0.954638663878                 0                 0    0.986393922798                 0                 0    0.986393922798                 0                 0    0.986393922798                 0                 0    0.986393922798                 0                 0
                0                 0                 0                 0                 0                 0                 0                 0                 0                 0                 0                 0                 0 6.56321754685e-17    0.954638663878                 0                 0    0.986393922798                 0                 0    0.986393922798                 0                 0    0.986393922798                 0                 0    0.986393922798                 0                 0
                0                 0                 0                 0                 0                 0                 0                 0                 0                 0                 0                 0                 0 8.64223380962e-17    0.954638663878                 0                 0    0.986393922798                 0                 0    0.986393922798                 0                 0    0.986393922798                 0                 0    0.986393922798                 0                 0
                0                 0                 0                 0                 0                 0                 0                 0                 0                 0                 0                 0                 0 6.42473754686e-17    0.954638663878                 0                 0    0.986393922798                 0                 0    0.986393922798                 0                 0    0.986393922798                 0                 0    0.986393922798                 0                 0
                0                 0                 0                 0                 0                 0                 0                 0                 0                 0                 0                 0                 0 6.40508061895e-17    0.581238188598                 0                 0    0.986393922798                 0                 0    0.986393922798                 0                 0    0.986393922798                 0                 0    0.986393922798                 0                 0
                0                 0                 0                 0                 0                 0                 0                 0                 0                 0                 0                 0                 0 6.42036217727e-17    0.581238188598                 0                 0    0.986393922798                 0                 0    0.986393922798                 0                 0    0.986393922798                 0                 0    0.986393922798                 0                 0
