0.000490406853305  0.00108451357093  0.00234786643482 0.000509265323065 0.000142441514796  0.00294406719278 0.000196439584305  0.00022602597261  0.00297268973332 0.000254017633714 0.000255731892282  0.00298708321785 0.000302506679801 0.000302779734266  0.00299803651158 0.000321775865386  0.00033831934096  0.00300535348541 0.000342463159085 0.000351836118557  0.00301049011948 0.000357310159362 0.000359299181941  0.00301335021959 0.000363653325421 0.000363995555077  0.00301449336787 0.000366361586577 0.000365786911664
0.000526731396292  0.00122223614966  0.00264235178031 0.000467150913052 0.000100952083625  0.00295515868912 0.000120243319772 0.000145442151571  0.00297752933166 0.000172042208009 0.000171369356515   0.0029894114806 0.000208080810632 0.000207834524544  0.00299690843052  0.00022582296812 0.000245465102023  0.00300305372907 0.000248124929196 0.000259163014802   0.0030070451533 0.000275931129615 0.000276870396141   0.0030105670923 0.000291122675509 0.000293443012518  0.00301183349828 0.000301649540472 0.000301208380175
0.000459877802525  0.00119060449352  0.00271478510984 0.000290896953557 0.000100606396442  0.00296402994929 3.33008585491e-05 1.09478480333e-05  0.00298056779017 4.93425308499e-05 5.16189702042e-05  0.00298974377645 0.000115173196988  0.00012156738215  0.00299647546143 0.000139064030674 0.000175597540266  0.00300222424767  0.00017866739653 0.000198850858514  0.00300609301529  0.00021023844068 0.000215623513424  0.00300879942458  0.00022880019651   0.0002267103024  0.00300923885583 0.000234918658625 0.000233598231492
 0.00189230613974  0.00103417120053  0.00259848028743 0.000128207696555 0.000332281565804  0.00298312490726 0.000248920912636 0.000195020738506  0.00299080116441 0.000147050804804 0.000147980991436  0.00299544915784 7.02964842838e-05 6.68276909309e-05  0.00299865707964 3.68130137493e-05  3.3480146506e-05  0.00300160645547 2.40422984761e-05 5.15005872481e-05  0.00300389475615 8.20085425355e-05  9.2490426108e-05  0.00300572502879 0.000102842588581 9.52164037939e-05  0.00300555148735 0.000112099989716 0.000106495793427
  0.0012294080463 0.000965591962245   0.0022684377075 0.000372950767243 0.000639967897987  0.00303905852779 0.000488704352657 0.000434922064503  0.00303183772709 0.000382501943257 0.000381863918453  0.00302776908724 0.000275428616853 0.000275075176171  0.00302221908942 0.000228570330774 0.000173630780718  0.00301852133114 0.000158872461525 0.000127392743789  0.00301655668074 9.27812492851e-05 0.000113804084043  0.00301517735358 9.43791117236e-05 7.03507257462e-05  0.00301377898026 6.52752783641e-05 5.09038214913e-05
 0.00619826276836  0.00089638469084  0.00203490367149 0.000507536783853 0.000875231768032  0.00310393694832 0.000741238377841 0.000674413874173  0.00308493449535 0.000611989868036 0.000609942885558   0.0030702095029 0.000497770450359 0.000500573375101  0.00305909188619 0.000452259812605  0.00038905682618   0.0030471625854 0.000379161688083 0.000349181619147  0.00304005519445 0.000315469411099 0.000330072670074  0.00303773849254 0.000290165104455 0.000282464875735  0.00303258974942 0.000279023117133 0.000273586745903
 0.00274706276066 0.000944182846657  0.00212950931193 0.000580296806827  0.00103319093582  0.00314251984078 0.000943561560925 0.000882805711207  0.00310919474559 0.000835221159689  0.00083507717321   0.0030974384133 0.000733002438843 0.000738417336623  0.00308540052825 0.000687421958882 0.000637818312343  0.00307295986173 0.000623505703162 0.000590100354558  0.00306331727856  0.00055038580346 0.000549320499109  0.00305493292362  0.00052694103927 0.000524591899866  0.00305404526929 0.000509445275469  0.00051036033318
0.000496510408637 0.000562555609001  0.00182163628478 0.000737755406287  0.00119078436317  0.00313215442804  0.00110264409346  0.00106044224548  0.00311877950529  0.00100712681057  0.00100758442847  0.00311889784198 0.000928482731945 0.000921237603724  0.00311377241226  0.00089392197706 0.000859500749263  0.00311178743193 0.000852461732615 0.000833003619528  0.00310661429522 0.000809537827456 0.000818348480374  0.00310174455198 0.000789301568346 0.000786734200554  0.00309634335658 0.000767148303283 0.000767184633658
7.47602968487e-05 0.000346884794827  0.00150616667021  0.00091956637398  0.00149892573967  0.00331816482093  0.00140235312269  0.00135323819715  0.00318638779545  0.00131610279298  0.00131489028267  0.00319049063583  0.00122458979087  0.00122208637066  0.00318471712465   0.0011812707208  0.00112482374022  0.00317010863297   0.0011186189618  0.00107535132449   0.0031578406976  0.00105095903559  0.00103819789355  0.00315130406936  0.00102532521575  0.00101397425959  0.00314904750046  0.00099782469612  0.00101528219549
 5.2214864688e-05 0.000117626179458 0.000929627483725  0.00114341457614   0.0018297388104  0.00348419621071  0.00169984697683  0.00164885295337  0.00328234552958  0.00159060016186  0.00158960580305  0.00328235741902   0.0014888683367  0.00148933644273  0.00327498752386  0.00144726887293  0.00139305837767  0.00325597578018  0.00137424731399  0.00134657107406  0.00323970625297  0.00129590513558  0.00129934407336  0.00322312614723   0.0012499252441  0.00125995839064   0.0032210873199  0.00124874979471   0.0012412945132
 3.0581512432e-05 0.000129208095209 0.000963829166411  0.00121957378694  0.00155355744104  0.00377819361094  0.00164184797785  0.00162164549674   0.0032257212457  0.00158008735496  0.00157681481986  0.00325215298299  0.00152756295663  0.00153016350054  0.00326373825799  0.00149651433674  0.00147320645696  0.00327276186118  0.00147133869274  0.00145639472594   0.0032754383902  0.00144204005917  0.00143731460905  0.00327800343739  0.00143012939491  0.00142304443665  0.00328140057222  0.00141730439006  0.00141528356962
5.67264478576e-05 0.000308487771973 0.000827363187866 0.000529133613626  0.00148510539763  0.00329155791627  0.00182461158466  0.00176451601503  0.00326949593287  0.00174203803805  0.00174472934215  0.00329951783524  0.00168993423388  0.00169327423248  0.00332062839849  0.00166989721789  0.00163810465185   0.0033334474263  0.00164785563007  0.00162173004092  0.00333396109321  0.00163279641977  0.00162785615245  0.00335501954494  0.00163969726478  0.00161964804442  0.00336297679696  0.00164164539641  0.00163858413871
2.34613564668e-05 0.000632614550466  0.00117833620306  0.00112792504004  0.00177000646781  0.00364431697329  0.00204404282369  0.00198819966744  0.00335415557137  0.00194046822461  0.00193804637333  0.00337003236431  0.00187771526799  0.00187120898371  0.00338543400948  0.00185217246224  0.00182821215312  0.00338915175508  0.00181335805683  0.00179198957525   0.0034096247075  0.00176920819209  0.00177672844375  0.00340886478166  0.00176385694108  0.00176221050958  0.00340335366078  0.00175281208079  0.00174315455202
 1.9577990528e-05 0.000643760934053  0.00115478961697 0.000760231606348   0.0016225485012  0.00382992107184  0.00198283316084   0.0019643066601  0.00328503238424  0.00195178650395  0.00194274832678  0.00335045091942  0.00192914273649  0.00192572728564  0.00339473168914  0.00191607836224  0.00190688416742  0.00341761656144  0.00189309634907  0.00190340293211  0.00343296354589  0.00189515377837  0.00189546249019  0.00344833360681   0.0018965469571   0.0019126072507  0.00346299953642  0.00189041377775  0.00190500501401
2.04874677326e-05 0.000645735800916  0.00125405944291 0.000957394750334  0.00177221242037  0.00356638328232  0.00211146371836  0.00208371602917   0.0033441673024   0.0020604364886  0.00206117373034  0.00337948670659  0.00202072843142  0.00202290795513    0.003411965093  0.00200375702127  0.00199755756114  0.00345127409661  0.00200359269583  0.00198836232055  0.00346209517986  0.00197770745262  0.00197905613618  0.00346365574164  0.00194300580298  0.00195437992702  0.00348323410421  0.00195708389603  0.00194839169593
3.31957389462e-05 0.000598283608338  0.00123562798066 0.000924976095091  0.00184743853521  0.00384021203019  0.00245353581478  0.00249756945549  0.00354965253734  0.00246570776537  0.00246304314083  0.00360804646362  0.00241698743052  0.00241358049451  0.00363070135333  0.00238955767506   0.0023596536405  0.00363447094097  0.00233822065094   0.0023233310282  0.00364508200392  0.00231752511999  0.00229903058374   0.0036700901604  0.00232567199464  0.00231058977234  0.00366181800028  0.00230389888462   0.0022897300281
3.75517102938e-05  0.00025789961411 0.000487231619664 0.000729506869392  0.00159465019381  0.00363781319502   0.0022008036169  0.00219957089197  0.00332179018543  0.00219950329381  0.00219050673496  0.00339023456642  0.00221474024221  0.00220285608427  0.00346261814412  0.00222117598792  0.00223931059035  0.00353837364585  0.00226148501356   0.0022758822833  0.00358942957102  0.00227945023161  0.00229934757745  0.00360833185566  0.00228647307821  0.00228502839804  0.00363860812117  0.00229413618027  0.00230883942471
0.000135646325653 0.000310967944982 0.000711312859315  0.00115250480782  0.00189781489726   0.0048031890976   0.0027748122217  0.00209201142668  0.00314412825987  0.00193804213804  0.00193730613701  0.00319440114976  0.00189741067798  0.00189318822986  0.00323908495689  0.00186834004691  0.00185971427819  0.00326866299883  0.00184487648589  0.00184465552548  0.00330102112585  0.00184719502145  0.00183355455167  0.00334273119697  0.00184078042366  0.00182612980902  0.00335140632257  0.00183251913098  0.00183019367524
1.29174743949e-05 0.000137802315092 0.000388393463776 0.000785516774387  0.00184135717999  0.00384834920665   0.0025154452364  0.00247293819641  0.00344853301666   0.0025043320689  0.00250448036552  0.00354396168177  0.00253325872601  0.00253354579117  0.00362955403895  0.00254314881708  0.00256541925725   0.0036919075109  0.00255599882286  0.00255850834317  0.00374639172735  0.00254952454383  0.00255990931707  0.00375664051904  0.00255293899666  0.00258117369667  0.00378698163561  0.00254407686028  0.00256263899439
2.25455017485e-05 0.000164036077936 0.000450985774558  0.00130667978662  0.00244928884653  0.00393423379623  0.00313637795255   0.0030887269158  0.00388314081809  0.00305622724971  0.00303716365157  0.00389148878565  0.00296047558933  0.00297027506131   0.0039043853396  0.00292974108102  0.00288837488479  0.00391491983833  0.00288267753686  0.00285670478635   0.0039051237753   0.0028473010437  0.00284138274287  0.00391775948985  0.00281958741123  0.00281475925203  0.00392833392635  0.00284280506295   0.0028146914976
 2.2991992638e-05 0.000105636361176 0.000472378748084  0.00108874442408  0.00232152099183  0.00396308446028   0.0030036153206  0.00291568983458  0.00374363610151  0.00284267992967  0.00282966789477  0.00369943287636  0.00281098215263  0.00280036313189   0.0037578955342  0.00281106174271   0.0027998922427  0.00380991406948  0.00280106526498  0.00279966995035  0.00385251782707  0.00279821561355  0.00279970522814  0.00387792783771  0.00280680063616  0.00278885065035  0.00388913316627  0.00278657791278  0.00278275017365
5.42164308133e-05 0.000198686759643 0.000578981742956  0.00114283996583  0.00142132887976  0.00352742263748  0.00295058516318   0.0029558203132  0.00374653514769  0.00295493457896  0.00294963747694  0.00376143773256  0.00293675428329  0.00292626563197  0.00381362610155  0.00291270312015  0.00289812341609  0.00385344029842   0.0028739070814   0.0028869426728  0.00387259535984  0.00286500704079  0.00285308156144  0.00388695998328  0.00285209007562  0.00284815639095      0.0039156451  0.00284228800798  0.00284350359215
4.33004083648e-05 0.000271606143706 0.000709277101693  0.00106611059273  0.00126951112138  0.00315874751967  0.00275097674677  0.00277323907057  0.00352275305038  0.00276754191505  0.00276292834482  0.00358627952092  0.00274250319371  0.00273744897851  0.00364838375251  0.00272229708894  0.00273797241288  0.00368514509847  0.00273406629547  0.00273068577356  0.00374948555911  0.00275154136384  0.00274236586558  0.00380149654112  0.00274875115228  0.00274668593962   0.0038225658037  0.00273066353455  0.00274646041405
7.59890472309e-05 0.000265703031179 0.000726437339845  0.00107031582299  0.00134923737459  0.00276145651578   0.0026030204729  0.00258398102682  0.00326932756985  0.00256147724522  0.00255624314596  0.00340082678472  0.00254732934947  0.00255534975088  0.00346452702267  0.00254728746191  0.00254074786502   0.0035445885492  0.00254469158323   0.0025346659341  0.00357859410523  0.00252228128241  0.00253472442046  0.00360349641912  0.00249335945653  0.00250960231274  0.00362153448966  0.00250621465968  0.00249775930103
3.00378978788e-05   0.0003248960282 0.000901152424425  0.00121930562832  0.00146209463308  0.00246189761788  0.00247670457005  0.00242180934293  0.00309157180536  0.00237732418964  0.00236708943752  0.00323862436978  0.00237145707927  0.00234521205072  0.00330270016221  0.00233797713918  0.00233351538542  0.00335867389903  0.00232510944899  0.00231982268435  0.00340814758342  0.00230512443195  0.00230539217054  0.00344013760706  0.00232422097587  0.00231368758787  0.00348340152504  0.00231447434543  0.00230768518464
9.36789993992e-05 0.000234048389664 0.000491119336399  0.00111411545269 0.000985650056928  0.00311800389139  0.00250819941089   0.0023433846525  0.00315364538428  0.00219598644495  0.00219382318257  0.00308257790684  0.00217625439296  0.00218552177721   0.0031672146294  0.00216030943386  0.00215414010906  0.00321395432156  0.00213636203067   0.0021199578694  0.00326268881841  0.00212940723492  0.00210998896124  0.00331358075188  0.00212720751505  0.00211476184391  0.00333009690805  0.00212138588921  0.00211393783355
2.93640402548e-05 0.000217537315822 0.000498597071895 0.000835928913659 0.000566286421859  0.00294780943674  0.00238120623014  0.00238146895596  0.00324873068126  0.00234896551234  0.00234178357364  0.00318180375893  0.00235491663796  0.00234360417925  0.00326699019804  0.00237526580585  0.00238770122726  0.00335842759329  0.00237072347348  0.00239042137602  0.00340975285393  0.00236977641144  0.00238753875441  0.00345383105586  0.00237470930094  0.00238108418868  0.00348670192842  0.00237930897557  0.00237882217026
7.35845232685e-05 0.000129853775052 0.000116104114268 0.000282572575014 0.000743178058589  0.00287846277994   0.0024468174911  0.00253132083853  0.00335900482384  0.00225449344576  0.00224941736225  0.00306345473561  0.00216855340541  0.00216041955182  0.00309719234418   0.0020997092299  0.00206259464287  0.00313967442295  0.00206858872904  0.00203993354624  0.00316456095676  0.00203521483688  0.00201107638407  0.00318411895634  0.00198953968099  0.00198164765406  0.00321444244969  0.00196464782753  0.00195780371209
1.29304862488e-05 9.51229180459e-05 0.000444678815909 0.000817219617413  0.00161570366686  0.00287079431647  0.00300339874985   0.0030694089111  0.00388476283307  0.00302531262162    0.003015805278  0.00365150391627  0.00297495837335  0.00296176355594  0.00368630087366  0.00292385644026   0.0029057503483  0.00368892979192  0.00287525711069  0.00286140690883  0.00372648751791  0.00283601428072  0.00282802904407  0.00375934518139  0.00283067017276  0.00282799401699  0.00377331469878   0.0028143493531  0.00281059304164
5.21968838524e-05 0.000150109854556 0.000552853077829 0.000919356527886  0.00158712269197  0.00290832054035  0.00296630618872  0.00337826065924  0.00408821195902  0.00339643530937  0.00339069170689  0.00397073563104  0.00339930796147  0.00340580419826  0.00404333568988  0.00342418637993  0.00341576198267  0.00410982438482  0.00342648039001  0.00343014850117  0.00416172452599  0.00343246208508  0.00344535616232   0.0042005977026  0.00342569057828  0.00341812574796   0.0042379023564  0.00342871639914  0.00342789545909
3.50536678275e-05 0.000220112908603 0.000605790765892 0.000913591476654  0.00134141668083   0.0023510756214  0.00257540399468   0.0029915502017  0.00367166988815   0.0030251074414  0.00302222461785  0.00362436998536  0.00302321095048  0.00300714385866  0.00367242588357  0.00299576847598  0.00299158049509  0.00373318753063  0.00298592630529   0.0029789883168  0.00376239120888  0.00295853255226  0.00294910968488  0.00378812642715  0.00294570314747  0.00294666350004  0.00381177769223   0.0029265874569  0.00292638458736
2.09012184458e-05 0.000144316255579 0.000588431566664 0.000976028988109  0.00124190768355    0.002080264137  0.00253436468271  0.00283235974962  0.00334410243554  0.00283249168562  0.00283594374744  0.00345238992943  0.00283331573699  0.00282331775393  0.00352488627958   0.0028269941901   0.0028288788731  0.00357820105672  0.00280684824427  0.00281183432304  0.00362704383539  0.00280947639632   0.0028080119371  0.00365093725944  0.00279279047399  0.00278473929336  0.00368694086863  0.00278755170688  0.00277853417439
4.48907916443e-05 0.000241024284478 0.000777718728021   0.0011505608628  0.00137545715341  0.00203728209493  0.00268757697653  0.00284249843276  0.00306585506238  0.00275500931842  0.00274742050598  0.00337418824765  0.00278595247138  0.00279194841581   0.0034474841386  0.00277793349493   0.0027872175328  0.00351999289724  0.00279204542856  0.00278097899423  0.00359208278477   0.0027819150614  0.00277366604364  0.00364552438617  0.00277335421905   0.0027687273143   0.0036781744259  0.00274879884916  0.00275375978035
4.97252635823e-06 0.000161936578508 0.000555075991941 0.000901974939819  0.00101072554149  0.00128735718905  0.00202360087706  0.00235074816289  0.00299626866696  0.00236791291983  0.00235952454655  0.00302618762569  0.00233058392425  0.00232855282044  0.00308780928614  0.00231409708641  0.00231664749754  0.00315225904265  0.00230107245978  0.00229521875313  0.00319430512988   0.0022931742802  0.00228928147584  0.00323411189315  0.00226583769157  0.00227517646538  0.00327110224235  0.00227111859245  0.00226832312296
3.26366908688e-05 0.000174002866445 0.000444535744621 0.000724726960443 0.000945289972362 0.000382306341036   0.0015190857461  0.00251024141772  0.00377222923771  0.00229887572673  0.00226093916688  0.00294890226132  0.00226487871065  0.00224250931313  0.00300634465467  0.00223474638211   0.0022315686837  0.00306649332227  0.00221257253127  0.00220997018047  0.00312551095526  0.00220367804552  0.00219621558443   0.0031897458564  0.00221991473209  0.00220691815451  0.00322003483404  0.00221139179165  0.00220254678492
6.43874709075e-05 0.000111085523636 0.000227075011333 0.000515747391715 0.000787556752498 0.000155629688881  0.00166383531251  0.00262475880635  0.00401831762076  0.00243764178089  0.00241154884581  0.00305394285054  0.00240091873235   0.0024104063735  0.00311563514852  0.00240732400985  0.00240859750689  0.00319564541508   0.0024116757381  0.00241494771399   0.0032637213494  0.00239808577381  0.00241371355008   0.0033026374042  0.00239167047591  0.00239434679446  0.00335482098941  0.00238831624267  0.00240366720781
3.34749669742e-05 9.59867064538e-05 0.000343496742526 0.000691814195223 0.000924593754481  0.00146837486454  0.00244621768869  0.00265062945971  0.00370634331822  0.00265766453996  0.00263152353107  0.00318091830561  0.00250886581728  0.00250168170342  0.00316519026524  0.00244371974686  0.00238828822066  0.00315843967659  0.00235649990921  0.00233490221509   0.0031586778759  0.00227719673813  0.00227060751308  0.00318894881488  0.00224349608796  0.00222927107652   0.0032216374198  0.00223368062339  0.00221888906182
1.24449789457e-05 0.000101399267278 0.000478837880499  0.00083291353565 0.000963557205952  0.00145447257961  0.00281320142561  0.00302011627736  0.00446580760309  0.00348124208872  0.00345751914929  0.00391749943234  0.00347264249886  0.00346229598567  0.00397290206767  0.00346645617635  0.00347366846283  0.00403483523725  0.00348088342993  0.00349245924288  0.00410432683353  0.00351220722308   0.0035054596941  0.00413879322526  0.00349655759915  0.00351423849803  0.00417318368772  0.00348619539066  0.00349845373468
1.38814029797e-05 0.000123859345885   0.0004680568979 0.000802130901949 0.000917087174191  0.00122619904131  0.00141070555663  0.00260025045778  0.00377969171631  0.00305302027192  0.00306541349907  0.00357886006432  0.00307616274156  0.00306684916963  0.00360379724117   0.0030542624922  0.00304018945876  0.00365192633185  0.00301833388166   0.0029838106691  0.00365415197081  0.00297241520542  0.00296021724326  0.00367730720549  0.00294889569187  0.00293884161673  0.00370501311303  0.00293371157541  0.00291710661157
3.37374211617e-05 0.000161658195771 0.000537169008925 0.000876362273244  0.00106924278382  0.00153430697915  0.00174393561086  0.00287741067423  0.00362049986879  0.00318444014172  0.00318646572572  0.00368614034914  0.00318229534579   0.0031855943352  0.00368638304855  0.00315093421602  0.00311853737749  0.00368172361681  0.00310175982099  0.00309861513349  0.00372944305702   0.0030781574164  0.00307655992773  0.00375850646192  0.00305365899797  0.00305346082184  0.00376835438972  0.00304420190931  0.00303798735626
6.42213609101e-05 0.000294454480868 0.000991198237766  0.00147038214413  0.00161019345972  0.00185940979606  0.00215713717345  0.00310802842375  0.00303429746919  0.00297604604931  0.00287212881837  0.00331665699708  0.00284183138583  0.00283210078697  0.00339209660402  0.00284401312462  0.00287358521682   0.0034745480871  0.00286776953358  0.00287399552015  0.00353664435222  0.00288340932193  0.00287009886019  0.00360275444713  0.00289898131106   0.0028766209233  0.00364002265917  0.00286928290495  0.00286858322045
8.33927544442e-06 0.000177048843662 0.000550221286523 0.000898692682672  0.00118834674262 0.000975664090706  0.00118550110666  0.00200433989054  0.00309136993077  0.00246621199692  0.00247470115076   0.0030473757149  0.00251898343029  0.00251811405251  0.00311657386588  0.00253090122249  0.00253933141755  0.00318543307896  0.00254238274759  0.00255570285647  0.00325715776735  0.00254052997454  0.00254501303843  0.00330355109709  0.00252822541823  0.00254106860479  0.00334172698499  0.00254456125677  0.00254178339494
4.32601672693e-05 7.19517831005e-05 0.000214064303107 0.000539189783882  0.00061240282288 0.000742864692741 0.000245433698298  0.00158656084086  0.00397495974879   0.0024893854832  0.00234348989591  0.00292990839535  0.00235640643791   0.0023470066306  0.00296164157502  0.00235329234917  0.00235620938994  0.00302659039783  0.00232782055007  0.00232974643287  0.00308122073989  0.00234646075211  0.00233579961434  0.00313020273048  0.00233787308619  0.00232601689584  0.00318537927042   0.0023033485703  0.00231030784135
2.66063271157e-05  6.6594309468e-05 0.000271960651147 0.000589489825996 0.000737314157552 0.000858641040697 0.000137750669789  0.00166640236738  0.00394987615894  0.00260741683631  0.00243798760478  0.00300836989364  0.00247286484463  0.00249120260741  0.00306643436939  0.00248514515739  0.00249607849798  0.00313993367988  0.00250170758178  0.00249608395687  0.00319647285438  0.00248052329274   0.0024780308914  0.00324359798262  0.00246710912879  0.00246559215722  0.00326951123204  0.00247104842382  0.00246264805169
1.17785866407e-05 0.000126333720517 0.000369984853155 0.000674525969976 0.000764803183458 0.000752050622769  0.00130699974814  0.00230657235628  0.00362292582194   0.0028118493126  0.00277764869247  0.00333062185183  0.00261703141791  0.00260907265358  0.00314777448388  0.00255472208443  0.00249186472152  0.00312090841099  0.00248479615873  0.00244952671393  0.00313238050127  0.00243570710866  0.00243206020128   0.0031761826626  0.00240991860451  0.00239455328709  0.00320654990419  0.00238100084626  0.00237090291828
1.40892903541e-05  0.00014837907389 0.000523212829716 0.000878119345549  0.00105161298052  0.00113906887933  0.00166906335957  0.00295915965907  0.00378012696685  0.00330481522182  0.00332603724524  0.00380288797883  0.00330196305111  0.00330432824987  0.00374625508779  0.00328691675153  0.00329532551363  0.00377868942327  0.00327090266253  0.00326369873875  0.00379961336398  0.00322617089945  0.00322408986964  0.00380444867241  0.00321537778812  0.00321893541352  0.00385714075788  0.00321038488422  0.00321056482937
3.00624147567e-05  0.00020561170541 0.000621930398963 0.000952516301696   0.0010808227404  0.00117543496786  0.00163982429443  0.00188558703497  0.00359043488256  0.00331191189302  0.00334319557749  0.00379389178702   0.0033430604283   0.0033489464937  0.00378028086399   0.0033420260478  0.00331400916838  0.00380004072401  0.00329297351756  0.00330661461587  0.00383074194691  0.00329965367122  0.00330421740749  0.00388047703009  0.00330030394627  0.00329059940953  0.00389676964406  0.00328394619651  0.00328513985811
6.59712550313e-06 0.000101181844207 0.000506297891034  0.00093286429253  0.00103452440949  0.00103388882022 0.000880172737171  0.00117628279674  0.00322796992873  0.00292373787354  0.00295673853302  0.00348260473072  0.00304054964272  0.00303798042282  0.00349449847995  0.00304964364723  0.00307787042782  0.00356217847683  0.00309251511915  0.00307948016254   0.0036302541102  0.00309599452174  0.00307908479985  0.00366861254077   0.0030805723635  0.00308688762797  0.00370256652004  0.00308764561047  0.00307121339197
3.12580919598e-05 0.000240171087229 0.000697068479976  0.00103507012031  0.00119474439769  0.00120963155247  0.00132700812747  0.00164969195048  0.00275770597402   0.0028665158085  0.00281603786532  0.00318669303458  0.00277488872256  0.00277271123293  0.00325288654743  0.00275932140876  0.00274749557069  0.00328434573235  0.00274099686022  0.00272946029622  0.00332122475707  0.00272747795199  0.00272374654518  0.00335369125958  0.00270375042779  0.00270764781882  0.00340736084208  0.00269712490321  0.00270030940081
3.38127244269e-05 0.000236838274086 0.000796986716248   0.0012021526759  0.00137850289367  0.00141168410848  0.00138388729984  0.00180296394018  0.00254504751659  0.00284563858397  0.00275013103985  0.00308023340439  0.00272127599688  0.00272082860103  0.00321095125396  0.00273442682204   0.0027497956027  0.00326675818618  0.00272259563915  0.00273175929913  0.00329507099321  0.00270900764804   0.0027067500439  0.00334567634204  0.00271878218475  0.00269705660544  0.00336874088691  0.00269256697764  0.00269159702245
2.07140170639e-05 0.000103162020702 0.000321630684985 0.000653011749096 0.000731051084212 0.000687066638539  0.00067604538869 0.000961120367105  0.00294133160081  0.00251946315885  0.00250387919563  0.00313379516946   0.0024327879786  0.00242527368559  0.00295473341168  0.00242896513597  0.00241361418904  0.00298039478765  0.00242259051551  0.00241482821727  0.00304236274575  0.00240864008987  0.00240399282915  0.00308076129051   0.0023884064264   0.0023765575338  0.00311524276279  0.00237288568892  0.00236467510591
3.11476177859e-05 5.76707310261e-05 0.000239248681757 0.000576270953203 0.000659939365138 0.000728854611694 0.000964314840342 0.000182520290239  0.00287226390069  0.00254197747527  0.00252315624255  0.00314241507601   0.0023912316636  0.00238759374578  0.00292892354865  0.00240269895115  0.00243335368359  0.00298981446285  0.00242163456765   0.0024300789098  0.00305534694631  0.00243200197019  0.00243670635162  0.00310684566266   0.0024434942506  0.00244451239316  0.00316101244709  0.00243223743847   0.0024437502772
2.34122563319e-05 0.000119295108503 0.000434733561434 0.000754510930572 0.000849172761023 0.000783872279446 0.000783764701031  0.00104540537174  0.00264166901999  0.00248532317345    0.002672139518  0.00329112346437  0.00248651279776  0.00247876507783  0.00298892637557  0.00244820730102  0.00240582876876  0.00296825687297  0.00239217419776  0.00236120192432  0.00296973391454  0.00233299930531  0.00231393827554   0.0029912174188   0.0022936861086   0.0022961419322  0.00301873151341  0.00228091100129  0.00226917428192
1.66392407156e-05 0.000143063545684  0.00048704850107 0.000823925470266 0.000945016028206 0.000966580440707  0.00100297394898  0.00156232692836  0.00285519811306  0.00315128528563   0.0032877725999  0.00392048699318  0.00327261400194  0.00328107761849  0.00367016996041  0.00326758455042  0.00325505553505  0.00368638638621  0.00324820612002  0.00324508268566  0.00370323405007   0.0032418868196  0.00324085302486  0.00373253808139  0.00320569797427   0.0032105674406  0.00375921728885  0.00320856063158  0.00319712851568
  4.452275207e-06 0.000140491356886 0.000448204934235 0.000758777170235 0.000855564130449 0.000795927490225 0.000757157598952  0.00110099099225  0.00245131067756  0.00259447956722  0.00309714806918  0.00381083387697  0.00311832788018  0.00312067390301  0.00353102885194  0.00312341034652  0.00311328811695  0.00354883496559  0.00310850949143  0.00311398607638  0.00358572233434  0.00309299793424  0.00308257966949  0.00362304258937  0.00309258777377  0.00307430311484  0.00364869981948  0.00306188802834  0.00305906033055
1.61639858638e-05  0.00014935706545 0.000640127346409  0.00108242134574  0.00116934708457   0.0011783920315   0.0012171480505  0.00162854617535  0.00247276159428  0.00290082112323  0.00315718674806  0.00349310627213  0.00314577459257  0.00314789124418  0.00355613431969  0.00314332324593  0.00314311501063  0.00355877847308   0.0031197331439  0.00312295564774  0.00359065687206    0.003116377011  0.00311220056372  0.00360963790621  0.00310982122316  0.00310464731198  0.00364100123469  0.00309327620712     0.00310448292
2.64277193338e-05 0.000197351472983 0.000628828473137 0.000933228741269  0.00108473231312  0.00113288454791  0.00108849705904  0.00134322362934   0.0021692389084  0.00282227550644  0.00308485391969  0.00349044028745  0.00319027130002  0.00318434944941  0.00358835415432  0.00318289876898  0.00317220055239  0.00359009738318  0.00316991577787  0.00315263871428  0.00360613702765  0.00314826353114  0.00314889432612  0.00364096216553  0.00312426739171  0.00311636789785  0.00366115470223  0.00311795173996  0.00309911491888
3.86832992441e-05 0.000260244034808 0.000896894018978  0.00140844602803  0.00160085139787  0.00160476643466  0.00152758460689  0.00159530514337  0.00212973897518  0.00292550695776  0.00291592632312  0.00285233950377  0.00257962218333  0.00258672457583  0.00305382240709  0.00259299483171  0.00261597807799  0.00309212809027  0.00261234343822  0.00260602859935  0.00313711607148  0.00261040661091  0.00260402882507  0.00316763159114  0.00258730650244  0.00261181061245   0.0032156206013  0.00260553365123  0.00259740021216
8.01775346365e-06 0.000121695667195 0.000400257929863 0.000742999193017 0.000867291913272  0.00092813872117   0.0010935801413 0.000860909617052 0.000670178378343  0.00181150944769  0.00252333965615  0.00338174865946  0.00259972286635  0.00261022088251  0.00309167655055  0.00265959393219  0.00268179513499  0.00315821380203  0.00269165128412   0.0027035060412  0.00320608820164   0.0026951551704  0.00270017515462  0.00324856716726  0.00270094406292  0.00267081493591  0.00326923468601  0.00265002924834  0.00265762864493
2.81035049897e-05 0.000104354358546 0.000281906286863 0.000593793174125 0.000618653343369 0.000508661644973 0.000681716778629 0.000856493483663  0.00027070376853  0.00143702219007   0.0024960706969  0.00371883939495  0.00224880863423  0.00221556041746  0.00274710664167  0.00221251796519  0.00220457420046   0.0027505453167  0.00220088565403  0.00220353893254  0.00277563589976  0.00218684253065  0.00217746318821  0.00280647802635  0.00216626459426  0.00217295199482  0.00285347129414   0.0021718582789  0.00216434095896
5.06409006669e-05 5.50381845533e-05  0.00023237912035 0.000498909464824 0.000473512140948 0.000356875989142 0.000320053415376 0.000330460732593   0.0006112752331  0.00142875273031  0.00230254634429  0.00400884130557  0.00221328662687  0.00215176114713  0.00269099827865  0.00211693487458  0.00206617059999  0.00263311719956  0.00203399095572  0.00199260238456  0.00262093013561  0.00197821910361  0.00198069827308   0.0026569538906  0.00197101541362  0.00195048730018  0.00268875034786  0.00193730296869  0.00194041268323
2.27215717488e-05 0.000164123940324 0.000625229972972  0.00102637729719  0.00115785778796   0.0012031104281  0.00122895918517  0.00122731855079  0.00176991922255  0.00306822798225  0.00329512020788  0.00406280458762  0.00331408171119  0.00331260980578  0.00371683792438  0.00332391104825    0.003352098219  0.00372632796054  0.00335068427058  0.00336039294846  0.00375251030587   0.0033538372522  0.00334297277077  0.00377680447805  0.00331550154103  0.00333341143071  0.00379928484019  0.00332709666866   0.0033126015761
9.52697020351e-06 0.000160295851036 0.000582524506507 0.000960533268252  0.00107334564797  0.00106218627121  0.00107296914932  0.00114536248409  0.00168972949311  0.00195871731726  0.00313220171123  0.00414091742481  0.00352232895315  0.00354728203662  0.00389939914512  0.00355582532082  0.00352181380172  0.00388191371055  0.00352170255634  0.00351239655369  0.00389044898142  0.00348101988793  0.00348354762722  0.00390617472773  0.00349281096094  0.00347820460914  0.00392214466886  0.00346608104256  0.00346146287099
1.05657825784e-05 0.000143025387059 0.000512593800375 0.000857889690478 0.000986152216098  0.00102817467865  0.00101800321265  0.00107112772644   0.0013953563397  0.00168467111902   0.0029131566713   0.0040166052735  0.00349987025536  0.00352692259813  0.00388038138756   0.0035250369865  0.00352995037134  0.00387389670767  0.00353040401028   0.0035106676737  0.00390101675942  0.00352689061266   0.0035171042792  0.00389818714132  0.00350238318241  0.00350315830928  0.00394540398806  0.00349401885146   0.0034878389364
2.86931074876e-05 0.000238801108979 0.000761537768893  0.00113689389981  0.00136208351277    0.001407820611  0.00139060730375  0.00129899667045  0.00104060045944  0.00135235132343  0.00242175042813  0.00324803260455  0.00274034981155  0.00274071589874  0.00318704740113  0.00276334446225   0.0028111130499  0.00324446831594  0.00281766066034  0.00283632792373   0.0032678111073  0.00284402111004  0.00284121169752  0.00332659765672  0.00284075205896  0.00283821678145  0.00333844832806  0.00283266702964  0.00282813860231
3.80341020532e-05 0.000199380243519 0.000647492185388  0.00105741798945  0.00121748220833  0.00125114706716  0.00122282639283  0.00119353089132  0.00110671499874  0.00151311711701  0.00254651303852  0.00293153458748  0.00268155310757  0.00263395197629  0.00309511113017  0.00264553612483  0.00264353716087  0.00309200594835  0.00264635656796  0.00266254497566  0.00312010689704  0.00263554103895  0.00264081876844  0.00314207005463  0.00263084441051  0.00262706440402  0.00317891251528  0.00261620811452  0.00262159892631
 2.8826489042e-05 0.000182442783008 0.000535588067188 0.000847894903479  0.00098881874361  0.00098823713691 0.000945446528149 0.000931681930808  0.00092042557048  0.00135049948345  0.00219557571257  0.00317933419118  0.00251894708641  0.00254020036255   0.0030339729763  0.00257269474631  0.00257395339721  0.00301741817331  0.00256348345849  0.00254293572695  0.00303471952984  0.00255363749292   0.0025476061974  0.00305798379437  0.00253913558849  0.00254207956419  0.00309045360818  0.00254084492452  0.00253960187576
3.88874286706e-05 0.000137903514885 0.000347247296956 0.000650120676243 0.000726920941027  0.00065630329003 0.000724727084125 0.000837923313657  0.00104699650197 0.000250225657965  0.00149373087329  0.00426682638658  0.00271291950309  0.00246175563123  0.00292780763665  0.00245199896824   0.0024790302675  0.00294501278268  0.00248016184066  0.00250079150966  0.00296771409174  0.00248937589991  0.00248178053859  0.00300101211054    0.002491861558  0.00248045286853  0.00302804886546  0.00245787413484  0.00245999602607
2.74822842448e-05 0.000129118213059 0.000342101232422 0.000669285986251 0.000779746833506 0.000710596083358 0.000776945928127 0.000857988849984  0.00102941141783 0.000445592910299   0.0012369553295  0.00387242500708  0.00254739535165  0.00212533639486  0.00264840280799  0.00207181259329  0.00207681407354  0.00261086610075  0.00208046735904  0.00207815251389  0.00262423066661  0.00207313796182  0.00207260765224  0.00266028116565  0.00206467101434  0.00205869168237    0.002687303647  0.00204895006577  0.00204325700211
5.50524314647e-05 9.33760578436e-05  0.00018270144993 0.000487711820576  0.00051236404644 0.000396823641714 0.000358813432108 0.000287769438112 0.000250192722891  0.00101534816861  0.00188197875569  0.00382878993555  0.00288693400564  0.00279343080021  0.00334667056221  0.00264400466793  0.00256966948783  0.00302036760114  0.00256017084968   0.0025103218939  0.00296930986121  0.00245593502102  0.00245592760752  0.00293642087636  0.00240781330099  0.00240168155133  0.00295885629656  0.00239875043802  0.00238693025849
   4.05573594e-05 0.000226703255636 0.000642510852374 0.000985270183756  0.00111800071231  0.00112173614771  0.00110785229702  0.00105853376654  0.00103205118108  0.00147650196143  0.00289053078953  0.00367282681418  0.00319228631527  0.00323177922136  0.00367697604441  0.00321169047301  0.00323198956168  0.00360382759428  0.00323152653716  0.00324197080867  0.00362676209027  0.00327292476307  0.00325802326229  0.00369457157593  0.00327898361065  0.00326721858425   0.0037124962811   0.0032732369138  0.00326797737197
3.39056899233e-05 0.000215693764031 0.000788441001457  0.00127251304974   0.0014095441484  0.00142890969462   0.0013749981955  0.00141373607579  0.00147460592122   0.0019712883676  0.00230617380053  0.00390275967068  0.00382812119153  0.00386398668402  0.00420300828685  0.00389990817208  0.00390027432045  0.00420865334648  0.00391288409993  0.00392274335433  0.00423283740886  0.00392094203083  0.00392451439636  0.00424112993335  0.00391624253096   0.0039266849481  0.00426953768071  0.00391229711544  0.00390849438885
3.80717649697e-05 0.000241333405655 0.000794779102317   0.0012133895442  0.00138651674345  0.00141006135393  0.00134342211145  0.00141150431319  0.00150529772556   0.0019608634013   0.0022745728944  0.00334197270176  0.00361269983273  0.00357544522322  0.00376771927979  0.00354008016415  0.00355067394563  0.00388648656457  0.00354514236136  0.00353641505418  0.00386886036373   0.0035070574282  0.00350967967062  0.00386600445302  0.00349235827461  0.00346543448532  0.00386194347938  0.00346001029166  0.00345849422784
2.99003392864e-05 0.000257994769668 0.000804868845613  0.00125492093642  0.00146505548109  0.00152808144188  0.00148696030544  0.00147030339748  0.00141482872559  0.00138275270477  0.00180372231831  0.00286710031938  0.00306225171112   0.0030193451484  0.00343233150945   0.0030474490304  0.00307674145447  0.00344723171157  0.00308654356274  0.00310547654338  0.00347897976382  0.00311244086785  0.00311364077381  0.00351186865324  0.00310698260127  0.00313777629563  0.00354715109303  0.00313529221736  0.00313295100652
1.20212927995e-05 0.000165105835227 0.000495786251612 0.000830410313777 0.000973234992395 0.000997776348166  0.00102280693524  0.00104433521844  0.00112054673594 0.000779014952243  0.00117035814696  0.00221393096337  0.00208835749193  0.00208086805592   0.0026821979223  0.00209321728948  0.00211772840022  0.00262475734934  0.00211614509449  0.00211514899877  0.00264698574612  0.00214466752594  0.00211787477831  0.00266573919812  0.00214054528136  0.00210659569081  0.00268851494738  0.00210505810811  0.00209690463531
1.58036704041e-05 0.000146903769875 0.000419068437982 0.000722151737681 0.000823039740082 0.000792914557167  0.00083048243899 0.000857698534455 0.000934266545076  0.00099322208504 0.000217497819539  0.00298267861935  0.00268288757503  0.00264185715572  0.00323606527165  0.00248704988066   0.0025230331859  0.00296963094657  0.00254139681175   0.0025592326298  0.00299104980633  0.00256777915135  0.00257238085861  0.00304125970664  0.00257604386997  0.00259557576895   0.0030753789513  0.00259687961465  0.00259474869358
5.51114821012e-05 5.33392015913e-05 0.000264311063706 0.000590033974781 0.000732001745107 0.000621115113472 0.000493003418048 0.000416246497707 0.000618974256748 0.000989683235467 0.000634535569134  0.00272138503954  0.00252046760769  0.00272261037681  0.00308505318887   0.0020013819403  0.00201404748355   0.0025676641218  0.00203293013293  0.00204001991393   0.0025719045861  0.00202331375235  0.00203335144049  0.00257266890892  0.00202953820751  0.00202298191183  0.00261614832965  0.00200664958599  0.00201638697517
4.66832077128e-05 5.76847433339e-05 0.000168364390625 0.000463021093379 0.000499414641869 0.000344263818535 0.000284520831029 0.000230399813452 0.000237831267054 0.000258471906449 0.000968156418256   0.0024350170442  0.00241730971427  0.00276415819834  0.00370115193084  0.00250069466722  0.00242936216865  0.00291044712628   0.0024240351617  0.00238516246691   0.0028197577381  0.00235087657627  0.00234344898974  0.00279253372596  0.00229153903318  0.00229011758298  0.00279917521335  0.00226385006788  0.00224754340932
4.60312584534e-05 0.000218944827972 0.000683049866043  0.00103630821329  0.00117666540943   0.0011799561565  0.00113910968566  0.00106169086971  0.00100180762234 0.000907813890441  0.00125554945073  0.00272353822826  0.00280589874619  0.00328024924104  0.00390503298083  0.00331837547752  0.00332131340341  0.00367865063711   0.0033174242536  0.00334316974094  0.00370850684517  0.00336151754855  0.00335978826845    0.003737848437  0.00337429583686  0.00337487813382  0.00375128789603  0.00338056217659  0.00337649440119
3.97747199158e-05 0.000203324456806 0.000620017029281 0.000973922052994  0.00109809235528  0.00110140678459    0.001075696352  0.00107193715041  0.00106747863837  0.00105871746318  0.00162942523179  0.00274092703977  0.00308057136029  0.00336311894045  0.00383471751414   0.0033798861457  0.00337639555945  0.00373495274886  0.00339876346481  0.00337730343527   0.0037008299152  0.00336845975314  0.00336606160642  0.00371397155337  0.00335399176302   0.0033387025326  0.00371471617037  0.00334393417133  0.00333192112701
2.54088396586e-05 0.000199323937495 0.000685286449407  0.00107183699984  0.00122425995709  0.00124782759949  0.00119661543668  0.00122584388574  0.00125772716396  0.00138735365051  0.00182029456449  0.00256366537185  0.00325405933225  0.00349869440816  0.00380878424097  0.00350790533769  0.00352740654269   0.0038671922628  0.00352357340934  0.00352406563401  0.00383807945781  0.00350773590317   0.0035156070358  0.00382905609159  0.00349277462148  0.00350677352714  0.00385632491126  0.00347900445668  0.00349133304285
6.23966371517e-05 0.000347797228794  0.00111147160292  0.00167942370036  0.00201667700531  0.00215279481846  0.00206874151986  0.00201262788548  0.00191562653355    0.001867003784  0.00200261059386  0.00263195176196  0.00348637210696  0.00353473509659  0.00340760967538   0.0032573317908  0.00323449026005  0.00362017602057  0.00327960523032  0.00329420507014  0.00366479933283  0.00332700216836  0.00332803798355  0.00368513077938  0.00334719537235   0.0033416283199  0.00370887645442  0.00334281577925   0.0033431752853
4.58944045406e-06 0.000183865130439 0.000568146186122 0.000917913506895  0.00109391076054  0.00114766974685  0.00115250908825  0.00115647960027  0.00116087343765  0.00119009497774 0.000909977264141  0.00144432633638  0.00234828647075  0.00249289938271  0.00300243141709    0.002513204334  0.00256713289687  0.00300950069443  0.00256367733868  0.00257895087101  0.00298016946496  0.00256653029929  0.00255857335401  0.00299366117519  0.00255885357169  0.00255564685983  0.00301187109434  0.00254687443355  0.00255326152031
8.08045436476e-06 0.000116322843143 0.000335229080667  0.00065049358119  0.00075828977604 0.000700050636169 0.000702953983408 0.000721793231637  0.00082189430663 0.000953112359289  0.00100764360924 0.000340244502496  0.00151190818946  0.00252668148027  0.00363780508703  0.00237576865229  0.00239360959351   0.0028756353471  0.00241817763308  0.00242358988206  0.00288248715796  0.00243954400871  0.00244088110433   0.0028879339657  0.00243049262133  0.00243291688122  0.00289112680391  0.00242765747503  0.00241895552755
1.12858368986e-05 0.000100782338588 0.000280488723011 0.000593062581564 0.000713195636573 0.000640788683747 0.000580978781015 0.000454260058286 0.000447143075849 0.000556543481091 0.000741728598653 0.000282517532261  0.00149990342113  0.00244628117767  0.00408299452347  0.00218698805701  0.00216311969556  0.00267010279852  0.00216751481314   0.0021735284315  0.00265618599419  0.00217730499524  0.00218257151521  0.00267253488879  0.00218946222433   0.0021926193695  0.00271038458873  0.00219165418391  0.00219517122542
3.57891005253e-05 0.000110369788483 0.000302531846097 0.000617703281885 0.000754773395268 0.000742400590989 0.000730714889894 0.000644632772931 0.000562457433286 0.000448266081833 0.000323709304073 0.000996111963047  0.00192357725897  0.00246891399599  0.00379415136796  0.00257466445842  0.00254390262576  0.00302023336529  0.00255736639012  0.00254026691925  0.00296098960936  0.00252430384145  0.00251645390759  0.00293778564337  0.00250599016568   0.0024665915273  0.00292441926015  0.00247344975228  0.00244945684398
1.28110049304e-05 0.000146407529095 0.000515263136031 0.000880943648698 0.000996354781196 0.000989666560522 0.000954176968527 0.000891336536663 0.000831036680718 0.000782389073691 0.000769830827908  0.00125767847237  0.00276934685891  0.00290567784186  0.00436718782648  0.00347297618314  0.00352196675343  0.00389174358179  0.00353379555165  0.00355191074649  0.00386107302771  0.00354187735861  0.00354318000369  0.00387102899463   0.0035531907293  0.00356419661863  0.00388330572834  0.00354367136631  0.00355510532682
9.46066750888e-06 0.000170847022971 0.000518855452698 0.000848001402437 0.000964119717217 0.000942676392737 0.000907919507163 0.000867033949697 0.000834429640889 0.000801979314632 0.000772259998826  0.00120289995032  0.00149651049669  0.00276652011006  0.00402161848868  0.00326433173259  0.00328481290859  0.00365945057055  0.00328127513561  0.00327921225052  0.00362290255451  0.00329275556749  0.00328805218928  0.00358996846056  0.00326358586874  0.00326781103604  0.00362739848904  0.00327171765174  0.00326119706701
3.28237766433e-05 0.000241387566987 0.000673263782327  0.00102946153073  0.00121447230966  0.00125015192541   0.0012175101551  0.00118551266135  0.00114049406644  0.00110160922335  0.00105890557503  0.00104827293242  0.00148472632824  0.00275700287301  0.00375866126739  0.00322478136662   0.0032481414733  0.00365990277473  0.00330661924209  0.00331472644452  0.00366015158064  0.00333192166641  0.00334020190761   0.0036948451237  0.00334522548563  0.00335541084351  0.00368737104252  0.00334617861183  0.00334453766006
1.62463578302e-05 0.000200736020333 0.000689987572399  0.00111553693709  0.00130126169079  0.00137815106632  0.00135573914959  0.00133697638047  0.00127984526967  0.00122987125773   0.0011638107372  0.00128927225784  0.00177175520644   0.0028897195665  0.00320138848738  0.00289132678719  0.00291180724075  0.00330925777972  0.00288957337451   0.0028953848483  0.00328708382204  0.00292202730799  0.00291135320666  0.00328584879164  0.00292939631042  0.00291852144739  0.00330102727666  0.00291219719949  0.00291290720241
2.46300564645e-05 9.47685353795e-05 0.000637049559244  0.00121745858214  0.00168616786542  0.00185937445287  0.00180613514227   0.0017248222003  0.00157672848695  0.00145490954522  0.00133249217054  0.00141477798694  0.00199146440866  0.00304005706221  0.00293966867933   0.0027265332783  0.00271222667679   0.0031884216294  0.00275088253741  0.00278022761594  0.00317176659992  0.00280217998511  0.00280034083162  0.00319130929721  0.00281246675938  0.00281541190563  0.00320288762467  0.00283375761933  0.00282106779333
3.08560942519e-05 0.000373869976771 0.000550976071676 0.000848364743142 0.000949920022042 0.000874837656331 0.000833392864686 0.000743588693081  0.00074110188521 0.000808880297554 0.000957025475179 0.000952315001724 0.000371664597787  0.00161032814265  0.00400900414748  0.00253866753325  0.00250278610042  0.00301339343584  0.00254195721031  0.00255649988161  0.00296933962569  0.00253327698138  0.00254131407174  0.00295050819398  0.00254000487721  0.00252954569443  0.00295912623639   0.0025048529677  0.00252265803528
1.01661116227e-05 0.000125012851046 0.000318402188967 0.000647447678328 0.000812739996249 0.000763045057744 0.000669515216926 0.000504867836842 0.000411854607891 0.000442530671919 0.000637997302129 0.000896685671472 0.000432364335559  0.00136216074199   0.0043321261395  0.00282256056924  0.00219679429282  0.00269153103965  0.00212400348255  0.00213619082177  0.00263541417173  0.00215026268955   0.0021649665641  0.00262937227819  0.00213988071898  0.00214358952268  0.00263390799985  0.00214840851802  0.00212688080449
 1.7082514195e-05 0.000128210906728  0.00036273692008 0.000669975831172 0.000796745772022 0.000777188394098 0.000780257776768 0.000721975978263 0.000676612711679 0.000613912300682 0.000570862528628 0.000515374357315   0.0010817018406   0.0020355667654  0.00369899724456  0.00276945926768   0.0026348146411  0.00313037570103  0.00263435876412  0.00259119121818  0.00301291941657    0.002571923996  0.00258042717273  0.00298647478025  0.00257540175764  0.00257346864385  0.00298211871842  0.00256290496218  0.00257220423322
9.04841880549e-06 0.000170206707041 0.000550918222029 0.000905733813469  0.00104194430218  0.00105560016338  0.00102801668349 0.000984599550465 0.000935666661016 0.000878688226796 0.000835265221025 0.000796495812477  0.00118690596146   0.0026791234527  0.00399917978633  0.00343187099564  0.00351435426613  0.00391457564085  0.00355968522618  0.00358126683831  0.00390937343915   0.0036273858478  0.00361126122023  0.00391782029962  0.00360764606455  0.00362598523645  0.00392512183033  0.00362019361689  0.00362043395513
5.23513591245e-05 0.000136413712454 0.000324346105631 0.000653966791962 0.000788926405931 0.000789937111696 0.000749124965351 0.000711477701536  0.00067811134633 0.000659439344781 0.000651695832677 0.000670857603756  0.00122140584842  0.00142961075428  0.00349144028975  0.00312085588727   0.0031248785536  0.00361392658231  0.00318432303238  0.00318775806456  0.00354105279004  0.00318511537079  0.00319054322954  0.00352283892097  0.00320969027839  0.00318555588447  0.00351720220211  0.00318534777187  0.00317387256017
1.20564114471e-05  0.00025849929423 0.000697590453148  0.00108245831861  0.00128157327544  0.00134906528455  0.00134358364551  0.00132727463578  0.00128522436105  0.00124584808012  0.00119382648207   0.0011599273799  0.00104068683453  0.00144599168873  0.00317567802153  0.00306793237991  0.00313254729486   0.0035529160973  0.00316998252391  0.00319500373102  0.00355751430049  0.00321585497871  0.00321729665659  0.00354838814736  0.00321671779394  0.00321703421937  0.00356016139173  0.00321314793115  0.00321891256283
1.71917853448e-05 0.000101716953189 0.000650494859785  0.00112679529427  0.00144071012194  0.00155666979901  0.00152756805221  0.00147970152732  0.00139283480944  0.00130932835646  0.00122555227995  0.00119657358217  0.00139539116012  0.00183772231517  0.00313461041797  0.00321418144448  0.00317008129635  0.00362612949054  0.00318578632546  0.00319909272486  0.00355830374424  0.00321775854185  0.00320920623681  0.00357030034758  0.00324079500983   0.0032344768369  0.00357676505382  0.00324225908539  0.00324492341456
8.24647095895e-05 0.000596048958136  0.00133949987764   0.0019521094079  0.00224677792387  0.00229367574108  0.00222086472124  0.00212022804034  0.00200684466129  0.00191476295799  0.00183345462886  0.00179247778555  0.00192334535962  0.00250679724876  0.00286897856592  0.00326147518551  0.00288223738286  0.00330308059494  0.00281526806932  0.00279549800848  0.00318136058196  0.00275905863089  0.00276962443338  0.00310015140937  0.00272419137316  0.00273745833294  0.00309792201169  0.00269940521932  0.00270561831825
 3.0525560338e-05 5.03373547462e-05 0.000256655993354 0.000436579405203  0.00052239300842 0.000538228842213 0.000587757517009 0.000650687903522 0.000758723361194 0.000895715617045  0.00104890374941  0.00120884587042  0.00110559837784 0.000337164400464  0.00305537867903  0.00289106895923  0.00285615144553  0.00332911825087  0.00269591736258  0.00275410492767  0.00320210119681  0.00281826946626   0.0028255332366  0.00323011338434  0.00286438160672  0.00286759764044  0.00323218982153   0.0028901354815  0.00287677465326
1.71756414226e-05 0.000155789891775 0.000399587495202 0.000868826416871  0.00121727914356  0.00125239115835  0.00113697120771 0.000917365402992 0.000656502479932 0.000400471943511 0.000287905342208 0.000494049237531 0.000833316346226 0.000699006504611  0.00263687288937  0.00227582179032  0.00252648913098  0.00305544261471  0.00191956359156   0.0019424019088  0.00248841625986  0.00196360845102  0.00196765463116  0.00247155243099  0.00196487900668  0.00197067694138   0.0024786982011  0.00197592497577  0.00198070087088
1.58239551578e-05 0.000125487679293 0.000335685808376 0.000673274285013 0.000901833215076  0.00090303725947 0.000842116367278 0.000687846471349 0.000533420521896 0.000396330322636 0.000377693258454 0.000479560321623 0.000650056545483 0.000624392274106  0.00249353032804  0.00231814412283   0.0026400316826   0.0033192073718  0.00233377865986  0.00231034396356  0.00278749381429  0.00230661200131  0.00230584148765  0.00274680173666  0.00230428662182  0.00229335403248   0.0027299967428  0.00228658787377  0.00227682861227
6.62849874039e-05 0.000140429129901 0.000277540618487 0.000561111018533 0.000664812052259 0.000636111648045 0.000616597976947 0.000566250603711 0.000544112266948 0.000527535513248 0.000541763635101 0.000549221842479 0.000494733208473   0.0012170467366   0.0024004878444  0.00230219381439  0.00269868540255  0.00352121571074  0.00273196270721   0.0027122024292  0.00313245543752  0.00268309327839  0.00269374895399  0.00304937363889  0.00265938508404  0.00266756302815  0.00304634908935  0.00266478362706  0.00265063592232
1.59145084169e-05 4.16397174854e-05 0.000458191832972  0.00080466190087 0.000962316317215 0.000990705857413 0.000966439752979 0.000936617733337 0.000895583334238 0.000856359964519 0.000811527987927 0.000778000474596 0.000761712993649  0.00122079043089  0.00264237736334  0.00298623995362    0.003519726927  0.00419628783248  0.00358300896279  0.00359858965896  0.00393905979036  0.00360315134711  0.00360279338184  0.00392249308284  0.00362165234739  0.00361383719391  0.00390588333527  0.00361052929219  0.00361494741687
 2.2883563226e-05 0.000207179851324  0.00077796130964  0.00123429976766  0.00153023104434  0.00165450214115  0.00162051839143  0.00159558728046  0.00151988076195  0.00146459215551  0.00138734100262   0.0013833832291  0.00145132557308  0.00179128939851  0.00275891003005  0.00343782415889  0.00363594020979  0.00395273790944  0.00358037440914  0.00358274890583   0.0039469393783  0.00362767020359  0.00363563931536  0.00391947262335  0.00364525345852  0.00363404369079  0.00392612593314  0.00365008221719  0.00363861693896
