0.000309076062083 0.000551985301931 0.000567747461488  0.00206528559969  0.00352109462343   0.0044598664137  0.00465009085712  0.00425993130104  0.00332742179706  0.00298695994624  0.00292598301749  0.00300254378455  0.00318926020014  0.00317834709181  0.00321452139507  0.00329301586565  0.00343530210193  0.00342967117161  0.00345682763957  0.00352891935976  0.00355980638671  0.00359514564107  0.00359956231515  0.00364090047268  0.00364505069326  0.00365623510991  0.00368277483118  0.00368545137289  0.00368142739913
0.000181024513506 3.82071048875e-05  0.00121371142269  0.00289553542862  0.00409448351371  0.00480717462211  0.00488113374373  0.00443894996996  0.00345568999711  0.00260338529225  0.00235997054272  0.00243567580992  0.00263232753602  0.00261837937256  0.00266422560591  0.00277174649027   0.0029584570891  0.00296444050737  0.00299626485387  0.00312830521971  0.00320229608211  0.00326454188961  0.00326362598587     0.00338491293  0.00338744429897  0.00340741041467  0.00346650461711  0.00347388828939  0.00347889378193
0.000247748676439 0.000450665722835  0.00180927251816  0.00298834144409  0.00372386009594  0.00409813152056  0.00406704129861  0.00374894574727  0.00309179075873  0.00227523028169  0.00168513894014  0.00173464455099  0.00185566895977   0.0018457992734  0.00186899493008  0.00191319846593   0.0020067055113  0.00199922271603  0.00201890298965  0.00208367430117  0.00211386417106  0.00214224559436  0.00214620596074  0.00218954846494  0.00218064821814  0.00219037276768  0.00220921810436  0.00220953066833  0.00221583407192
0.000187789943515 0.000669266580456    0.001406587074   0.0016524644305  0.00167990631514  0.00159428040247  0.00141207211955  0.00115807346594 0.000816599200488 0.000385708271789 0.000251611467358 0.000745898064882  0.00101439803396  0.00102218445918  0.00103769201072   0.0010439530389  0.00103609702222   0.0010501823603  0.00105946954394  0.00107765865581  0.00107914988958  0.00107593026951  0.00105730180597  0.00105875651815  0.00107377053866  0.00105599924917  0.00106544665532  0.00107008976106   0.0010699586402
0.000190211287866   0.0023851568151  0.00259889134078 0.000629990763235 0.000457221011687  0.00104484693882   0.0014228758479  0.00166991914156   0.0018082547082  0.00186470131369   0.0018420315201  0.00171601236838  0.00163962001923  0.00167601989226  0.00169868183404  0.00172700418807  0.00176175045539  0.00177152017963  0.00177417793063  0.00177727434122  0.00178605954269  0.00180958658019   0.0018053011656  0.00180482635665  0.00179471233717  0.00181513439158  0.00183656805495  0.00183049064405  0.00181852120691
0.000188361312992 0.000560507303705  0.00112627152288   0.0014275365013 0.000768428652616 0.000346186231642  0.00112224047147  0.00174144555188  0.00213003944701  0.00230351049398  0.00229513187924  0.00207976119126  0.00193720261431  0.00196173329352  0.00198138249265  0.00199906536616  0.00201662081433  0.00200840776627  0.00201234849601  0.00200957818331  0.00201387969599  0.00200337921433  0.00202595065416  0.00204226567121  0.00203924430361   0.0020414935418  0.00202490677429  0.00202822231902  0.00204110979446
0.000189806649784 0.000354997015948 0.000886674820013 0.000955720132568  0.00071083501911 0.000330308896503 0.000424716724004 0.000838927320181  0.00118985385064  0.00146545902112  0.00167298545479  0.00196076594735  0.00217506398601  0.00219442784512  0.00220981287085  0.00221912423955   0.0022296442126  0.00223490505733  0.00225127116932  0.00227278348122    0.002278566442  0.00228390701184    0.002280953272   0.0022786797669  0.00228229324883   0.0022771684827  0.00228454051199  0.00228329386098  0.00228889795228
 0.00026735007276 0.000597781633888   0.0010040246256 0.000153739447762 0.000594335521453 0.000944945481214  0.00114242593437  0.00134866719281  0.00157592963674  0.00181750215128  0.00204437540017  0.00224632612684  0.00235688911182  0.00237339249858  0.00238058758402  0.00238559106257  0.00238403239929  0.00238988842201  0.00238896581049  0.00238498439822  0.00238605986616  0.00239590073377  0.00237674768172  0.00238967452005  0.00238792767376  0.00238645655151  0.00238164428022  0.00238921296074  0.00237178377451
0.000234631571015 0.000167338858793   0.0011617262829  0.00158721606769 0.000926050904267 0.000282237031989 0.000896554992585  0.00144276002537  0.00180329101976  0.00206711681419  0.00227310956901  0.00248186747397  0.00263074278391  0.00263826748698  0.00264503127883  0.00265421793578  0.00265868306403  0.00265950084467  0.00267042380824  0.00266959904696  0.00266162333087  0.00264711340262  0.00265063439166  0.00265789651159  0.00266952415024  0.00267310563714  0.00268643734799  0.00268254988062  0.00269635494373
0.000253233631323 0.000337761312464  0.00193092894562 0.000997546448897 0.000593582609037  0.00091556990041  0.00101810123064  0.00123798183431  0.00155277564351  0.00192563379507  0.00231423126088  0.00273307360791  0.00297382321809  0.00298509916744  0.00299503653883   0.0029933449865  0.00299185169798  0.00299254117326   0.0029789474857  0.00297715512041  0.00297964206907  0.00297559586142  0.00297597890819  0.00297200613528  0.00296680871838  0.00296025744888   0.0029458228826  0.00294340992638  0.00293627040298
0.000292836473204  0.00173127220447  0.00262706658885  0.00347178663832  0.00426739300756  0.00362052461017  0.00275047277984  0.00212238237044  0.00200429523029    0.002286678175   0.0027771574463  0.00335383898906  0.00377754164027  0.00393387698723  0.00394283975426  0.00394353232555  0.00392846266866  0.00393168471623  0.00392930972223  0.00390776293644  0.00389914766288  0.00388859804064  0.00388513815429  0.00387236147175  0.00388617921446  0.00388698379754  0.00387330133009  0.00386695615857  0.00386926454717
0.000237223142102 0.000933929156808  0.00307174206665  0.00403101387683  0.00372932722838  0.00336235167856   0.0030677249915  0.00294887838831  0.00296191104097  0.00314132749957  0.00339230635376  0.00373088564333  0.00404534939572  0.00413142452802  0.00415767531616  0.00419972101541  0.00427454303493  0.00427288929657  0.00428383069043  0.00433758305482  0.00435315745842  0.00438745999255  0.00438562097841  0.00439355485635   0.0043978392105  0.00441338346036  0.00442830906989  0.00442938331487  0.00440804378434
0.000347167108051 0.000613746955239  0.00408367414398  0.00442742884116  0.00236040586307  0.00179200974944  0.00279165371225  0.00378108729034  0.00445298875038  0.00476718098912  0.00481575182091  0.00468176445084  0.00439748761301  0.00424261908824    0.004248115617  0.00424067267664  0.00420709709642  0.00420548140303  0.00420910606331  0.00419641889322  0.00420525105021  0.00418400516004  0.00419094340342  0.00418968380697  0.00417882129361  0.00417264148183  0.00415801979782  0.00415483262678  0.00417420068431
0.000281185191851  0.00158426547105  0.00653510100866    0.007405529857  0.00606259174168  0.00520071768069  0.00445937967887  0.00394898361796  0.00371019188309  0.00369476169388  0.00380120071873  0.00395066783328  0.00414128198547  0.00425787200855  0.00425370618024  0.00425761751458  0.00426581647246  0.00427583058371  0.00427825878042  0.00428168440531  0.00427884548629  0.00429003631224  0.00427733663721  0.00430260483318  0.00430738083688  0.00430740767252   0.0043199696661  0.00432518468479  0.00434282333946
0.000288040953444  0.00060235798731  0.00280158826965  0.00214226349534   0.0020736016749  0.00302467349486  0.00388502357378  0.00451552777565  0.00482759178991  0.00492687307196  0.00491824113311   0.0049218778143  0.00497132208159  0.00499074686706  0.00500342343887  0.00502499562863  0.00504040945339  0.00503660378889  0.00503338853374  0.00502782064082  0.00502653414599  0.00501930888226  0.00501715459628  0.00500517306622  0.00501154652821  0.00500673455308  0.00502289216287  0.00502722741709  0.00500753565414
0.000589261400403 0.000777089256119  0.00242143553118  0.00299923187814  0.00265196063097  0.00287805517094  0.00327054620163  0.00371972148884  0.00414800094014  0.00451163776655  0.00473571202911   0.0048073471431  0.00469403923708  0.00459110364634  0.00459721451404  0.00459659483041  0.00461884776511  0.00462752703938  0.00463120817919  0.00465294819709  0.00467666045025  0.00468569812453    0.004695467458  0.00470639228476  0.00470042639602  0.00470980612247  0.00470710264596   0.0047123099223  0.00471460255024
0.000160386514891  0.00144701871506  0.00460810503665  0.00400972729191  0.00437790099014  0.00412139641117  0.00369749059849  0.00329905327971  0.00338069361012  0.00367481786281  0.00406940211374  0.00442037774513   0.0048540505083  0.00516651286667  0.00516002192314  0.00512952610124  0.00506848188559  0.00505602253946  0.00506535292978  0.00503075843968   0.0049871308512  0.00496710429223  0.00497658531627  0.00495334550813    0.004957526443  0.00496197634966   0.0049547626055  0.00495567758287  0.00494784824545
0.000206192786324  0.00105636177296   0.0030812016742  0.00418746648703  0.00466627615008  0.00515578198827  0.00498291333437  0.00476955251764  0.00465094400844  0.00466201086891  0.00473746133192  0.00500896860606  0.00551236245073  0.00603289876861  0.00623373715383  0.00624493711062  0.00626711234415  0.00628123623979  0.00626294863022  0.00626835680064  0.00629586671616  0.00630527575351  0.00630551351912  0.00630755004482  0.00631015477572  0.00631040167667  0.00631214208702  0.00631626653389   0.0063341964275
0.000167251115499 0.000945250041122  0.00289131211404  0.00457522905261  0.00601588120614  0.00652523700374  0.00661140250768  0.00679930845087  0.00691801111936  0.00692521131674  0.00682729424552  0.00674090076816  0.00673399219737  0.00657349995049  0.00647927338002  0.00652974938701  0.00662667271063  0.00662438974288  0.00666413963912  0.00674204412969  0.00677457462515  0.00681595978841  0.00681115037449  0.00688886139741  0.00689014668474  0.00690337534775  0.00694559828464  0.00694390512358  0.00693952859604
0.000216474473761 0.000674413739769  0.00158428737221  0.00288153085218  0.00384045246551  0.00482154298684  0.00605150074152  0.00693012540897  0.00742803050807  0.00763335272374  0.00756771731596  0.00727725782184  0.00673421212635  0.00628543865991  0.00618826356244  0.00617945479058  0.00616393958839  0.00616739605336  0.00615879064072  0.00615039074911  0.00615040050491  0.00614670947502  0.00616531890065  0.00615519764752  0.00616468640271  0.00615329085455  0.00614752348683  0.00616405007991   0.0061771854127
0.000173860420949 0.000815691345224  0.00219764474199  0.00327930416173   0.0039172275793   0.0041455193673  0.00451457194572  0.00494772324779  0.00530317109912  0.00556122154821  0.00571222689399  0.00580805110054  0.00587874504992  0.00590806176618  0.00591560020979  0.00591871514481  0.00593142395095  0.00593884265676  0.00595127718843  0.00595421540958  0.00595541995419  0.00596457128881  0.00596988149982  0.00595443843505  0.00596280837563  0.00562923352125  0.00452481835549  0.00419396317056  0.00409063177714
0.00019705429412 0.00128921051258 0.00370834132183  0.0067140619049 0.00769815334945 0.00631182953585  0.0055830274496 0.00521215377192 0.00511297276745 0.00509718686491 0.00521348028828 0.00534254709996 0.00551310175498 0.00580632757728 0.00587615791876 0.00583303776568 0.00575820510837 0.00576506192645 0.00575279950857 0.00458110454957 0.00378891081738 0.00360534622082 0.00356048908607 0.00350211054556 0.00349682173251 0.00349211297908 0.00347233653545 0.00347105399926 0.00346956990688
0.000179830022833 0.000711311625359  0.00217131009378  0.00351919515581   0.0044012716815  0.00474350509431  0.00506474368526   0.0053711173806  0.00557428385325  0.00574435620803   0.0058680045302  0.00603422559258  0.00626817426984  0.00642820516039  0.00649023072862  0.00650669247509  0.00484212928212  0.00453416677098  0.00448849889806  0.00450278971627    0.004515248315  0.00452900776733   0.0045269985934   0.0045524883978  0.00455304460555  0.00455570270249  0.00456816197504  0.00456940074035  0.00456940865146
0.000204262328618  0.00057855757818  0.00193383767717  0.00344616011567  0.00435607409782  0.00481995967339  0.00516759583337  0.00555792582758  0.00589778817982  0.00619915563863  0.00640466001438    0.006560643039    0.006672031214   0.0064143605101  0.00472592759527  0.00452412580604  0.00451557164611  0.00450423441521  0.00450140026127  0.00452276422016  0.00452950089217  0.00452762704118  0.00453063208807  0.00454140770277  0.00454869537421  0.00454413306126  0.00454682575651  0.00455104778597   0.0045482018018
0.000185875338788 0.000677619701316    0.002061524697  0.00314755177767  0.00386600398495  0.00449599215148   0.0056318377882  0.00637104659143  0.00661711680278  0.00666557803373  0.00665922352096  0.00668769696749  0.00505992296979  0.00463691109305  0.00458422267447  0.00457062973346  0.00456561001883  0.00455276453494  0.00454788263172  0.00454361202343  0.00453999455213  0.00454419208282  0.00454176167371  0.00454134789556  0.00453306975412   0.0045395328226  0.00453635461095  0.00453148383345  0.00453358178695
0.000193577278808 0.000665736763712  0.00211701481113  0.00360172118805  0.00478731536254  0.00491602688463  0.00464991149114  0.00485291871806   0.0051383824956  0.00545547348317  0.00546426639672  0.00393112013103   0.0037434382312   0.0037279146121  0.00373885130311  0.00375125518335  0.00376203861454  0.00376234546132  0.00376044925189  0.00376186030068  0.00376634408974  0.00376430710715  0.00376465977045  0.00377759512083   0.0037739653327  0.00377785439821  0.00379139140205  0.00378964485721  0.00379037950428
0.000177257446256  0.00065004180649   0.0021210326716  0.00329456696265  0.00398431239326  0.00412734045941  0.00453309092758  0.00504291080783  0.00537937267401  0.00490200776698  0.00381220306703  0.00365806864476  0.00361221945583  0.00361074644272  0.00360597820365  0.00359462931078  0.00355584260901  0.00355413821465  0.00354213273245  0.00351410406178  0.00349486074925   0.0034800626102  0.00348012636615  0.00345105394688  0.00345456003714  0.00344600587562  0.00342898492541  0.00343192575126  0.00343109610697
0.000193492499428 0.000665697580879  0.00197659381834  0.00295191884601  0.00351715391931  0.00375252115031  0.00379141082624  0.00400305167728  0.00401089201942   0.0029981255481  0.00281199295659  0.00277053603129  0.00281542743863  0.00282937033867  0.00285023013837  0.00288196490787  0.00294314782879  0.00294413070408  0.00295489390986  0.00299604181546  0.00301586941907  0.00303436683263  0.00303197577084  0.00306149822788  0.00306259376016  0.00306622657456  0.00307379293666  0.00307221848184  0.00307113107501
0.000215638851702 0.000545121558158  0.00158885359445   0.0028263957933   0.0037958583716  0.00409707081324  0.00417914454636  0.00424589540094  0.00277663538464  0.00250084808462  0.00244845913341  0.00240952046914  0.00236161615388  0.00235394559075  0.00234869300553  0.00233186727858  0.00229385781002  0.00229449457546  0.00228611992977  0.00225496895561  0.00223887029528  0.00222436917797  0.00222305790562  0.00220825531389  0.00221067280587  0.00220816340838  0.00220480731937  0.00220947498338  0.00220862604306
0.000215210098982 0.000588037976122  0.00173832297968  0.00267980369244  0.00333498542107  0.00364960283565  0.00395257312735  0.00330933376105  0.00287019272152  0.00276577106277  0.00268544737959  0.00259940146296  0.00251525130319  0.00245629153063  0.00246303648399  0.00246347370449   0.0024639848066  0.00246705816077   0.0024659436014  0.00246262863542  0.00246523972001  0.00247003608742  0.00246000567598  0.00246164022935  0.00245843612935  0.00245900091418  0.00245995251698  0.00245693967947  0.00245905087746
0.000192956007431 0.000675232597539  0.00202950461629  0.00312437283544  0.00375045828462  0.00401837446309  0.00423165490261   0.0032417710507  0.00313141183358  0.00309819773883  0.00305333873637  0.00300554353771   0.0029610407062  0.00290810373396  0.00287695893733  0.00287955512174  0.00289223963545  0.00289436133519  0.00289883848736  0.00291035111829  0.00290910520425  0.00290969761387  0.00291755397291  0.00291834476093  0.00291837041435  0.00291948106616  0.00292266497226  0.00292399812599   0.0029246406235
 0.00018707908988 0.000732772070068  0.00224673550672  0.00336548831399  0.00396855687494  0.00430987657739  0.00420313496432  0.00323704134589  0.00317219177588  0.00314791598904  0.00314240341283  0.00312625627015  0.00309636086835  0.00309774274661  0.00309302027182  0.00308456015576  0.00305432791489  0.00305692198652  0.00305283529996  0.00302982122619  0.00302696023133    0.003017214738  0.00301618019511  0.00300328769608  0.00300208459342  0.00300055626324  0.00299405668739  0.00299339838404  0.00299426597762
0.000198962307375 0.000617074852386  0.00179396939822  0.00283175895824  0.00335223007512  0.00365816940957  0.00298953097698   0.0025592592373  0.00258235946071  0.00263489605254  0.00265063556518  0.00269087334144  0.00276373352663   0.0027691374058  0.00278908814482  0.00282154017015  0.00288583295386  0.00288744800254  0.00290221353698  0.00294221897534  0.00295460535287    0.002968107867   0.0029714164795  0.00299151669732  0.00299461664173  0.00300020542655  0.00301397457155  0.00300915071844  0.00300714483858
0.000214304928798 0.000625911980732  0.00180969384429  0.00276656910514  0.00319582967657  0.00333504090796  0.00246472907132  0.00219282967105  0.00217577104823  0.00220333363684  0.00224825666962  0.00226867546835  0.00225945327796  0.00225285588407  0.00223449342767   0.0022256854358  0.00220611198763  0.00220689673987  0.00220407456772  0.00219199803884  0.00218626423575  0.00217928797558  0.00217936851675  0.00217367152658   0.0021680532729  0.00216647803526  0.00216288300872  0.00216804267364  0.00216843328722
0.000360746434002 0.000345749926422 0.000713516277464 0.000965464822718  0.00104981101425  0.00134740375847 0.000998303296514  0.00116603450864  0.00133399586081  0.00144146073965  0.00147435589411  0.00141959594904  0.00126800652651 0.000960745689281  0.00060304999062 0.000557339133918 0.000675068246282 0.000667631714597 0.000699484086955 0.000759545463266 0.000808215649203 0.000827579665053 0.000834689189507 0.000875131737939 0.000895651072421 0.000898394812626 0.000903841465277 0.000932158917769 0.000932168647902
0.000319325808184 0.000288582953122 0.000568982732732  0.00073114241593 0.000402123603634 0.000490353337703  0.00112845794787  0.00174417528367  0.00226185860186  0.00258141997725  0.00263971477644   0.0023721459275  0.00173899920995 0.000762750735615 0.000183130130233 0.000202837980583 0.000261772880519 0.000261113045474 0.000275213829867 0.000315656373265 0.000323084116618 0.000336097405463 0.000339468579087 0.000350868780104 0.000353780942643 0.000356704200835 0.000365179699851 0.000346491721655 0.000359131187823
2.74277765356e-05 0.000193769128213 0.000300740788495 0.000154893560525  0.00013973791645 0.000649143310097  0.00113041507894  0.00172495401478  0.00222681579969  0.00252442324671   0.0025316548362  0.00217338444605  0.00145092556824  0.00052792179115 0.000135828425534 0.000154080327654 0.000199556368511 0.000199390713509 0.000207862540312 0.000248108900393 0.000256312307713 0.000288101179637 0.000274097854916 0.000318007217164 0.000299031067444 0.000299705697441 0.000318246446731 0.000308531815647 0.000311613118514
8.32058799283e-05 0.000251218946322 0.000455923134315 0.000480141499328 0.000221407228511 0.000751295131362  0.00103454173788  0.00148295354638  0.00184705824695  0.00198881095754  0.00183810162879  0.00133853819255 0.000494138034268 6.59176747059e-05 8.43995352464e-05 0.000107018492305 0.000166017503595  0.00017552605799 0.000176323138412 0.000209030536168 0.000220977365663 0.000231200946729 0.000233988479399 0.000256391456701 0.000265778180433 0.000265188861727 0.000280099368825 0.000285330149312 0.000279648945574
0.000138355144315 0.000686715436494 0.000787951030933 0.000820898924233 0.000528206176956 0.000433371837686 0.000748439932967   0.0011745179742  0.00156066285353  0.00173254320274   0.0016222904189  0.00117838819092 0.000449339066754 7.80766353299e-05 9.47548896468e-05 0.000117314251915  0.00014343308288 0.000135464086238 0.000145848395116 0.000167319384304   0.0001832014141 0.000183043821917 0.000191550652265 0.000213463619486 0.000206569285535 0.000220871767002 0.000230124691894 0.000232281673316 0.000222414292711
5.51493660922e-05 0.000329320829779 0.000498775992389 0.000553965276609 0.000219802871688 0.000534270323118   0.0011059636687   0.0013594513994  0.00171716633528  0.00183338266589  0.00159803565173 0.000948100191278 0.000262728111655 3.49376252022e-05 4.23560340078e-05 7.24447809343e-05 0.000107022302645 0.000109168259214 0.000116511488534  0.00014173300314 0.000151163990074 0.000187558741788 0.000174362029319 0.000196473632151 0.000189601869697 0.000195885453659 0.000203738972991 0.000203384433794 0.000203627154915
7.47576576729e-05 0.000195514938335 0.000384139380764 0.000425014455308 5.53265973123e-05 0.000770951251683  0.00155826924715   0.0014949996311  0.00179515723143  0.00181148076897  0.00142657499841 0.000553803556372 1.72265807642e-06 5.58886957101e-06   1.896128742e-05 3.82520209256e-05 7.31618440869e-05 7.28814499165e-05 8.49003254162e-05 0.000109278699609 0.000121306523139 0.000135015764075 0.000133875697695 0.000154593183921 0.000161015287982 0.000158706335841 0.000171658665748 0.000172992719705  0.00017095644014
 4.1621303003e-05 0.000284349351358 0.000417556538209 0.000493269261294   0.0002059839265 0.000660829978105  0.00150016761473  0.00155297741691  0.00187464369939  0.00190857157267  0.00150886346151 0.000598591407214 2.38823995925e-05 2.45364002818e-05 2.44484290285e-05 3.80480339735e-05 7.63428313634e-05 7.63041018734e-05 8.37456607233e-05 0.000107447508033 0.000124192213395 0.000122546298057 0.000128698147793 0.000139860165222  0.00013471264955 0.000141408732486 0.000145455894943 0.000147311055719 0.000145278297716
9.81659528302e-05 0.000297689166662 0.000780079916357  0.00138702984814  0.00239111478757  0.00356639895401  0.00340345689876  0.00281229294916  0.00261859910475  0.00218257898995  0.00114181784799  0.00023806871506 2.08726659728e-05 1.79536521416e-05 1.87363787139e-05 3.84213922947e-05 6.91133028625e-05 6.95986470288e-05 7.76340788073e-05 0.000100286493139 0.000112131819177 0.000115537858717 0.000117265978214 0.000126032799575 0.000124341925949  0.00012639045901 0.000129676466396  0.00013037539173 0.000131682231742
9.86532216734e-05  0.00031073985118 0.000557982647962 0.000713241966337 0.000729607543066 0.000980872634052  0.00155689344891  0.00156401743736  0.00153685817436  0.00122840992543 0.000562911025427 0.000136444286642 7.42193920698e-05 5.13810475768e-05 5.42235723789e-05 5.43399647115e-05 6.81321828873e-05 6.86838487599e-05 7.22185788042e-05 8.37076997476e-05 8.86896735083e-05 9.26625099461e-05 9.34611770679e-05 0.000101370907518 0.000104261034314 0.000106793636597 0.000108319837004   0.0001118760923  0.00011310835333
5.17649636293e-05 0.000281066786726 0.000644557456062  0.00102995792202  0.00140222226579  0.00141518155115  0.00141955929704   0.0010284823722 0.000808674157706 0.000738209480812 0.000351797717653 6.59268266191e-05 5.08438618986e-05 5.11681381372e-05 5.43475686433e-05  6.1402425824e-05 6.40113040722e-05 6.72170834652e-05 6.83180669929e-05 7.27356251933e-05 7.47499103015e-05 7.86816756938e-05 7.72810250405e-05 8.72291321341e-05 8.78629529337e-05 8.87481749122e-05 9.82888951058e-05 9.91798464681e-05 9.91205630324e-05
2.27895609523e-05 0.000197004305648 0.000347261977595 0.000447292605802 0.000275341628252  0.00054047776857  0.00136441480307  0.00170533752797  0.00156642749952  0.00140600690716 0.000617893936874 8.50964599872e-05 4.08597810983e-05 1.36561878477e-05 1.91336568711e-05 3.13846368187e-05 5.14668850724e-05 4.95522224936e-05 5.16950640865e-05  5.9792409136e-05 6.64075460563e-05 6.91898254384e-05 6.98361468052e-05 8.09020819814e-05 8.05605464679e-05 7.94174577406e-05 8.15040721352e-05 8.26280889827e-05 8.24219433769e-05
 2.0237661081e-05 0.000227953322817 0.000482848051847 0.000830689400565  0.00106569546653  0.00107404071454  0.00172429069698  0.00251491251741  0.00205342963433  0.00163656293167 0.000636939510283 7.41732838138e-05  3.5871877828e-05  1.7216878139e-05 1.45959395408e-05  2.2680585732e-05 3.73426310558e-05 3.78855627674e-05 4.20711691193e-05 5.07928740924e-05 5.71004408578e-05 6.27079389571e-05 6.32073253336e-05 6.87086725645e-05 6.75083470416e-05 6.90526948352e-05 7.09773764278e-05 7.22989860565e-05 7.26885317675e-05
3.36647016572e-05 0.000177257884398 0.000367619716601 0.000692622742174  0.00125594235598   0.0017378212851  0.00229524235159  0.00281320686252  0.00176511899241 0.000751486582815 0.000119943597581 3.77469218871e-05 6.18054114603e-06 4.15107590647e-06 1.79533170177e-06 1.18220598119e-05  2.8210621638e-05 2.80000114684e-05 3.13376521547e-05 4.35209018946e-05 4.77514702954e-05 5.05058740579e-05  5.1161467685e-05 5.92745360635e-05   5.847844475e-05 5.87853283176e-05 6.30285299354e-05 6.04523066903e-05 5.98302757827e-05
1.81879016958e-05  0.00013767806083 0.000317915419305 0.000552685618238 0.000987753005133  0.00144670417524  0.00203753407343  0.00260103296369  0.00171421660868 0.000725994025015 0.000103926286429 3.08569157307e-05 6.43405702553e-06 4.77377873115e-06 7.31367057265e-06 1.42831890039e-05 2.82599923152e-05 2.77382784192e-05 3.01034474015e-05 3.95536889794e-05 4.30186407068e-05 4.66455854585e-05 4.74027298081e-05 5.23708470256e-05 5.07875667291e-05 5.16777512222e-05 5.36148335399e-05 5.71825745987e-05 5.77984541588e-05
7.86160215842e-05  0.00036390721965 0.000444144350739 0.000682122061975 0.000915202005982  0.00126494099236  0.00188671066031  0.00248360971641  0.00175605088729 0.000688145773793  7.5976068057e-05 2.25632525751e-05 3.40518661469e-06  4.3029036769e-06 6.38529093974e-06 1.08516887251e-05 2.07605211302e-05 2.07371971089e-05 2.27888013797e-05 2.93246523276e-05 3.25639709263e-05 3.58617210106e-05 3.70197420304e-05 4.35716578261e-05 4.28261161469e-05 4.52678441766e-05 4.94719718593e-05 4.91432705468e-05 4.90256446404e-05
5.80874353156e-06 0.000236334721882 0.000453804806515 0.000748820322087 0.000909369838168  0.00112624031697  0.00172905673593  0.00238832023482  0.00165967787208 0.000367384846486 2.19697412073e-05 4.16739207731e-06 5.68742690348e-06 6.05125356317e-06 7.63843998946e-06 1.11352269039e-05 1.69325718352e-05 1.65529299472e-05 1.81531924623e-05 2.36406300088e-05  2.7550147588e-05 3.03440076875e-05 2.99015219587e-05 3.44595401621e-05 3.46473018972e-05 3.49141584136e-05 3.64408955705e-05 3.66965502748e-05 3.71612852742e-05
3.98656360132e-05  0.00017548905208 0.000464954529142 0.000743477188705 0.000814967107296  0.00108025307144  0.00174390547123  0.00228902484393  0.00192030384339 0.000296125844779 1.92591316356e-05 6.35035818132e-06 3.27958839143e-06 5.04797255562e-06 5.69025232654e-06 8.60167628343e-06 1.62951948464e-05 1.64588704993e-05 1.79661848954e-05 2.28280342525e-05 2.48252316896e-05 2.64747342011e-05  2.6976353703e-05 3.05323047479e-05 3.03397339217e-05 3.12342130424e-05 3.25872962329e-05  3.3366944202e-05 3.32580565284e-05
3.35982429082e-05 0.000241714244352 0.000545157834535  0.00071368123769  0.00088273163472   0.0012454238123  0.00200168012962  0.00230302528911  0.00198330669507 0.000216678696409 1.77331752878e-05 6.03724799446e-06 1.85523994078e-06 2.46689680406e-06  3.2206110909e-06 5.72484086107e-06 1.15265274675e-05 1.16857410529e-05 1.28784745771e-05 1.64632409602e-05  1.9035917028e-05 2.13055602149e-05 2.13143076116e-05 2.48331550851e-05 2.50867631765e-05 2.56673658618e-05 2.73954677424e-05 2.74622215498e-05 2.75739656537e-05
6.07429765775e-06   0.0002464372197  0.00057237963099 0.000799247607862 0.000887301418095  0.00121763609411  0.00196640714296  0.00227207042143  0.00196011169711 0.000236664257497 1.99104334869e-05 1.01214507053e-05  3.2513697489e-06 3.08827280842e-06   1.279151888e-06 3.95499061141e-06 1.01566473344e-05 1.02357420199e-05 1.16466087958e-05 1.57677945235e-05 1.76374175064e-05 1.87113555367e-05 1.90606530423e-05 2.10691248383e-05  2.1178613143e-05 2.20697415628e-05 2.31898839334e-05 2.39443067984e-05 2.39552515197e-05
3.56087504199e-05 0.000250566077088 0.000627767751571 0.000952103873247 0.000977061887806  0.00119767411406  0.00195810093903  0.00227809475448  0.00195822224596 0.000308165845208 1.71267405591e-05 7.42383591901e-06 1.87085223163e-06 2.53260413132e-06 1.08690099879e-06 1.65429978529e-06 6.26318707096e-06 6.16915272894e-06 7.15946135058e-06 9.94826341382e-06 1.14458475933e-05 1.30660073783e-05 1.29683000357e-05 1.77231444513e-05 1.75797582004e-05 1.82107797538e-05 1.99510912126e-05 1.97928316077e-05 1.99690682991e-05
6.63950715938e-05 0.000214270818793 0.000631095853718 0.000883262854723 0.000999636844775  0.00147987186139  0.00203404284321  0.00210622654524  0.00189296670348 0.000392106963498 1.95175884568e-05 1.63893364715e-05 8.07382944649e-06 7.18449046911e-06 5.84133074118e-06 2.96199245812e-06 3.14866170822e-06 2.99717143132e-06 3.76751925997e-06 6.86178653017e-06 8.83055686696e-06 1.03763880483e-05 1.06432684748e-05 1.34437546261e-05 1.27170389389e-05   1.344181379e-05 1.51449247677e-05 1.55454181457e-05 1.55833448428e-05
3.32472218855e-05  0.00031799073016 0.000711616289315 0.000964719203847   0.0011329474885   0.0017302322906  0.00219303728973  0.00210480932394  0.00188069025997 0.000543739211796 1.33522206779e-05 1.59214163677e-05  1.0569561642e-05 1.08778356877e-05 9.27777429305e-06 6.25855178739e-06 1.33944767371e-06 1.78241807227e-06 1.40703578452e-06  4.7776757306e-06 7.47010533747e-06 9.20809777632e-06  8.9617446665e-06 1.09878964023e-05 1.08123302064e-05  1.0849938532e-05 1.07288360596e-05 1.14637200498e-05 1.15644147794e-05
5.69172382605e-05 0.000267237629565 0.000696890387386 0.000921428622043  0.00109034126088  0.00170025292784   0.0021694124653  0.00209793824385  0.00187417274518 0.000779933196255 2.30967365614e-05  1.5551470781e-05 1.10786877511e-05   1.125653349e-05 1.01835303554e-05 7.42527058072e-06  2.9166710497e-06 2.71892090568e-06 1.76142818755e-06 1.22416462897e-06 2.72740101738e-06 4.30114732414e-06 4.36034050238e-06 6.55585049966e-06 6.59433206841e-06 7.11310016106e-06 8.16213739806e-06 8.11938280095e-06  8.1122693418e-06
3.54379874996e-06 0.000261064902994 0.000679033123223 0.000892232886889  0.00104244881148  0.00163147465709   0.0021085173363  0.00207347603796  0.00186211670126  0.00112141103004 3.90279374799e-05 1.05133831548e-05 8.48916132702e-06 8.94587858358e-06 8.18230982923e-06 6.30632958027e-06 3.36795841542e-06  3.2714751596e-06 2.62366247588e-06 6.55651092431e-07 6.28680679497e-07 1.92824710799e-06 2.00856377217e-06 4.13235288205e-06 3.83142439842e-06 4.14993995168e-06 5.25400659348e-06 5.48492291943e-06 5.72640980894e-06
1.83285824693e-05 0.000245430816392 0.000655823241679 0.000855314130781 0.000981170180411  0.00154126079396  0.00204434189209  0.00205190549554  0.00184737582383  0.00160644577941 5.54881992015e-05 1.36233473944e-05 1.26893220713e-05 1.24922488219e-05  1.1494051737e-05 1.00399582124e-05  6.3081200965e-06 6.45013758894e-06 5.66440159076e-06 3.04917229696e-06 1.80051415765e-06 5.60925311586e-07 5.41591103237e-07 1.80814401056e-06 1.81794166565e-06  2.2938110119e-06  3.2236140449e-06 3.58523920185e-06 3.55088762011e-06
3.17988139269e-05 0.000241118850219 0.000672880018665 0.000828733252863 0.000905044177592  0.00137696644163  0.00187441881704  0.00197464498284  0.00182135209499  0.00161504272172 8.61973411102e-05 1.20292803466e-05 1.22603746254e-05 1.16426259805e-05  1.1411625602e-05 9.42458972139e-06 5.99174791864e-06 5.64006483372e-06 5.12688737526e-06 3.79239675518e-06     2.9720253e-06 2.39204252143e-06 2.32458114624e-06 1.43678414941e-06 1.43245041593e-06 1.20772969234e-06  8.8608674689e-07 9.31054315079e-07 9.59361708332e-07
 2.2232093941e-05  0.00025229112996 0.000653941419404 0.000834413844978 0.000858509092199  0.00114956108287  0.00162041797289   0.0018631780061  0.00181736423394  0.00164735410131 0.000137898902086  6.3928874514e-06 1.13108403602e-05 1.23467595081e-05 1.15192014066e-05 1.10468597284e-05  9.2764825341e-06 9.57207949555e-06 8.91997249557e-06 6.83839922909e-06 5.74218909936e-06 4.77862838219e-06 4.77267700523e-06 3.29045847577e-06 3.23437590144e-06 3.04425289287e-06 2.50769321411e-06 2.28260304358e-06 2.26659348454e-06
1.85873068336e-05 0.000281892679656 0.000648426992613 0.000825818426598 0.000797132789155  0.00093796241892  0.00138060249876   0.0017167619375  0.00176737228678  0.00165653615213 0.000189226609913 5.92533177369e-06 1.19535156984e-05 1.16363779037e-05 1.12384473805e-05 1.00369607841e-05 8.08243159621e-06 8.02032752545e-06 7.63311890502e-06 6.79769023291e-06  6.3308894645e-06 5.78750435061e-06  5.7270107982e-06 4.77676937341e-06 4.77267700523e-06 4.59110555927e-06 4.11728009285e-06 3.99629030034e-06 4.05322541061e-06
4.91783603371e-06 0.000149379034052 0.000537907447566  0.00069884373096 0.000711205496514  0.00118213808463  0.00177518854967  0.00195716445116  0.00184612489312  0.00160385734673 0.000257928142859 1.24915139095e-05 1.75121193622e-05 1.91058418795e-05 1.78808072405e-05 1.55852869896e-05 1.08033379771e-05  1.0640691448e-05 9.80506596211e-06 8.22545447587e-06 7.27671167814e-06 6.85649369571e-06 6.97603554838e-06 6.08434684523e-06 6.14146617801e-06 5.90133017896e-06 5.60410464933e-06 5.54523444666e-06 5.66512674722e-06
1.94068883864e-05 0.000189915767148 0.000562085989736 0.000679119996718 0.000761435038973  0.00131148620873  0.00195298388278  0.00210872940126  0.00193295032006  0.00163229735105  0.00039417512191 9.98868562736e-06 1.42297903349e-05 1.45379190923e-05 1.43903818175e-05 1.32865528127e-05 1.13798875142e-05 1.15942618316e-05 1.11848080038e-05 9.15280703994e-06  8.4348470129e-06 7.87142468415e-06 7.81122224099e-06 7.27214834216e-06 7.27396486233e-06 7.27361380556e-06 6.91824823787e-06 6.85921346023e-06 6.85558686776e-06
 1.8923774525e-05 0.000236579821184 0.000545271262149 0.000670831888949 0.000785878746625  0.00123805929064  0.00190268814483   0.0021179483005  0.00193450980373  0.00163430393404 0.000575377703538 9.24674613324e-06 1.81071291192e-05 1.91317971853e-05 1.75298676039e-05 1.58241891138e-05 1.23110300761e-05 1.22289877663e-05 1.13703183101e-05 9.12652026676e-06 9.15237035514e-06 8.96580716377e-06 9.12652026785e-06 8.52722773876e-06 8.64452309384e-06 8.46574822697e-06 8.16931615597e-06  8.1097370871e-06 8.10624538536e-06
1.55491039721e-05 0.000186122184955 0.000550709699019 0.000665270114791 0.000700295060972  0.00108746579597  0.00180597988083  0.00210785303946  0.00192757179415  0.00163206184184  0.00082608132495 1.99748954815e-05 1.21458562744e-05 1.48272249267e-05 1.45818404894e-05 1.42939796385e-05 1.40492240894e-05 1.42179250332e-05 1.43625242094e-05 1.42550539334e-05 1.29854023033e-05 1.21256362307e-05  1.2107998106e-05 1.10304933597e-05 1.10285607037e-05 1.08500510892e-05 1.03150913784e-05 1.03134229638e-05 1.01934834646e-05
2.47384580869e-05 0.000199979537452 0.000551791947857 0.000677747294755 0.000690906901448  0.00114907294895  0.00183680444922  0.00207177487771  0.00190543128646  0.00162066553427  0.00118789211152 3.11817302954e-05 1.97914016664e-05 1.98080142218e-05 1.94089032986e-05  1.8273222514e-05 1.68867549514e-05  1.6726199199e-05 1.63420362508e-05 1.55132753702e-05 1.51427254097e-05 1.45043420703e-05 1.43722684625e-05 1.28186021218e-05 1.26385742753e-05 1.25180485952e-05 1.19222699842e-05 1.17445352645e-05 1.18017290728e-05
4.30670075857e-05 0.000163338352262 0.000515368532509 0.000634976406754 0.000701534271111  0.00120373389327  0.00182653005095  0.00203494002457  0.00190000394699  0.00161689434671  0.00132447779157 5.04387084363e-05 2.15977087289e-05 2.52202343724e-05  2.4995171371e-05  2.4082351264e-05 2.17235052741e-05 2.15465472439e-05 2.09911033959e-05  1.9044127068e-05 1.80920471302e-05 1.71331993633e-05 1.71771095668e-05 1.56252371221e-05 1.56215987749e-05 1.53203649403e-05 1.45446325496e-05 1.44268176095e-05 1.44254323439e-05
2.22184022282e-05 0.000195343427229 0.000513397972494 0.000615744515038 0.000756787838536  0.00134130277588  0.00186136395495  0.00199609031144  0.00190620452767   0.0016198352543  0.00132355214476 8.01140679361e-05 2.25328277516e-05  2.6734139529e-05 2.59495430935e-05 2.41467509468e-05  2.0584644308e-05 2.04435498405e-05 2.02202607146e-05 1.86134113876e-05 1.82799049763e-05 1.78497314778e-05 1.78956928299e-05 1.71135992586e-05 1.71715760164e-05 1.69301915315e-05 1.66305036866e-05 1.65718064004e-05  1.6690531168e-05
 1.9795991688e-05   0.0001780296974 0.000468125270139 0.000575207866222 0.000744888911117  0.00131713985576  0.00183139546155  0.00198656035947  0.00190252215881  0.00161741459526  0.00132390820764 0.000121702344898 1.99970226953e-05 2.73233738635e-05 2.66319187479e-05 2.45181865383e-05  2.0797180027e-05 2.15422999329e-05  2.1085495757e-05  1.8822826894e-05  1.8299360068e-05 1.77328138239e-05 1.74060935267e-05  1.6823826737e-05 1.66570189462e-05 1.66932382366e-05   1.704745593e-05 1.71074675926e-05  1.6929398037e-05
2.78842748039e-06 0.000145518730652 0.000502348500308 0.000635050610372 0.000733635971594  0.00126956498719  0.00179295033715  0.00198037323935  0.00190183673596  0.00161755885768  0.00132588473754 0.000186425208105 1.91773184104e-05 2.87400242619e-05 2.83089701155e-05 2.71914250721e-05 2.39840940038e-05 2.43317498051e-05 2.38474636551e-05 2.18299366814e-05  2.0239161749e-05 1.97611702962e-05 1.98848779908e-05 1.90937376639e-05 1.89673052198e-05 1.87812393723e-05 1.81268935812e-05 1.80608220909e-05 1.81810776937e-05
6.71180377789e-05 0.000311557253306 0.000527573711958 0.000637576462664 0.000761928143687  0.00121543332704  0.00171940565397  0.00196550827534  0.00191148893364  0.00162652644404  0.00133881825525  0.00028819994003 1.19307875883e-05  2.3772870706e-05 2.49380704477e-05 2.52566032158e-05 2.49752269675e-05 2.48451427804e-05 2.49706470404e-05 2.33599691945e-05 2.29086683735e-05 2.21655761993e-05 2.24595648151e-05  2.1014018835e-05  2.0766429534e-05 2.07437865583e-05 2.00874340617e-05 1.99085090254e-05 1.99086261342e-05
1.76815381544e-05 0.000147497899638 0.000452671639663 0.000541396611567 0.000667363753758   0.0011287866192  0.00166152609217  0.00195830528718  0.00190732254077    0.001618628842  0.00133560510393 0.000420109229642 8.59421848607e-06  2.8275309487e-05 2.80653989219e-05 2.52545323165e-05 2.26313495216e-05 2.36396657166e-05 2.31376598598e-05  2.2888358199e-05 2.25770639958e-05 2.22723315176e-05 2.24117625545e-05 2.22461161731e-05 2.24809537782e-05 2.21771384367e-05 2.18771427374e-05 2.18160328195e-05 2.18758993741e-05
2.20307257095e-05 0.000249498036847 0.000560977521268 0.000690800788497 0.000702675496714  0.00105627624718  0.00156957062911  0.00194253734419  0.00191113853238  0.00161871353359  0.00134473771036 0.000613437300504 5.90056886505e-06 2.47486554785e-05 2.62766089864e-05 2.77484362102e-05 2.86767909077e-05 2.65955710957e-05  2.7034106554e-05 2.68227689472e-05 2.60475025543e-05 2.55727587965e-05 2.54012354839e-05 2.38586158271e-05 2.37836770493e-05 2.36092005984e-05 2.30697696706e-05 2.29490267432e-05 2.30085558008e-05
 1.0473469426e-05 0.000144038422672 0.000462864350146 0.000616638749956 0.000693142417729 0.000986987191234  0.00147730991469  0.00194006667848  0.00192478369127  0.00161456449093  0.00134895904513 0.000880725601359 1.32380595821e-05  2.5953838636e-05 2.76404203053e-05 2.54902084505e-05 2.33818532654e-05 2.43181578332e-05  2.3926717375e-05 2.46981116311e-05  2.4535009652e-05 2.44265668507e-05 2.45216480489e-05 2.46360542456e-05 2.49760220407e-05 2.49208411551e-05 2.46168084928e-05 2.39635876616e-05 2.36634240087e-05
7.91238734777e-06 0.000165879803087 0.000485889484661 0.000657247594556 0.000780953038241  0.00117304147546  0.00159823558794   0.0018010732528  0.00178374107093  0.00158291037571  0.00132887616812  0.00110143375611 2.39609915819e-05 3.10243432675e-05 3.50283404086e-05 3.51137641294e-05 3.25420491209e-05 3.16621416849e-05 3.05780677886e-05 2.78280172246e-05 2.64329337499e-05 2.54631154098e-05 2.57070253351e-05 2.39652601012e-05 2.34286110235e-05 2.33487882429e-05 2.25441912862e-05 2.31269142118e-05 2.29302291138e-05
9.86432229089e-06 0.000181545405307 0.000513093050784 0.000654440969702 0.000819777764023  0.00125759407586  0.00163903732299  0.00175363533789   0.0017581141996  0.00160028024514  0.00134776546392  0.00109792656215 3.89562479031e-05 4.03682856822e-05 4.07918585771e-05 3.65912144292e-05 3.10507758944e-05 3.23193851163e-05 3.17793827985e-05 2.78538059167e-05 2.68557125826e-05  2.5535703907e-05 2.55122197233e-05  2.3982723405e-05 2.41896475445e-05 2.41232127537e-05 2.34350548357e-05  2.3897374605e-05 2.37558721677e-05
 2.6839132369e-05 0.000191935668422 0.000520347443349 0.000656030840041    0.000793528125  0.00120460975077  0.00158938005458  0.00172451574505  0.00174924048061  0.00161696356129  0.00136705083756  0.00111065855076 8.28656750225e-05 2.85887367021e-05 3.25631767661e-05 3.52349511662e-05 3.48230121387e-05  3.3367815064e-05  3.3021526175e-05 3.19318671694e-05 3.07876922619e-05 2.95123808078e-05  2.9342032359e-05 2.62738362683e-05 2.64458334673e-05 2.55813143209e-05 2.42185314006e-05 2.41481259551e-05   2.460488111e-05
2.79868995833e-05 0.000252914778734 0.000523350456084 0.000664112136805 0.000769244800849  0.00119129262515  0.00159257134226  0.00171233714652  0.00174074478726  0.00162591912631  0.00138829666143  0.00112461818803 0.000134646385533 2.35942302871e-05 3.01870192185e-05 2.96396826793e-05 2.65111527398e-05 2.69465630441e-05 2.74253407904e-05 2.83514435081e-05 2.85324553524e-05  2.8709309752e-05  2.8619230861e-05 2.85331985474e-05 2.86302304143e-05 2.87236415833e-05 2.88147002466e-05 2.90502331859e-05  2.9078916436e-05
9.23747057106e-06 0.000105394932507 0.000474189539429  0.00065757870471 0.000779157632452  0.00113952783569  0.00148509996926   0.0016508350281  0.00171958942412  0.00161894895966  0.00136975672943  0.00110385521614 0.000198441853519  2.5950012858e-05  3.5716815495e-05 3.11932194578e-05 3.00246309766e-05 2.93618501206e-05 2.90097828819e-05 2.84006123275e-05 2.79353813905e-05 2.80742661986e-05 2.80937160602e-05 2.75976947744e-05 2.73060190784e-05 2.73493105072e-05 2.58601914189e-05 2.58644713592e-05 2.67809355103e-05
2.84774620453e-05 0.000317764015575 0.000483886746176 0.000607604195063 0.000762693394298  0.00108900659372  0.00145917543925  0.00174934951617  0.00185576426032  0.00171518469084  0.00141904863192   0.0011269386498 0.000307232678604  1.3795491187e-05 2.82359346396e-05 3.21355936998e-05 2.73334421882e-05 2.70109441994e-05 2.85973228904e-05 2.83892108776e-05 2.84436157907e-05 2.78619081255e-05 2.76714884342e-05 2.74602324554e-05 2.78122299867e-05 2.80406478465e-05 2.69281093413e-05 2.76092782471e-05 2.87257287095e-05
2.67158253923e-05 0.000195947953459  0.00048571220634 0.000636113965537 0.000594074670451  0.00098097248094  0.00145014653608  0.00174663750783  0.00184812964848   0.0017180479612  0.00142023567662  0.00112404499313 0.000446069276729 1.20154369194e-05 3.15048007101e-05 3.38417916425e-05 3.76109463892e-05 3.75671482153e-05 3.46322953145e-05 3.18643132662e-05  3.1019897953e-05 3.00627926517e-05 2.97367596678e-05 2.89433528294e-05 2.91240555702e-05  2.9093005134e-05  3.0050968991e-05 3.02996014094e-05  3.1094267738e-05
6.85224995739e-06 0.000172449130173 0.000427861556594 0.000544743235228 0.000670458911017 0.000995309227861  0.00138967238118  0.00169943239737  0.00182744937493  0.00171956430877  0.00143386187261  0.00112827382609 0.000645959640407 8.18083273477e-06 3.27670515281e-05 3.50765107741e-05 3.53485762097e-05 3.43964194673e-05 3.44275680813e-05 3.31716879227e-05 3.22661033526e-05 3.26702819324e-05 3.26986892805e-05 3.12512558196e-05 3.09632217721e-05 3.05880771216e-05 2.97714050677e-05 2.96165517625e-05 3.04380355579e-05
6.86297679599e-06 0.000116816246301 0.000412705527929 0.000557120266568 0.000604250874512 0.000895739159459  0.00130019727903   0.0016503243556  0.00180613343647  0.00172003021821  0.00144486822331   0.0011328125975 0.000938467598257 8.68379402376e-06 3.30601275947e-05 3.40385315829e-05 3.00601651333e-05 2.91877199689e-05 2.91812427699e-05  2.8291418656e-05 2.72604963798e-05 2.77561238005e-05 2.76041105273e-05 2.77530876963e-05 2.82876989367e-05 2.77135479886e-05 2.87214035517e-05 2.84820406821e-05 3.03299254021e-05
 1.9302513465e-05  0.00010378902828 0.000365674857624  0.00049073973907 0.000574322912338 0.000862023136132  0.00126162880707   0.0016197861641  0.00179285995176   0.0017321109772  0.00146008858972  0.00114367420206 0.000952890832326 3.28286031716e-05 2.71158954878e-05  3.1014639198e-05 3.18893253481e-05 3.22195136913e-05 3.17029009299e-05 3.17578835816e-05 3.16411306786e-05 3.22431930525e-05 3.26720217995e-05 3.17024191798e-05 3.18217917025e-05  3.1907589623e-05 3.23458322219e-05 3.26106354959e-05  3.4259610305e-05
1.98504758906e-05 0.000126035525168 0.000395776207869 0.000523996754275 0.000582144421384 0.000823386287148  0.00119748018493  0.00156903601739  0.00176617026069  0.00173416273411   0.0014796123002  0.00115232211522 0.000953017833848 5.60064997289e-05 2.75270880569e-05 3.21904323417e-05  3.2043426868e-05 3.16132757805e-05 3.24872933901e-05  3.3411927708e-05 3.33201292505e-05 3.29925573177e-05 3.31183595809e-05 3.21801607619e-05  3.2174588492e-05 3.14947842329e-05 3.06745678438e-05 2.95158302587e-05 3.01326092517e-05
3.45208628889e-06 0.000101824591433 0.000359624488277 0.000466363354339 0.000508288596271 0.000693444631206  0.00106857160857  0.00153085381139  0.00178513170547  0.00177468901997  0.00146239249315   0.0011616556096 0.000947124195981 8.95915193942e-05 3.25682039611e-05 3.32582071354e-05 3.20799185974e-05  3.1553853307e-05 3.06619937315e-05 2.90291619999e-05 2.81084406623e-05 2.87199926078e-05 2.90939667793e-05 2.78929995996e-05 2.84424721314e-05 2.78072277464e-05 2.74575639317e-05 2.70768491211e-05 2.85846532555e-05
1.95894374786e-06 8.67313991563e-05  0.00030784373843 0.000379323601965 0.000495807751792 0.000741469499464  0.00114896033052  0.00161653909163  0.00184137673127  0.00180528732238  0.00143214202704  0.00116444244898 0.000951526198395 0.000148754338375 2.84752297904e-05 3.22567404061e-05 3.18603517025e-05 3.16267240884e-05  3.1530624302e-05 3.15207577823e-05   3.185756732e-05 3.17947623555e-05 3.26782193182e-05 3.09963781625e-05 3.16519885952e-05 3.06028822823e-05 2.94048657958e-05 2.89069046672e-05 3.06055522547e-05
 1.5941974038e-05 7.50875209517e-05 0.000295212207723 0.000372708101734 0.000497090463401 0.000762984042663  0.00118470167793  0.00163996505413  0.00185493534878  0.00180804786734  0.00141352000761  0.00115970729731 0.000937338525198 0.000201095663533 4.16667052567e-05 4.65859933932e-05 3.74157922285e-05 4.04346227471e-05  3.8776391652e-05 3.58729470448e-05   3.482356717e-05 3.33733320228e-05 3.33948952416e-05 3.18948382049e-05 3.12076602345e-05 3.09873686687e-05 3.13702393849e-05 3.12009998207e-05 3.26558157117e-05
 1.3190725629e-05 9.75080843496e-05 0.000336914545089 0.000419209002997 0.000537065715647  0.00083376101763   0.0012816357842  0.00172398868927  0.00193028270201  0.00186737179937  0.00144855340224   0.0011804787648 0.000946899203524 0.000314113658724 3.37520755425e-05 4.93504485969e-05 4.86188846054e-05 4.67280401931e-05 4.61731579824e-05 4.06535302434e-05 3.83507052033e-05 3.56645028158e-05 3.46046448801e-05  3.3348389267e-05  3.2945442971e-05 3.29254332664e-05 3.29607218494e-05 3.15324098391e-05 3.27354093504e-05
1.20550343034e-05 0.000121982223456 0.000365921773349 0.000490870616729 0.000623107911614 0.000883217546777  0.00129314938279  0.00169115075909  0.00187700158479  0.00180611765718  0.00144195041874  0.00122235038718 0.000971312247377 0.000486890329138 8.30202129337e-06 3.70120074073e-05  4.1535947598e-05 4.06452024893e-05 4.07968067153e-05 4.08616525973e-05 4.01445575287e-05 4.04575746705e-05 4.07268363257e-05 3.85491657678e-05 3.98573389452e-05 3.86345501497e-05 3.80050106849e-05 3.75113226366e-05 3.79575018434e-05
6.87376279612e-06 9.80201844892e-05 0.000371230991308 0.000523886148177 0.000642898661242 0.000890476748915  0.00130139150103  0.00167553918787   0.0018401041146  0.00175823578812  0.00142962999863  0.00122048850025  0.00097328592142 0.000704383223192  4.2476804592e-06 2.84291658909e-05 3.08682944044e-05 3.08773973161e-05 3.24266906584e-05 3.58333502541e-05 3.73816168176e-05 3.91949375601e-05 3.90183882636e-05 4.13360494493e-05  4.1224713505e-05 4.01584745999e-05 4.01708885203e-05 3.94309644144e-05 3.92910364313e-05
5.16989579625e-06 0.000145554606812 0.000414681170459 0.000560979480095 0.000680777990527 0.000909341408291  0.00130616071039  0.00163485469672  0.00176051759585  0.00168610369108  0.00143726767562  0.00125451462489 0.000992446805917 0.000842615446857 3.13143484456e-05 2.08043565132e-05  2.7978210294e-05 2.52526716893e-05 2.64018741719e-05 2.97423590031e-05 3.24529220255e-05 3.36111042013e-05 3.28808632558e-05  3.5010017398e-05  3.4819779661e-05 3.59786986425e-05 3.67133435377e-05 3.62685937324e-05 3.79306914184e-05
7.90304664199e-06 0.000109414883044 0.000403617866449 0.000581887631206 0.000702843906451 0.000919163864359  0.00120877113635   0.0015130138049  0.00174523536356   0.0017818056434  0.00151350012842  0.00119780571406 0.000969112035622 0.000802508309511 2.20503117866e-05 3.65235160274e-05 3.59101046024e-05 3.72306798468e-05 3.54543990596e-05 3.19767038266e-05 3.11263667559e-05 3.07461764823e-05 2.87242600037e-05 2.98700791747e-05 3.00725517037e-05 3.03481345201e-05 3.34642394144e-05 3.36441458636e-05 3.45686160945e-05
1.10286457422e-05 0.000148628927936 0.000377607204719 0.000494807210956 0.000598522764422 0.000816198735171  0.00114058842785  0.00149818764143  0.00176460237581  0.00181763671549  0.00156878884186  0.00125093195133 0.000999219967569 0.000817892528011  5.4843183736e-05 3.79183037314e-05 3.88169087506e-05 3.93426603174e-05 3.83292188935e-05 3.70892682617e-05 3.58120741637e-05 3.36728921243e-05 3.52339618542e-05 3.10880937181e-05 3.04802769598e-05 3.10096887922e-05 3.12799793656e-05 3.17718790682e-05 3.29363531414e-05
1.23449761156e-05 0.000130591283065  0.00035295257383 0.000468228176086 0.000567500488916 0.000771082303431  0.00109058141689  0.00146587609546  0.00174733104184  0.00181272746101  0.00157539236637  0.00123977837749 0.000996781408263 0.000812556256448  8.8935233231e-05 4.32013837153e-05 4.23957491168e-05  4.2096355463e-05 4.11586189805e-05 3.75830494034e-05  3.5121766045e-05 3.40276881205e-05 3.43960118188e-05 3.46447895904e-05 3.60681121503e-05 3.69695647013e-05 3.64946474092e-05 3.59543528687e-05 3.53248047392e-05
1.35328198985e-05  0.00010364184873 0.000367435009993 0.000506295771215 0.000576438153467  0.00076546956041   0.0010649824468  0.00142395139965  0.00170423089279  0.00177456990446   0.0015469908434  0.00124706326196  0.00101733066179  0.00082556742419 0.000160951226288 2.96555416058e-05 3.71939620951e-05 3.67013878105e-05 3.66969434181e-05 3.66826441679e-05 3.64737661694e-05 3.54982596198e-05 3.59361916084e-05  3.5069989713e-05 3.28100695882e-05 3.48596606964e-05 3.54920510691e-05 3.42266795234e-05 3.38973873455e-05
2.29218175726e-05  0.00013481984421 0.000340340333288 0.000457492391197 0.000576899202273  0.00076739562288   0.0010540473131  0.00140757316515  0.00169762452673  0.00178163384107  0.00156742572164  0.00125369610397   0.0010267149161 0.000836738796159 0.000246521001494 2.14245523344e-05 3.00583198323e-05 2.93945027279e-05 2.97650989264e-05 2.92999052731e-05  2.9705022368e-05 3.01249185813e-05 3.29814776349e-05 3.38410587056e-05 3.08122145352e-05 3.12802065205e-05 3.18325077269e-05 3.30123413732e-05 3.31853142087e-05
5.16183329257e-06 0.000140568822204 0.000362077777391 0.000495424603234 0.000623772630695 0.000812246808689  0.00107916218983  0.00140803121852  0.00168583171671  0.00176833877261  0.00155416969955  0.00124701081799  0.00102878293933 0.000847319988177 0.000374589204231 9.66209536417e-06 2.73573006709e-05 2.98913105177e-05 2.97013028916e-05 3.39633285162e-05 3.71810904049e-05 3.73104125137e-05 3.52446956722e-05 3.50042485853e-05  3.4763371142e-05 3.48863903317e-05 3.46335428634e-05 3.46558885083e-05 3.49537189577e-05
3.04860983591e-05 0.000135643990672 0.000366144277589 0.000527234612274  0.00066715469739 0.000859642773672  0.00111337191072  0.00143077286485   0.0017138460619  0.00181044178259  0.00160578771516  0.00127569015014  0.00105397644065 0.000857714518644 0.000548505851022 1.47770432862e-05 2.36725769916e-05 2.52740568813e-05 2.88992324941e-05 3.20065992038e-05  3.2347443659e-05 3.31927366396e-05 3.34448454817e-05 3.58250722538e-05 3.45837428688e-05 3.48654693534e-05 3.41546869443e-05 3.41914084301e-05  3.3898648292e-05
2.13008701636e-05 0.000142637431475 0.000377397806825 0.000555208569296 0.000710152923838 0.000904504616362  0.00112677581269  0.00139146037644  0.00165329050051  0.00175248632152  0.00156605130331  0.00126914896851  0.00106053953391  0.00086898515147 0.000746750625449 2.16282111985e-05 2.21027924304e-05 2.24871730548e-05 2.22209610298e-05 2.42308214172e-05 2.66692743944e-05 3.08938154118e-05 3.07876922328e-05 3.67165095602e-05 3.99924764106e-05 3.63230559771e-05 3.62155486904e-05 3.55062153588e-05 3.53584680077e-05
2.17372267416e-05 0.000142333213461 0.000370919519668 0.000543134698054 0.000688009409088 0.000842727759163 0.000974531872701  0.00119308248094  0.00149777742252  0.00167039729321  0.00155785225209  0.00130472827066  0.00108415973776 0.000895892100689 0.000769999642493 5.87332717522e-05  7.1183922708e-06 8.90202557161e-06 1.12201689653e-05 1.94015431952e-05 2.38137778862e-05  2.4315717417e-05 2.35502893516e-05 2.62613466964e-05 2.66658059452e-05 2.68738465842e-05 2.82981525538e-05 2.92295155465e-05 2.91392692928e-05
2.20208841292e-05 0.000146288751374 0.000339673509702 0.000502329005435 0.000637455921448 0.000790164771624 0.000917587184887  0.00114216983262  0.00145831628828  0.00164508000202  0.00155075102657  0.00130589348023  0.00108886983676 0.000894107887353 0.000764199721124 7.78392595894e-05 4.35813293674e-06 6.64094868502e-06 9.23051819649e-06 1.41426552649e-05 1.63615596816e-05 1.87092181389e-05  1.8429941397e-05 2.21551805575e-05 2.28683116026e-05 2.36695412287e-05 2.44685052679e-05 2.43972057447e-05 2.39822049221e-05
1.24649269758e-05 0.000143428144452 0.000394872145884 0.000581852501446 0.000737562736075 0.000903491396316   0.0010067049672  0.00114683904087  0.00139522246246  0.00155413857141  0.00145893021252  0.00125275608687  0.00107756264159 0.000883950931141 0.000753412955475 0.000101125182705  5.1599525132e-06 9.95919530274e-06 1.08712385378e-05 1.35322363924e-05 1.48505565229e-05 1.66986891787e-05 1.61048465097e-05 1.85397274933e-05 1.84611435615e-05 1.88939202697e-05 1.94659361711e-05 1.98811871182e-05 1.98962589866e-05
1.06273079439e-05 0.000150249578188 0.000384523919117  0.00059604942362 0.000798836555229  0.00101367391813  0.00112056259098  0.00118532546857    0.001365906105  0.00150375817984   0.0014157923842  0.00123629496119  0.00107334067813 0.000899050851077 0.000759870779895 0.000152859576888 3.53963663576e-06   6.867199191e-06 7.94401689356e-06  1.0867081565e-05 1.30236011214e-05 1.42949572006e-05 1.39506703887e-05 1.66984050509e-05 1.71118281137e-05  1.7321233093e-05 1.78362915844e-05 1.79926322902e-05 1.81944581639e-05
1.47238816957e-05 0.000134428401063 0.000382036945396 0.000596740315977 0.000813183447065  0.00103728353373  0.00109802654727  0.00109180860969   0.0012970794721  0.00151354595367  0.00149880147112  0.00129523025858  0.00107598586164 0.000845949479292 0.000715565023014 0.000193620390449 8.16044238677e-06 1.58393480949e-05 1.58565518985e-05 1.19117662537e-05 1.12928996992e-05 1.26700236544e-05 1.25868863916e-05 1.29593506374e-05 1.35575674722e-05 1.38709322106e-05 1.42131224892e-05 1.43760376504e-05 1.44976888548e-05
1.33916903943e-05  0.00014625466688 0.000330433891231 0.000479291750981 0.000596355531704 0.000728563301991 0.000698922321491 0.000799151126531  0.00122483743377  0.00158060444699  0.00163065832757  0.00142319627396  0.00110496244341 0.000854216662428 0.000699275991934 0.000258150062745  2.4029345174e-05 3.82457653895e-05 3.61742080413e-05 2.92604851318e-05 2.68515730262e-05 2.24266783612e-05 2.19421404792e-05 1.81385819056e-05 1.84274051774e-05 1.79644051068e-05 1.67548698872e-05 1.69469708055e-05 1.65903401664e-05
 6.8256710368e-06 9.86173047087e-05 0.000266651371146  0.00040427186332 0.000529761042671 0.000666654901566 0.000626599072043 0.000734878525536  0.00118271563921   0.0015544547017  0.00163940554229  0.00144517918492  0.00112555187981 0.000872964264642 0.000715176634979 0.000402612405137 2.39578904163e-05 4.13259055246e-05 4.19097216529e-05 3.60009528842e-05 3.34665266017e-05 3.02944752491e-05 3.01960069544e-05 2.57658442272e-05 2.60864989934e-05  2.4895341064e-05 2.15774782701e-05  2.1213397957e-05 2.09282392682e-05
9.97006284393e-06 0.000102378980242 0.000267726900821 0.000368597200499 0.000411176495049 0.000501490463637  0.00039037195101 0.000613189735396  0.00122633599544  0.00168046527225  0.00180033922117  0.00160872394514  0.00118331114325  0.00089122256973 0.000719871224956  0.00059786748679 1.09467526913e-05 4.29197237377e-05 3.98322712326e-05 3.53317628318e-05 3.34120321577e-05 3.16463276894e-05 3.06959285835e-05 2.68642810339e-05 2.77034067786e-05 2.78379216544e-05 2.55125286943e-05   2.620480518e-05  2.5790810812e-05
 1.1069795448e-05 9.53021638876e-05 0.000217784148223 0.000211364226072 0.000170117624568 0.000198490977129 0.000324772267797 0.000712348893859  0.00129773806453  0.00171147784964   0.0017462683931  0.00148565444107  0.00119445681138 0.000944700596532 0.000743236428617 0.000638711231771 8.62239682282e-06 3.21914585627e-05 3.31232600925e-05 3.19445787581e-05 3.37946145796e-05 3.30055166579e-05  3.2803168582e-05 3.20012592815e-05 3.32775225954e-05 3.24576161372e-05 2.92998247733e-05 2.92136077594e-05  2.8964438477e-05
1.31561778306e-05 0.000102723895795 0.000210780993972 0.000181927013512 0.000326005521191 0.000470554198611 0.000618127644051 0.000878555955496  0.00133122535567  0.00171671841586  0.00172482129515   0.0014256672066  0.00123819008644  0.00100919295788 0.000760502876623  0.00064992375868 3.17677420912e-05 2.57802205025e-05  2.9841069267e-05 3.11145278813e-05  2.9533671983e-05 3.13049761029e-05 3.09952774938e-05  3.2010222708e-05 3.24696849467e-05 3.44769239188e-05 3.38077399359e-05 3.36805933116e-05 3.39479194878e-05
1.83912869869e-05 6.87056197777e-05 0.000169940008445 0.000199244154117  0.00030881753198 0.000379714903476 0.000495505873039 0.000784363243737  0.00129363805109  0.00169734395556  0.00169366911932  0.00139394297772  0.00121425102934  0.00100624383101 0.000778715245213 0.000663269756144 6.25023023364e-05 2.01464767614e-05 2.51390429796e-05 2.91410167563e-05 3.07605741781e-05 2.99890216153e-05 2.92406523636e-05 2.90976336379e-05 2.96825894542e-05 3.08409545977e-05 3.00658023082e-05 2.96889211402e-05 3.00627446435e-05
1.43410570816e-05 0.000163304766179 0.000263592904926 0.000236745163071 0.000220492127666 0.000291778329841 0.000458306253842  0.00080496979635  0.00131543085801  0.00171383357639  0.00172927770807  0.00144106036842  0.00116486560714 0.000985347777785 0.000798036357743 0.000673482944992  0.00011512485008 3.53210268344e-05 2.47572799103e-05 2.57299709656e-05 2.68410378657e-05 2.65826472308e-05 2.63451203208e-05 2.62675308332e-05 2.65156648497e-05 2.78402985008e-05 2.59369639135e-05 2.67166642023e-05 2.65263606001e-05
5.05181565444e-06 9.07403679247e-05 0.000233293859187 0.000271893766821 0.000221097891549 0.000242562873845 0.000400737579178 0.000772839745031  0.00127649248145  0.00167005080823  0.00171022559564  0.00143179706986  0.00116773187476  0.00101453852354 0.000817831945061 0.000686790355063 0.000167940482722 7.06943744829e-06 9.52604897616e-06 1.74206732192e-05 1.95373517557e-05     2.1089233e-05 2.13600983467e-05 2.39645696761e-05 2.34000426361e-05 2.53972140805e-05 2.49275049415e-05 2.52231590636e-05 2.55014948053e-05
 9.8547136815e-06 6.10424025121e-05 0.000191327060945 0.000257247740418 0.000252154477991 0.000230873725766 0.000310729319051 0.000674851628597  0.00124060281239  0.00166233556851  0.00170049501691  0.00139517409932  0.00113595331656  0.00100340244539 0.000818413804357 0.000688188149749 0.000241891449722 1.78985990338e-05 9.66292686686e-06 1.01942305227e-05 1.29513008533e-05 1.54992230185e-05 1.50664258356e-05 1.88384624282e-05 1.77653840928e-05 2.10936081976e-05 2.30854914269e-05 2.39180301742e-05 2.43711987675e-05
1.48092857314e-05 0.000102012015857 0.000209430074483 0.000296363589824 0.000321301459199 0.000333591958047 0.000406045943962 0.000731672048689  0.00133039315928  0.00178373898816  0.00182923067455  0.00149278005566  0.00118136988466  0.00110173628287 0.000887252148158 0.000671588355789 0.000324887407042 2.92927375182e-05 2.98226272079e-05 2.48924658732e-05 2.34269286437e-05 2.22089412469e-05  2.1644817018e-05 2.07747837214e-05 2.23577858618e-05  2.0223950174e-05 2.01469485581e-05 2.02099796932e-05 2.04529931856e-05
1.31379508099e-05 0.000128971840861 0.000321493324539 0.000446924919645 0.000437680555047 0.000472008085477 0.000555290446249 0.000814404923357  0.00139726464352  0.00185517460111  0.00187926275213  0.00151580141671  0.00120058991291  0.00114565880978 0.000926150212378 0.000701521340164 0.000483203271049 3.35853493272e-05 2.49736605712e-05 2.48860504135e-05  2.5966385893e-05 2.57221766807e-05 2.55713961557e-05 2.54343568152e-05  2.5151504824e-05 2.50350905399e-05 2.11575972626e-05  2.1609052372e-05 2.21134236236e-05
1.18718404748e-05 0.000135604135711 0.000308172759932 0.000477697451732 0.000591958365669 0.000683361347741 0.000809490821805  0.00101658340647  0.00152632245553  0.00194561857698  0.00192326910041  0.00150719815321  0.00116847438418   0.0011417581786  0.00092125818571  0.00070431266015 0.000582531162751 2.78983979113e-05 2.66294712426e-05 2.30574325572e-05  2.4044509652e-05 2.42329820986e-05 2.38422609506e-05 2.33242534794e-05  2.3175248587e-05 2.28987555422e-05 2.26862239091e-05 2.17565985796e-05 2.22782875135e-05
1.24685365449e-05 0.000103742651463 0.000314028404323 0.000535937143529 0.000684961100504 0.000832842178364  0.00101039684309  0.00120733422693   0.0016694058365   0.0020573403485  0.00199951506838   0.0015315968975  0.00119168414073  0.00114834824651  0.00091910168079 0.000636766394827 0.000555953638736 1.28695080162e-05 4.54040756729e-05  3.8817839156e-05 3.46297716622e-05 3.13596459388e-05 3.06157206205e-05 2.57009084031e-05  2.5832356626e-05 2.50743819026e-05 2.32449899735e-05 2.22072350729e-05 2.29106455796e-05
1.80460398847e-05 4.53327550928e-05 0.000295626032295 0.000566395629807 0.000720122369505 0.000885117851409  0.00108514211277  0.00131584292381   0.0018293216097  0.00227643688263  0.00227718373589  0.00176763728306  0.00131360918846  0.00119112769197 0.000984622352202 0.000588418360157 0.000528854773145 1.85740479563e-05 7.07117273442e-05 5.61549578672e-05  5.3254021975e-05 4.85976930093e-05 4.81868424013e-05 4.03588826824e-05 4.08184883524e-05  3.9107370086e-05 3.54858569118e-05  3.2273648246e-05 3.04165990303e-05
9.83916090076e-06 0.000151681013671 0.000371437295706 0.000628730536992 0.000816451461206  0.00102006829753  0.00128700701436  0.00158373604151  0.00208699643819  0.00248487979916  0.00239588940084  0.00185533088389   0.0013165931468    0.001248606504  0.00104205563717    0.000630655464 0.000536493708183 2.12057806873e-05  7.1351576503e-05 7.11628010016e-05 6.21164014571e-05 5.53576741351e-05   5.540324725e-05 4.46106232516e-05 4.48108019815e-05 4.36224794057e-05 4.00944810728e-05 4.11965556007e-05 4.23629739568e-05
5.04596817206e-06 0.000102908450961 0.000348572818718  0.00066587403414 0.000915346329485  0.00117570609993  0.00148275091838   0.0017501162279  0.00211574893805  0.00237446416585  0.00219340815019  0.00170219717898  0.00116504208595  0.00129749188722  0.00115608017012 0.000668619092655  0.00054022375026 6.74221901293e-05 5.83719464241e-05 6.21270351459e-05 5.92000777799e-05 5.63762587523e-05  5.5848903545e-05 4.99611912447e-05 4.95986240348e-05 4.99933846953e-05 4.82417033145e-05 4.97148921734e-05 5.14854505487e-05
7.17574846308e-06 9.06004636596e-05 0.000412153814586 0.000785845462061  0.00102631789126   0.0013072252081  0.00166273235857  0.00195901688327  0.00226729813432  0.00243941151725  0.00217766839651  0.00160150187999   0.0010099394992  0.00128607928697  0.00118723609519 0.000693650798558 0.000558346021941 0.000135452988683  5.3800398339e-05 6.41199936117e-05 6.35567123616e-05 6.20063118604e-05 6.09853425964e-05 5.85337304848e-05 6.02539280995e-05 5.95495520641e-05 5.84132532181e-05 5.77962624245e-05 5.86060680656e-05
1.22593441821e-05 0.000107733925455 0.000398205968271 0.000770579406883  0.00112044986283  0.00150571236873  0.00195466080938  0.00229617261825  0.00252353772673  0.00255864145523  0.00216238300685  0.00150716949489 0.000917155277702  0.00125545959032  0.00120505528268 0.000753373509058 0.000608310525365 0.000261117890868 2.14103446756e-05   3.247170696e-05 3.91595496547e-05 4.16261286678e-05 4.24071827685e-05  5.1491483439e-05 5.24402516763e-05 5.47077133438e-05 5.39504540993e-05 5.43232821609e-05 5.61736700747e-05
1.22633493358e-05 7.28319828152e-05 0.000400038950992 0.000862421261699  0.00126766495398  0.00170642248458  0.00221645024374  0.00261806793232  0.00280735459534  0.00273529246933  0.00223548290929  0.00148950934343 0.000837916000881  0.00117139705329  0.00113678307622 0.000802925596917 0.000645504715619 0.000396290806528 2.83904334163e-05 2.05211108719e-05 2.79329706063e-05 3.50416388287e-05 3.07262632102e-05 4.25781575657e-05 4.45679977331e-05 4.72753987163e-05 5.17028293626e-05 5.19897734295e-05 5.41714761305e-05
 1.2982879647e-05 0.000128266324436 0.000470605862237 0.000956477857917  0.00136825856643  0.00182103053277  0.00234790615355  0.00275433954353  0.00291110752813   0.0028031217077  0.00235987356752  0.00177794446775  0.00122518673316 0.000968423070747 0.000942412024812 0.000741457202512 0.000611769971149 0.000532718067026 1.31418282922e-05  1.4471375699e-05 2.21241577161e-05 2.62783125332e-05 2.63817406006e-05 3.18817105853e-05 3.01004041417e-05 2.99138277692e-05 3.25376946136e-05 3.32001215448e-05 3.33143611528e-05
1.36966691213e-05 0.000107729972873 0.000529481630079  0.00103888521542  0.00140056779715  0.00180600571632  0.00229422274504   0.0027308443195  0.00297702286979   0.0029685390932  0.00264471795768  0.00218681464393  0.00161053500537  0.00114804616819 0.000867578437454 0.000674196669571 0.000536237644451 0.000470046633331 4.27235431059e-05 6.20522894714e-05 5.33157202651e-05 4.94863111416e-05 4.90208108505e-05 4.03340396829e-05 3.97622060254e-05 3.91028985152e-05 3.52681525509e-05 3.34875874556e-05 3.45902173279e-05
1.74585007456e-05 0.000117788079543 0.000591695715062  0.00111438799238  0.00146459678172  0.00186289599968  0.00235714746481  0.00279152157197  0.00299811371322  0.00293340170185   0.0025982561736  0.00212984808414  0.00159441896452  0.00118073897613  0.00103216918508 0.000803339666985 0.000566041827231 0.000497491007969 9.02587378671e-06 5.68317378288e-05 5.85920561865e-05 5.49991244999e-05 5.47147932013e-05 4.86204684415e-05 4.84878578087e-05 4.98339032265e-05 4.69270286812e-05 4.52933436642e-05 4.72725547173e-05
1.05931444731e-05 9.56355932534e-05 0.000555838756239 0.000971826215622  0.00113600867335  0.00138004629617  0.00178715071069  0.00205343508849  0.00213451843929  0.00212897275961  0.00197318803101  0.00175606282492  0.00144793152065  0.00117997890828  0.00151333529734    0.001238321815 0.000605950285776 0.000500017515632 2.81515821433e-05 4.56229597908e-05 4.79825990902e-05 4.87730095586e-05 4.75023519979e-05 4.91528593846e-05 4.87961143325e-05 4.97863672458e-05 5.11423916654e-05 5.10482117637e-05 5.19590136448e-05
2.08422267454e-05 0.000122013150216 0.000492176237469 0.000832393683293 0.000939236525731  0.00108689298642  0.00138164518875  0.00162206260279  0.00182040887192  0.00194566433698  0.00186001793771  0.00167075790747  0.00136195251805  0.00113337448502  0.00157364560449  0.00131240930764 0.000674008526493 0.000571914946407 0.000122902617901 2.09793602646e-05  2.3924129617e-05 3.00466236156e-05 3.03066067219e-05 3.99544766757e-05 4.03856199053e-05 4.30947377314e-05 4.49562303812e-05  4.4227251402e-05 4.57166459755e-05
3.99577811873e-06 8.92058235288e-05 0.000564767558894 0.000941197817395  0.00100461117972  0.00113345168776   0.0014136671207  0.00165576279144  0.00185451726865   0.0019642176073  0.00183845436929  0.00159722718016  0.00124815586155  0.00101371679184   0.0014943553603  0.00130736336802 0.000733446716815  0.00062340450112 0.000212629010648 3.31518649433e-05 1.15960614254e-05 2.39001471191e-06 1.22763111799e-06 1.51734015548e-05 1.52589100966e-05 1.81256500806e-05 2.29713084011e-05 2.41112576135e-05 2.48426267532e-05
1.07795723698e-05 0.000100272567216 0.000562101180383 0.000979705174503  0.00110556835772  0.00128144160297  0.00158040490645  0.00184821679581   0.0020456566689  0.00210960706833  0.00191131048232  0.00159890235451  0.00118704097993 0.000861812650401   0.0013540182179   0.0012358049454 0.000772786459279 0.000632082233195 0.000280475044535 5.14786152651e-05 3.02463319669e-05 2.16182929567e-05 2.11721795533e-05 4.41161995273e-06 5.00714868485e-06 1.79433761575e-06 5.98101128152e-06 7.06247447643e-06 7.08444833312e-06
3.75473215347e-05 0.000139575454331 0.000602565054418 0.000968612179692  0.00123529654477  0.00149741948967  0.00184532431615  0.00216810790393  0.00235319518245   0.0023268452639  0.00200098550917  0.00160004326948  0.00115450888365 0.000842922965951  0.00126229039352  0.00117976347987  0.00078095276857 0.000633807134948 0.000377820534903 6.42897901477e-05 4.24756342897e-05 3.39752548038e-05 3.38198257163e-05 2.22329521875e-05  2.2114051458e-05 1.95904430491e-05 1.44515837347e-05 1.35905125536e-05 1.35902593083e-05
1.52599321696e-06 0.000243910669522 0.000742363959459    0.001043037573  0.00128440546101  0.00159122986311   0.0020049701852  0.00241856019366  0.00261304759596  0.00250917831813  0.00209002571956  0.00160837550374  0.00112337094055 0.000741378945948   0.0011037515536   0.0010261617876  0.00078281863584 0.000616777180159 0.000498897356669 6.29308778288e-05 3.85489904199e-05 3.52955927292e-05 3.47067851878e-05 2.93553074416e-05 2.97528765843e-05 2.89227512238e-05 2.65034484497e-05 2.59907393135e-05 2.60473661616e-05
4.19634208852e-06 0.000247034184312  0.00067064488898 0.000972019238329  0.00126929939241  0.00162686772404  0.00208411331557   0.0025473555309  0.00273720854191   0.0025714462689  0.00208113642763  0.00158466303691  0.00114764879116  0.00082018084566  0.00115078137315  0.00113855890527 0.000825285547218 0.000641066274892 0.000554312691638 7.31300051013e-05 4.22234505078e-05 3.87527202231e-05 3.78971581787e-05 3.32600484998e-05 3.31580408672e-05 3.23204268245e-05 2.86623516302e-05 2.81931584354e-05  2.7684111807e-05
1.77356663771e-05 0.000217647071169 0.000617757737813 0.000938866679768  0.00125227347555  0.00160054998096  0.00205014142876  0.00252513878029  0.00275281166207  0.00253915380313  0.00196966522507  0.00148833495793  0.00112548702502 0.000764694054888 0.000911306035896 0.000859415502264 0.000719039195495 0.000530707895784 0.000457543845799  4.5990900911e-05  1.3856553341e-05 1.38242840116e-05 1.18649285309e-05 2.19965401727e-05 2.17219677588e-05 2.33111756232e-05 2.43292113037e-05 2.52146361248e-05 2.56531399176e-05
2.77568358875e-05 0.000141995799897  0.00056100945292 0.000841169666505  0.00102888589307  0.00126197579262   0.0015887385406  0.00194478816151  0.00203451054272  0.00162392676986  0.00111281368425  0.00108783714406  0.00120277553655   0.0011418073002  0.00102761483009 0.000982714495501 0.000783531651336  0.00049670752922 0.000419142139797 2.50052486457e-05  3.2488399161e-05 2.32331842839e-05 2.30926999613e-05  4.3080669795e-06 4.23232821379e-06 1.48324465342e-06  7.8683916981e-06 8.29361740065e-06 8.22772172841e-06
1.66714023027e-05 0.000175875560046 0.000417710184563 0.000503736503344 0.000491623758605 0.000490992938998 0.000640588120848 0.000875532220559 0.000820624541902 0.000565717071199 0.000737618154359  0.00109476494969  0.00125575862555  0.00123204577473  0.00121485278323  0.00143631167098  0.00107449314738 0.000532019500418 0.000439324370888 3.38053574934e-05 4.43992611903e-05 4.03849101132e-05  4.1062439428e-05 2.70626048485e-05 2.81397388157e-05 2.47010003155e-05 1.73768304498e-05 1.55676632228e-05 1.50916397571e-05
1.41494916382e-05 0.000118217390182 0.000363168766924 0.000408748038172 0.000319983872499 0.000271809734771 0.000352454851217 0.000505847198154  0.00039241635896 0.000374309760121 0.000789388898288   0.0011374785173   0.0012617687599  0.00122278567842  0.00118693412125   0.0014303707306  0.00109284736644 0.000583498353488 0.000482717783021 9.63863557103e-05 2.77103709961e-05 3.28965169519e-05 3.23187565956e-05 2.95634016315e-05 2.94179152579e-05 2.93185200358e-05 2.65612768656e-05 2.59532374157e-05 2.52827040733e-05
1.71028009028e-06 0.000112406790056 0.000354059277919 0.000436345322209 0.000403627276602 0.000402275976949 0.000497765790831 0.000649955448079 0.000583769887123 0.000434140414427 0.000683026063062  0.00103411582613  0.00120182902332  0.00118620102719  0.00118187913479  0.00144803979065  0.00115641828398 0.000658599823126 0.000543619466851 0.000202401891705 2.45640441103e-05 6.13554798182e-06 4.87009573681e-06 1.47852731962e-05 1.51695276834e-05 1.75369607228e-05 2.18863716992e-05   2.245895184e-05 2.32719502144e-05
 1.5490380057e-06 0.000110014293134 0.000355940965462 0.000461984166906 0.000462898324625 0.000472441596776  0.00055939792362 0.000699746000195  0.00064621691938 0.000436756447437 0.000652447236915  0.00102297195453  0.00120340758589  0.00116002365498  0.00107837664462  0.00121588837407  0.00100821762077 0.000658166865794 0.000553549356558 0.000287896962674 3.06225284427e-05 1.27142636096e-05  1.2250127085e-05 1.45182015102e-06 1.67140693558e-06 3.29513164472e-07  4.0156899158e-06 5.60523374371e-06 5.85342572816e-06
1.49320116313e-07 0.000109851750907 0.000353023729257 0.000456312181461 0.000452937773727 0.000447752931397 0.000509505241221 0.000625692634109 0.000570936924931 0.000446809092692  0.00075888261476  0.00109130287179  0.00123429826024  0.00114084381733  0.00101805017493  0.00120602204571  0.00103096807114 0.000717891012147 0.000588773437826 0.000416452560831 5.23473316661e-05 2.76785384738e-05 2.64108589386e-05 1.57429476558e-05 1.59147331272e-05 1.44221826733e-05 1.06754006261e-05  9.9550575322e-06 1.00740666549e-05
2.99265439509e-05 0.000107614880953 0.000350498277321 0.000462363196064  0.00046891358016 0.000463600590211 0.000517470707779 0.000626971510591  0.00066984894109 0.000658640221677 0.000797005447706  0.00108415585512  0.00121865761428  0.00111079611943 0.000991497423208  0.00121085314718  0.00108877883583 0.000757349473435 0.000620894994825 0.000511078383508 6.55480390841e-05 3.29455436764e-05 3.21538370614e-05 2.53499365439e-05 2.48607759436e-05  2.4753183392e-05 2.17217027729e-05 2.09817292484e-05  2.1100128439e-05
2.65574185959e-05 0.000104128491474 0.000352095439315 0.000483068643569 0.000517693233873 0.000532614898146 0.000601312855579 0.000733583511626 0.000863360762089  0.00088565851956 0.000947579533357   0.0011652310244  0.00127061956967  0.00113013833544 0.000978852673484  0.00118353420982  0.00113603816166 0.000801372822004 0.000623305522088 0.000514490346189 8.64747981942e-05 4.58804923592e-05 4.43301598225e-05 3.82226874311e-05 3.76897050883e-05 3.66898668793e-05 3.30798401608e-05 3.22480959471e-05 3.21869255484e-05
