0.000450470469973  0.00173591525268  0.00344585726317  0.00391801090774  0.00363031885989  0.00351349550939  0.00391444088121  0.00448208687159  0.00506230040423  0.00542932381926  0.00555894003398  0.00530440353038  0.00457721309614  0.00337047034245  0.00182246076281  0.00106336288325 0.000857113008849 0.000867391875964  0.00082411719937   0.0006777163276 0.000598118116675 0.000530125162671 0.000525815062219 0.000401936618495 0.000407269632765 0.000399544234565 0.000352160566575 0.000366360463629 0.000360890287378
2.07580278218e-05  0.00234605488675  0.00389267739408  0.00437241097191  0.00419565610688  0.00431049151191  0.00488509804016  0.00575526566741   0.0067005327967  0.00746908992345  0.00787412639617  0.00774434524726   0.0069676886553  0.00558161639129  0.00368707184069  0.00196880969247  0.00137899089533  0.00136240269838  0.00135704179055  0.00135257729667  0.00134883107517   0.0013383514227   0.0013448064434  0.00133197321772  0.00133257202148  0.00132154118483  0.00131565628668  0.00130423580952  0.00130418299932
5.88412893472e-06  0.00233236934499  0.00386831703948  0.00441211156376  0.00439057343342  0.00454939847906   0.0049955899051  0.00556950880705  0.00619756491892  0.00672529624102  0.00705822957903  0.00706722310413  0.00667392087498  0.00592646087051  0.00483984233083  0.00368930964244  0.00287853804002  0.00273042837704  0.00272076244793  0.00269188600409  0.00267360456999  0.00265919070946  0.00266536952271  0.00263523161723  0.00263656034626  0.00263159040889  0.00261743623116  0.00261517994852  0.00261968108931
4.18126603325e-05  0.00237251120625  0.00393748255869  0.00470177863017  0.00493884164735  0.00515297386168   0.0053711234014  0.00559164637368  0.00581743701412  0.00602727909509  0.00619006514534  0.00626723931608  0.00622312619319  0.00605408916192  0.00577218615397  0.00545137470335  0.00519095118648  0.00508939309925  0.00508426583257  0.00508269077849  0.00508181254535  0.00507957812277  0.00507692390036  0.00507281341819  0.00507336109314  0.00507063710927  0.00506348591999  0.00506457673073  0.00505843237968
1.76833669932e-05  0.00238513398913   0.0040092542626   0.0050592957521  0.00572376469818   0.0061567520123   0.0064177859167   0.0065875194126  0.00668990996704  0.00676394495956  0.00681634280316  0.00687207817174  0.00693304810936  0.00697433996297  0.00701284582438  0.00704782080874  0.00708278402622  0.00710044346065  0.00712279779808  0.00713809605159  0.00714663425963  0.00715546621779  0.00715525808519  0.00716623251725  0.00716780873275  0.00716501972573  0.00717020213053  0.00717495199183  0.00718397503259
6.17001320551e-06   0.0023724503002  0.00409579268233   0.0053981943896  0.00639396698933   0.0071064089154  0.00761186464999  0.00797348912933   0.0082176983522  0.00837509445786  0.00846400682049  0.00850866208334  0.00852523010629  0.00852009463948  0.00851032689789  0.00850203412623  0.00850331668369  0.00849969107413  0.00849447608842   0.0085002406012  0.00850758686219  0.00851343985238  0.00851609212479  0.00852210585697  0.00851684088367   0.0085280517421  0.00852699742639  0.00853106133255  0.00851755766374
1.54639390165e-05  0.00235315024986  0.00410528230013  0.00552008344047  0.00669063119131  0.00758349458827  0.00825160476545  0.00876331027549  0.00913985264738   0.0094043587752   0.0095667538823  0.00964303792153  0.00964557374483   0.0095895523115  0.00949825999922  0.00939447758206  0.00930013850084  0.00923393737318  0.00922325684005  0.00922784688424  0.00922898185861  0.00922811336373  0.00923081999486  0.00923092349678  0.00923620821584  0.00923572382648  0.00924110610659  0.00923517734763  0.00923964874306
1.13111030372e-05  0.00237046736874   0.0040721777411  0.00544820358087  0.00665916477995  0.00758121517254  0.00827592622623  0.00881732808388  0.00922039523053  0.00951287337362  0.00969893288238  0.00979802082282  0.00981882113059  0.00976835983343  0.00967619457256  0.00956816824466  0.00947439533229  0.00941152091154  0.00941014577619  0.00942328800154  0.00943527526526  0.00944673022832   0.0094459200163  0.00946194996536  0.00946103483165  0.00946353307334  0.00947159821907  0.00947209870803  0.00947759130695
5.98328631568e-06  0.00236901488415  0.00405589273457  0.00536958929188  0.00646814949195  0.00729979145744    0.007923336131  0.00840974195569  0.00877457552968   0.0090437510565  0.00922239082821   0.0093281781747  0.00937052566341  0.00935004241095  0.00929550354771  0.00922797940821  0.00916389101321  0.00911582032601  0.00912484788465  0.00913973598695  0.00914505892891  0.00914822535198  0.00915111443604  0.00915201018345  0.00915413276816  0.00915490106454  0.00915527476794  0.00915470387879  0.00915239343085
5.85953266424e-06  0.00235004660402  0.00404069596574   0.0053032434703  0.00625440405019  0.00696915897951  0.00749425880744  0.00788461020812  0.00817081344693  0.00837650174072  0.00851290422485  0.00859349038005  0.00862851432197  0.00862591943045   0.0086032868023  0.00857464884151  0.00855052668943  0.00854431125049  0.00854861972321   0.0085537332143  0.00855574805738  0.00855879648708   0.0085585251502   0.0085618021018  0.00856494657617  0.00856344654573  0.00856435411638  0.00856181640618  0.00856238701012
5.43843199853e-06  0.00237351231684  0.00401724703899  0.00518719913756  0.00607006424169    0.006681001821  0.00710987855945  0.00741562974985  0.00763067886954  0.00778157044433  0.00788540511378  0.00795643989086  0.00800200612884  0.00803091049735  0.00804773858975  0.00805714438417  0.00806241733164  0.00807146741743  0.00808048864521  0.00808346238349   0.0080867994013  0.00808851820787  0.00809200168527  0.00809672489178  0.00809437297685  0.00809769271816  0.00809997861991  0.00810697935464  0.00810632520095
7.80007342261e-06   0.0023581346923  0.00403104436698  0.00517610744463  0.00591089920872  0.00643084552085  0.00680276697462   0.0070623520079  0.00724757636576  0.00737995284252  0.00747864726263  0.00755117412922  0.00760539630247  0.00765073379171  0.00768529546136   0.0077107076173  0.00772615680843  0.00774110868904  0.00774541965023  0.00774568396793  0.00774489405811  0.00774322479252  0.00774689674298   0.0077404483105  0.00774463531128  0.00774507378073  0.00774200133637  0.00773881024099  0.00774167653279
2.90843237929e-06  0.00236397360246  0.00400974476717  0.00512495712053  0.00586847707538  0.00637320936687  0.00671796550967  0.00695108299243   0.0071141407243  0.00723064751977   0.0073199669642  0.00738967841257  0.00744487577694   0.0074945173438  0.00753411443159  0.00756343146384  0.00758173387815  0.00760453023535  0.00760707475393  0.00761221780766  0.00761600727613  0.00761913453871  0.00761903658901  0.00761712625319  0.00761372693238  0.00760972863829  0.00760710314914  0.00760701195458  0.00760648052021
1.47989029914e-05  0.00237357495435  0.00401436602311  0.00512930246495  0.00588015619589   0.0063911735451  0.00674222600458  0.00698336185381  0.00715182812796   0.0072720848219  0.00736250590277  0.00743386080292  0.00749362400842  0.00754449595807  0.00758726240413  0.00762154231699  0.00764817682128  0.00766188395569  0.00767290814376  0.00767775443827  0.00768072069025   0.0076859148397  0.00768716508626  0.00769056059576  0.00769489290215  0.00769375434797  0.00769937222728  0.00769987341015    0.007699880484
1.15683856078e-05  0.00234511586701  0.00403137703321  0.00519329305953  0.00594690646031  0.00648373862882  0.00686024315728  0.00712189896702  0.00730577665691  0.00743635994582  0.00753155648848  0.00760313371721  0.00765873025287  0.00770297062869  0.00773750025161  0.00776349593341  0.00778149432399  0.00779440360356   0.0077973924444  0.00780000206908   0.0078016585239  0.00779666030549  0.00780130887344  0.00780226803461  0.00780062933458  0.00780503414016  0.00780243560688  0.00780305730978  0.00780270850219
2.97275455027e-06  0.00235919597448  0.00403049066533  0.00520820391227  0.00602847194052  0.00659770732817   0.0069941695412  0.00726613124391  0.00745521626537  0.00758619697642  0.00767948696611  0.00774521221712  0.00779227523024  0.00782942402053  0.00785702385865  0.00787710826495  0.00789050012164  0.00789993593331   0.0079063496862  0.00790919777568  0.00791106281041  0.00791318801339  0.00791265101073  0.00790818701118   0.0079057137862  0.00790797076678   0.0079106768694  0.00790935859463  0.00790856334695
4.36595857886e-05  0.00237193285603  0.00401011439777  0.00516469996775  0.00603231259277   0.0066295328833  0.00704640440144  0.00734056789909  0.00754565965701  0.00768770845933  0.00778519884396  0.00785178904518  0.00789633778818  0.00792710212603  0.00794814038274  0.00796265576965  0.00797186961183  0.00798209477744  0.00798553454483  0.00798453812645  0.00798854894928  0.00799359815479  0.00799126811067  0.00799347638503  0.00799690871046  0.00799207605695   0.0079871491644   0.0079860368281  0.00798813879252
4.28175469039e-05  0.00235319845247  0.00403944493449  0.00523113726894  0.00602926054733  0.00661543969109   0.0070391243127  0.00734183472175   0.0075578732953  0.00771097491886  0.00781792438605   0.0078922157965  0.00794463955051  0.00797984985032  0.00800534161593  0.00802464254339  0.00804280726924  0.00805001841452  0.00805932508159  0.00807099462678   0.0080780159888  0.00808097659672  0.00808568441568  0.00808564635453  0.00808697057526  0.00809679943142   0.0080927091352  0.00810036407236  0.00809329206382
4.2354565372e-06 0.00237705041439 0.00402626326172 0.00519945509103 0.00607764820951 0.00668172428465 0.00709914836942  0.0073954433583 0.00760308549388 0.00775156368594 0.00785605996336 0.00793195931657 0.00798680959017  0.0080220453573 0.00804620006409 0.00806287516582 0.00807391633517  0.0080802998365 0.00808799482608 0.00809340596268  0.0080972678927 0.00810267105086 0.00810156700936  0.0081116063345 0.00811142118934 0.00810866441759 0.00811147996632 0.00810971496217 0.00811389720793
5.48429652982e-06  0.00236063172121  0.00402224223985  0.00519789668885  0.00604290873103  0.00664247087975  0.00707009043906   0.0073754808335  0.00759268672337  0.00774513324303  0.00785076977367  0.00792176127903  0.00796780018018  0.00799735530171  0.00801517247704  0.00802567367863  0.00803255316772  0.00803960921818  0.00804561594006  0.00804852416287  0.00805319644573  0.00805264930188  0.00805773038822   0.0080515888649   0.0080547225166  0.00805120103752  0.00805026416201  0.00804761041681  0.00805322991759
3.93780403665e-06   0.0023676534558  0.00403338657177  0.00521268045438  0.00605123165787  0.00664670275984  0.00706667130975  0.00736763261702   0.0075804646351  0.00773201426997  0.00783770508843  0.00791275701791  0.00796534924188  0.00799932333184  0.00802202795059  0.00803739110385  0.00804676449805  0.00805457289724  0.00805872898796  0.00806306751519  0.00806012485037  0.00806114892849  0.00806295466026  0.00806469800971  0.00806719031536  0.00806915813494  0.00807434439414  0.00807812744733   0.0080747479192
5.53627332799e-06  0.00235567038443  0.00402315484013  0.00520285503603  0.00603642769845  0.00662191136483  0.00703708573382  0.00732586722191  0.00753004268968  0.00767174977271  0.00777220020854  0.00783915352787  0.00788134289382  0.00791272980296  0.00793236700479  0.00794432929746  0.00795243664605  0.00796078460682  0.00796720601246   0.0079732739415  0.00797922232253  0.00798230254308  0.00798274755296  0.00798531017852   0.0079835022164  0.00797985452281  0.00798255333332  0.00798019402389  0.00797931022874
2.36838025401e-06  0.00236466650688  0.00402664407003  0.00519382523905  0.00601311113665  0.00659093759245  0.00699767192607  0.00728489836468   0.0074867998008  0.00762907088715  0.00772886211141  0.00779975276403  0.00785061325796  0.00788630180103   0.0079120868048  0.00793072835827  0.00794261967891  0.00795185752948  0.00795704337483  0.00795688148989  0.00795692876931  0.00795571578368  0.00795768060805  0.00795127112168  0.00795559996415  0.00795483041386  0.00794875779534  0.00794961705038  0.00794999629453
2.74616425215e-06  0.00236499757479  0.00402672117926  0.00519105447829  0.00600569002413  0.00657870390712  0.00698006629979  0.00726349680759  0.00746263400962  0.00760443279413   0.0077048450023  0.00777884115393  0.00783545152587  0.00787563686697  0.00790677611706  0.00793077915798  0.00795112354924  0.00796048645106  0.00796905370596  0.00797941211103  0.00798819133043  0.00799648485825  0.00799681381651  0.00800995484483  0.00800672536281  0.00801174282506  0.00802028264257  0.00801601645021  0.00801983820691
4.98519095457e-06  0.00235011649014  0.00404477920588  0.00524137878037  0.00603152006644  0.00660233241564  0.00700899590987  0.00729288354207  0.00749392664846  0.00763574451556  0.00773701120658  0.00780804937557  0.00785748260726  0.00789314670014  0.00791745815713  0.00793383374474  0.00794339528815  0.00795261952033  0.00795704339583  0.00795765670073  0.00795630272821  0.00795518010558  0.00795780447681  0.00795467410004  0.00795500402498  0.00795572245844  0.00795025230813  0.00795540499817  0.00795447306916
1.11772933864e-05  0.00237421717452  0.00402027620742  0.00518476697128  0.00605002990098  0.00664178295962  0.00705038672016  0.00733523614207  0.00753248628027  0.00767009851719  0.00776615657969  0.00783443482978  0.00788380727032  0.00791883391674   0.0079448668657  0.00796430011776  0.00798175889536  0.00799177929104  0.00799915405066  0.00800653235156  0.00801483451034  0.00802745049775  0.00801624545961  0.00802730076928  0.00802967255141  0.00803082458061  0.00803758545796  0.00802788269644  0.00803313850945
8.65655238572e-06  0.00236127558548  0.00401837026652  0.00518222936348  0.00601256007297  0.00660056739497  0.00701863102723  0.00731724762501  0.00752974926962  0.00767997872629  0.00778593263918   0.0078601898352  0.00791194523569  0.00794880302382  0.00797421931499  0.00799130209957  0.00799966968839  0.00800526050027  0.00801307173265    0.008015264304  0.00801460209435  0.00800790027257  0.00802089820007  0.00801166250212  0.00801146526351  0.00801540220569  0.00801027144702  0.00801840189379  0.00801209255935
7.46336041176e-07  0.00236293629008  0.00402727407559  0.00520019418515  0.00602842279026  0.00661442262515  0.00702885742112  0.00732419482731  0.00753380498205  0.00768318244996  0.00778782554486  0.00786126781857   0.0079120455825   0.0079441023244  0.00796507696614   0.0079791833772  0.00799003912795  0.00799881002615  0.00800344559285  0.00800762677013  0.00801251165348  0.00801865801545  0.00801919505178  0.00802735915851  0.00802710712794  0.00802612133375  0.00803285960536  0.00803391160535  0.00803360972529
6.08646268558e-07  0.00236287594575  0.00402956569745  0.00520791010481  0.00604133454999  0.00662850618898  0.00704162542097  0.00733206663859  0.00753613229131  0.00767916789147  0.00777969372562   0.0078500701397  0.00789925267089  0.00793437982909  0.00795930021235  0.00797713459205   0.0079913964745  0.00800049306324  0.00800690271076  0.00801522227052  0.00801762154336  0.00801562113842  0.00801844752699  0.00801308513947  0.00801532544647  0.00801478392696  0.00801514842069   0.0080173278225  0.00801889046313
9.38121978529e-07  0.00236182572341  0.00402716252168   0.0052020689327  0.00603094252593  0.00661515571608  0.00702740266265   0.0073176026431  0.00752230417839  0.00766647691598   0.0077685221295  0.00784046391346  0.00789109540091  0.00792778444564  0.00795349320525  0.00797089924015  0.00798066462441  0.00798823392094  0.00799441552261  0.00799419403103  0.00800082759921  0.00800483214387  0.00800551764568  0.00800783677867  0.00800981117589  0.00800751954603  0.00799772496279  0.00799798808725  0.00799498476333
1.02651002425e-06  0.00236140070992  0.00402556057291  0.00519706483602  0.00602119293836  0.00660158596685  0.00701151452756  0.00729969202892  0.00750311693704  0.00764612849265  0.00774705369372   0.0078174415511  0.00786702970581  0.00790257552767  0.00792880582274  0.00794917712106  0.00796728008203  0.00797522916048  0.00798016997096  0.00798891900422  0.00798878729563  0.00799064363356  0.00799248950986   0.0079945130647  0.00799473120239   0.0079981835944  0.00800171597603  0.00800117484813  0.00800464079205
1.54304569437e-06  0.00236342887979  0.00402753552347  0.00519826280486  0.00602189510766  0.00660261697794  0.00701092734902  0.00729974248998   0.0075029725925  0.00764696771114  0.00774790495331  0.00782007532244  0.00787174564891   0.0079068625685  0.00793160803823  0.00794886656895  0.00795824248338  0.00796913357239  0.00797561023893  0.00797723811591  0.00797564836696  0.00797216803532  0.00797685483919  0.00797288039534  0.00797586895768  0.00796984115353  0.00798460583368  0.00798498931497  0.00798217259397
3.47158808709e-06  0.00234774897362  0.00404061804184   0.0052360223276  0.00602367660791   0.0065918113452  0.00699882692275  0.00727992480632  0.00747890093032  0.00761681550631  0.00771558802497   0.0077821381788  0.00782533620792  0.00785992216067  0.00788302656949  0.00789795809078  0.00790678438318  0.00791667673382  0.00792134020982   0.0079245161882  0.00792951078792  0.00793647680052  0.00793503416745  0.00793945657544  0.00793903039941  0.00794278952938  0.00793758238327  0.00793550484578  0.00793768828901
3.36537979208e-06  0.00237433714292  0.00401834955695  0.00517452119787  0.00602669782902  0.00661032233801  0.00701281533413  0.00729446208031  0.00748948226433  0.00762657762324  0.00772304119922  0.00779341550812  0.00784590690628  0.00788295927453  0.00791063337974  0.00793137726807  0.00794812869608  0.00795731134248  0.00796437476308  0.00797112766651  0.00797681077372  0.00798028624954  0.00798185626871  0.00798754358185  0.00798585902662  0.00798751568831  0.00798592305195  0.00798568557351   0.0079817608131
7.1141159875e-06 0.00235679782936 0.00404170209481 0.00522593609944 0.00601826620941 0.00659312558681 0.00700245511919 0.00729489694746 0.00750292038441 0.00765155690189 0.00775629560696 0.00783216021643 0.00788829491316   0.007927131827 0.00795532494985 0.00797496799663   0.007986369621 0.00799392168064 0.00800383304844 0.00800072073055 0.00800246651714 0.00800083656461 0.00800357627553 0.00799916384854 0.00800077072128 0.00800016868648 0.00799924694107 0.00799681957282 0.00799802877971
1.40649713761e-05  0.00237714806206  0.00401847537233  0.00518260964609  0.00604816291327   0.0066408090635  0.00705280414224  0.00734046376438  0.00754181460282  0.00768338690927  0.00778375462747  0.00785455733335  0.00790421279871    0.007939639651  0.00796463471178  0.00798228836516  0.00799603222569  0.00800399128248  0.00800843753385   0.0080191386835  0.00802258308585  0.00802587046654  0.00802589856421  0.00802774032676  0.00803067391742  0.00803168430027  0.00803113185807  0.00803549179599  0.00803852961313
1.36750078643e-05  0.00235621003467  0.00401693553026  0.00518172758967  0.00601376266792  0.00660284396722   0.0070215204464  0.00732050100525  0.00753279882733     0.00768201368    0.007785665014  0.00785619851043  0.00790285538176  0.00793363138882  0.00795347071617  0.00796693935469  0.00797663461403  0.00798550477196  0.00798930441079  0.00799395653942  0.00799710663897  0.00800269265136   0.0080039932512  0.00800974333706  0.00801106252412  0.00801001422886  0.00801360693221  0.00801432652536  0.00801313975777
2.13302613193e-06  0.00236458564983  0.00402957206343  0.00520310800477  0.00603185331821  0.00661785102899  0.00703026862091  0.00732372132676  0.00753082245516  0.00767812943807  0.00778155686591   0.0078557335954  0.00790939222809  0.00794554560182  0.00797159359025  0.00799069487727  0.00800580280495  0.00801494422553  0.00802240006503  0.00802837785698  0.00803206275729   0.0080343995242  0.00803486973899  0.00803978856435  0.00803824179395  0.00804178307547  0.00804111448624  0.00804120232697  0.00804304714294
1.71603313037e-06  0.00236303930052  0.00402982376907  0.00520791019793  0.00604003859237  0.00662686391659  0.00704045693949  0.00733216907131  0.00753793775506  0.00768310500799  0.00778547216156  0.00785726188712  0.00790654725469   0.0079402569398  0.00796182571754  0.00797474225304  0.00798066753524  0.00798784503225  0.00799286590754  0.00799483486072  0.00799513703808  0.00799410497611  0.00799800401089   0.0079891532244  0.00798918885447  0.00799037415815  0.00798446091831  0.00798443305861  0.00798229511809
2.82895128001e-06  0.00235846009641  0.00402446322027  0.00519931977496  0.00602509403944  0.00660571730363  0.00701680928572  0.00730324594273  0.00750493790569  0.00764476347994  0.00774338476767  0.00781023984869  0.00785483917044  0.00788923879036  0.00791388990463  0.00793185998119  0.00794495355596  0.00795502716044  0.00796076867775  0.00796352814199  0.00796521699991  0.00796469412815  0.00796507268501  0.00796092952488  0.00796165994972  0.00795929134069  0.00795549229791  0.00795517008536  0.00795512018298
6.37559947723e-06  0.00235229507257  0.00404434176597  0.00523584824429  0.00601951477347  0.00658644460083   0.0069905237778  0.00727339423356  0.00747332761842   0.0076145857993  0.00771484386792  0.00778636678153  0.00783895559316  0.00787715205223  0.00790583558903  0.00792729399028  0.00794316434171  0.00795234840116  0.00795871232353  0.00796288686602  0.00796643581716  0.00796859210577  0.00797171805116  0.00797755650941  0.00797896921762   0.0079815529408  0.00798991966128  0.00799092326707  0.00798976475844
1.32868479027e-05   0.0024072574226  0.00403401641076  0.00519045038399  0.00604093899592  0.00662355770601  0.00702590248124  0.00730713994793  0.00750257811348  0.00764062407732  0.00773818655774  0.00780918121676  0.00786108660879  0.00789712640431  0.00792288450062  0.00794124058016  0.00795522865803  0.00796481796983  0.00797035011545   0.0079774451173  0.00798375140466  0.00799130361572  0.00798969200602  0.00800205526501  0.00799511836837   0.0079978328384  0.00799370195789  0.00799934538288  0.00799724884626
1.46568095994e-05  0.00233152214379  0.00400612677571  0.00517053104517  0.00600361407194   0.0065904403841  0.00700342930912   0.0072978363424  0.00750539322939  0.00765120352795  0.00775256835242  0.00782369016846  0.00787405914141  0.00790952683931  0.00793561564294  0.00795503607879  0.00796978298707  0.00797895005398  0.00798700964755   0.0079898285751   0.0079942760099  0.00799536543159  0.00799967203774  0.00799352960947  0.00800131734124  0.00800041763888  0.00800696161819  0.00800532034393  0.00800558776879
5.76509607381e-06  0.00235128267862  0.00404359927109  0.00523939218077  0.00603212922083  0.00660790289105  0.00702123131986   0.0073124918044  0.00752021828343  0.00766738260087  0.00777211017306  0.00784479197365  0.00789429347762  0.00792890567796    0.007951527972  0.00796578927289  0.00797410756198  0.00798238086476  0.00798647340709  0.00799108866432  0.00799241400513  0.00799392273996  0.00799484473017    0.007997046282  0.00799691382294  0.00799775072297  0.00799697712127  0.00799402885244  0.00799978726343
1.1941726987e-05 0.00240876767637 0.00403531527784 0.00519861388185 0.00605596421066  0.0066432404233 0.00705220175157 0.00733517546805 0.00753228171257 0.00766955878149 0.00776667881045 0.00783454196693  0.0078813380929 0.00791552739591 0.00793861221599  0.0079535603526 0.00796161402601  0.0079691254821 0.00797705600645 0.00797439518167 0.00797452966784 0.00797393937591 0.00797595505111 0.00797275042883 0.00797336798638 0.00796941021514 0.00796634048326 0.00796673103014 0.00796184310283
1.39364740082e-05  0.00232669200064  0.00400426990755  0.00516857213284  0.00600227355018  0.00658966741992  0.00700153047155  0.00729654417379  0.00750422349646  0.00765067653626  0.00775215204645   0.0078240704997  0.00787572215123  0.00791068826396  0.00793635319779  0.00795577281997   0.0079727063367  0.00798182306392  0.00798800803313  0.00800028862248  0.00800596184896  0.00801549883765  0.00801452310089  0.00802102302877  0.00802410159517  0.00802709059725  0.00802764722381  0.00802389153915  0.00802783031657
6.33574117183e-06  0.00235201855722  0.00404263321009  0.00523490559187  0.00602361492224  0.00659634679941  0.00700700218534  0.00729645617199  0.00750289219323  0.00764993796276  0.00775520782015  0.00783015805271  0.00788417802475  0.00792280470702  0.00795028746565  0.00796942577286  0.00798205421115   0.0079895313113   0.0079969486998  0.00799974602207  0.00800433983245  0.00800621607437  0.00800909765993  0.00801174229476  0.00801382951203  0.00801664123713  0.00802609832732  0.00803069219751  0.00803321034443
1.24922124236e-05  0.00241077322377  0.00403681921908  0.00519938613589  0.00605551289112  0.00664246719622  0.00705125990803  0.00733522211702  0.00753340349882  0.00767218105721  0.00777012157316  0.00783873828724  0.00788629625439  0.00792008508305  0.00794384263013  0.00796107702301  0.00797354188063  0.00798340437595  0.00798897656212  0.00799131598534  0.00799358319361  0.00799023021844  0.00799184196934  0.00799070568112  0.00799309956446  0.00798918433947  0.00798995880361  0.00798764740323  0.00798634179589
1.39816507766e-05  0.00232640896258  0.00400590893769  0.00517374805219  0.00601240323975   0.0066037360918  0.00701782715496   0.0073150577012  0.00752420555565  0.00767178131776   0.0077738918335  0.00784618948058  0.00789725190004  0.00793110918794  0.00795441068004  0.00797025361118  0.00798111568298  0.00798925572397  0.00799465391287  0.00799946901097  0.00800172174596  0.00800347619059  0.00800565351509   0.0080025076951  0.00799989862026  0.00800605011726  0.00800034991587  0.00800198003451  0.00800417659745
4.7403647377e-06 0.00234964757299 0.00404043776471  0.0052337557108 0.00602331215417 0.00659624669366  0.0070080782344  0.0072968313836 0.00750235251192 0.00764736610845 0.00775044316941 0.00782228394108  0.0078730033321 0.00790981600714 0.00793631595907 0.00795545525274 0.00796931287535 0.00797810829178 0.00798534067039 0.00798850175736 0.00799205175969 0.00799340277313 0.00799469911091 0.00799585557874 0.00799438295841  0.0079960779681 0.00799498054436 0.00799595956236 0.00799352276229
1.35049468367e-05  0.00241406089026  0.00403960440179  0.00520043986953   0.0060546566467  0.00664088829864   0.0070477145115  0.00733189781779  0.00753007056772  0.00766992622762  0.00776870445934  0.00783950090825  0.00789016590451  0.00792485734907  0.00794890355115  0.00796552907339  0.00797763759672  0.00798587246965  0.00799176308393  0.00799780014739   0.0080010658122   0.0080021388477  0.00800563668279  0.00800527283391  0.00800717263599  0.00800420534796  0.00800202305571  0.00799700996064  0.00800282675101
1.69677427005e-05  0.00232373269817  0.00400310300085  0.00517168522879  0.00600978975261  0.00659968712338  0.00701423090413  0.00730950904419  0.00751775637968  0.00766381081571  0.00776610312179  0.00783768420793   0.0078870830336  0.00792316234481  0.00794852802876  0.00796599033596  0.00797691271902  0.00798509283661  0.00799109252624  0.00799568411971  0.00800162013802  0.00800654755883  0.00800604986116  0.00801079998152  0.00801231387545  0.00801172980083  0.00801376254496  0.00801846404835  0.00801358311026
5.98219070425e-06   0.0023515050567  0.00404296908134  0.00523567976526  0.00602486655149  0.00659829365138  0.00701017983562  0.00730083974323   0.0075082547495   0.0076553372702  0.00775982000572  0.00783255655472  0.00788287057286  0.00791827537895  0.00794289505889  0.00796046258849  0.00797187347853  0.00798104411282  0.00798565359517  0.00798762915748  0.00798425741335  0.00798940675149  0.00798818706047  0.00799062527214  0.00799106820611  0.00799362368664  0.00799549221104   0.0079954847334  0.00799916816898
1.32435646585e-05  0.00241618858958  0.00404031411937  0.00520087352566  0.00605244661303  0.00663618098638   0.0070423906495  0.00732418513585  0.00752073661041  0.00765881786913   0.0077568112682  0.00782677323506   0.0078772477686  0.00791296229935  0.00793818316457  0.00795568262179  0.00796938115965   0.0079769135908  0.00798538539241  0.00799206970875  0.00800082776812  0.00800065713052  0.00800545643774  0.00800661591189  0.00800603594065  0.00800673640693  0.00800839204169  0.00800514218777  0.00800094864384
1.61597809005e-05  0.00232291523395  0.00400508335197  0.00517496287578  0.00601550543853  0.00660835484962  0.00702252003921  0.00732044435211   0.0075297341343  0.00767781646402  0.00778002410673  0.00785318986513  0.00790614413145  0.00794103619478  0.00796635265799  0.00798513225338  0.00799941609565  0.00800849511631  0.00801405520773  0.00801912363726  0.00801960297119  0.00802441009014   0.0080233647181  0.00802221424884  0.00802284891857  0.00802485724374  0.00802710599957  0.00803087668769  0.00803462155642
3.41883221811e-06  0.00234977978672  0.00403956834602   0.0052340745601  0.00602513473421  0.00659811824758  0.00701240006691  0.00730094684865  0.00750704129514  0.00765094493409  0.00775369764411  0.00782222044122  0.00786625536668  0.00789966328353  0.00792166898589  0.00793612636788    0.007945256054  0.00795486562742  0.00795985237588  0.00796394620704   0.0079648615585  0.00796441025374  0.00796656224745  0.00796520416036  0.00796843049333  0.00796048573273   0.0079570421689  0.00795745523013  0.00795546633798
1.48483889223e-05     0.00241910545  0.00404466502614  0.00520453896209  0.00605367124278  0.00663773702732  0.00704276760401  0.00732631498087  0.00752358036063  0.00766311078185  0.00776088922379  0.00783203844603  0.00788493805417  0.00792039020107  0.00794625830975  0.00796546146173  0.00798017823048  0.00798904072005  0.00799519793501  0.00799719783755  0.00800194440491  0.00800166996108  0.00800687120171  0.00800309630764  0.00800976632239  0.00800876349417  0.00801102575536  0.00801399587936  0.00801214223926
1.23624921645e-05  0.00230812817364  0.00402002462924  0.00521436601308  0.00602376499785  0.00660814930512  0.00702107792122  0.00731526017504  0.00752286457899  0.00766947804787  0.00777234134308  0.00784580811291  0.00789887310611  0.00793667847583  0.00796423499136  0.00798385743769  0.00799701240696  0.00800538719078  0.00801205845448  0.00801750688276  0.00802159218793   0.0080238477365  0.00802230224534  0.00802871127022  0.00802548727095  0.00803233843083  0.00802889609065  0.00802766126338  0.00803172770149
1.1929050895e-05 0.00241720604474 0.00403576019856 0.00519086120289 0.00603710361422 0.00662005686714 0.00703187974744  0.0073179367891 0.00751993789258 0.00766164765539  0.0077626443873 0.00783224894256 0.00787943884703 0.00791314938163 0.00793540667251 0.00794978390316 0.00795925662261 0.00796647743741 0.00797314779732 0.00797747488929 0.00798179154628 0.00798687424934 0.00798948064482 0.00799040400891 0.00799097579264 0.00798815829417 0.00799170654038 0.00798988199256 0.00798720678771
1.24405895149e-05  0.00230690533284  0.00401890936795  0.00521181860152  0.00601966590136  0.00660285458688  0.00701462353225  0.00730902846158  0.00751689650908  0.00766398291689   0.0077665599825  0.00783943562731  0.00789148195439  0.00792769047402  0.00795413855756  0.00797377632041  0.00798803961386  0.00799727671686  0.00800436574964  0.00800571259452  0.00801067020437  0.00800874845887  0.00800988337524  0.00801547989933  0.00801331829491  0.00801968914499  0.00801935876008  0.00802278321087  0.00802307678667
1.35826227624e-05  0.00242081456977   0.0040399511537   0.0051953651219  0.00604207774042  0.00662562434254  0.00703559256164  0.00732101340146  0.00752169941971  0.00766255761887  0.00776286940669  0.00783299592521  0.00788121351706  0.00791638605279  0.00794050794959  0.00795691717041  0.00796711464025   0.0079762649129  0.00798056486999  0.00798666146055  0.00798475702071  0.00798796142574  0.00799177426316  0.00798643610222  0.00799258509611  0.00798735973446  0.00798708454583  0.00798567988276  0.00798589913134
1.31250397496e-05  0.00230747270664  0.00401756512181  0.00520940767683   0.0060158176207  0.00659718576583  0.00700842078213  0.00730169498975  0.00750895344258  0.00765574290921  0.00775805191326  0.00783061507944  0.00788275275397  0.00791739258731  0.00794199875256  0.00795985973149  0.00797499459453  0.00798340091298  0.00799083552634  0.00799940197697  0.00800458255333  0.00801172168404  0.00801095223583  0.00801715662385  0.00801447922377  0.00801644794307  0.00801761911451  0.00801739217856  0.00801902888074
6.30265668875e-06  0.00236966435298  0.00401775266879  0.00517908833211  0.00604032494624  0.00662974460626  0.00703712524122  0.00732462357177    0.007525757807  0.00766774994286  0.00776804854936  0.00784003049648  0.00789123551518   0.0079275355393  0.00795295658356  0.00797019061086  0.00798083734312  0.00798900632609  0.00799483273892  0.00799697679711  0.00800329359602   0.0080045250221  0.00800454658689  0.00800884451715  0.00800768976916  0.00800740924859  0.00800971884961   0.0080114620546  0.00801193169058
7.9150758087e-06 0.00236081604071 0.00404088423343 0.00522526275267 0.00601384699484 0.00658972615082 0.00700664774302 0.00730104276207 0.00751093223759 0.00765846616856 0.00776247094051 0.00783392338712 0.00788302179247 0.00791833595502  0.0079431908133 0.00796088166642 0.00797373922119 0.00798265596197 0.00798934723384 0.00799527863977 0.00799425518472 0.00799521756274 0.00799751237808 0.00799654335329 0.00799740285369 0.00799696379187 0.00799454713312 0.00799368041006  0.0079951934222
7.55957757596e-06  0.00236434920448  0.00402060442436   0.0051896874594  0.00605222925816  0.00664040779352   0.0070450392888  0.00732943379476  0.00752813065777   0.0076688987022  0.00776836272807  0.00784010616113  0.00789185440294   0.0079271843572  0.00795200863705  0.00796952312759  0.00798294323781  0.00799137815897  0.00799743856574  0.00800332160848  0.00800843325283  0.00801396195344  0.00801475339663  0.00801869849842  0.00802092731868  0.00802438274072  0.00802879115931  0.00803023421338  0.00802559499574
9.5925804971e-06 0.00236551066285 0.00404451613862 0.00522966699386 0.00602149021103 0.00660005264369 0.00701793070875 0.00731363132467 0.00752366141457 0.00767112325217 0.00777465094232 0.00784616145996 0.00789564589842  0.0079308092618 0.00795518901034 0.00797182703849 0.00798237787249 0.00799035756869 0.00799684067271 0.00799877237525  0.0080045601786 0.00800472522775 0.00800402302635  0.0080086695011 0.00800435656306 0.00800632286269 0.00800548727461 0.00800624464469 0.00800911064881
1.57337068341e-06  0.00236224456096  0.00403985726614   0.0052302737396   0.0060634643727  0.00664484524242  0.00705084895795  0.00733347057891  0.00753165108034  0.00767103919623  0.00776958801141  0.00783891453276  0.00788783039111  0.00792212483315  0.00794639799456  0.00796407276929  0.00797840239486  0.00798786244015  0.00799395825491  0.00800115844039  0.00800244533155  0.00799931698844  0.00800759207531  0.00799719518334  0.00801125797421  0.00800761770548  0.00800376202297  0.00800946578696  0.00800645999186
1.16256332254e-06   0.0023639416261  0.00403189363211  0.00520922057545  0.00603815292914  0.00662368937661  0.00703622924968  0.00732687440228  0.00753066703204  0.00767318013214  0.00777286486662  0.00784266895045  0.00789125746985  0.00792607332201  0.00795051678044  0.00796734194016  0.00797739686184  0.00798594274586  0.00799113072479  0.00799309504439  0.00799526198193  0.00800034420436  0.00799888991316   0.0080037145743  0.00799023252456  0.00800009011748  0.00801043299357  0.00800106286434  0.00800504315526
6.87591917516e-07  0.00236331580147  0.00403028416907  0.00520504545913  0.00603034039145  0.00661256674491  0.00702334552817   0.0073134233545  0.00751818591714  0.00766260979833  0.00776442926817  0.00783605375802   0.0078862226486  0.00792145541072   0.0079459875511  0.00796304301656   0.0079744465127  0.00798273202022  0.00798920940311  0.00799376347838  0.00799464719168  0.00800274342105  0.00800219795243  0.00800354323258  0.00800970610853  0.00800798725041  0.00799913901768  0.00800382742262  0.00800375664999
8.29169988986e-07  0.00236230233378  0.00402784231101  0.00520144059392  0.00602461859437  0.00660392439331  0.00701357026203  0.00730054860415  0.00750301603354   0.0076448466732  0.00774501182665  0.00781411853166  0.00786110013978  0.00789514530207  0.00791856593901   0.0079347395407  0.00794610609909  0.00795558864269  0.00796099963615  0.00796329407025  0.00796988885237  0.00796635857888  0.00796799214413  0.00797271347999  0.00797243865877   0.0079691847337  0.00797315022852  0.00797244708351  0.00797418159546
3.25787913642e-06  0.00236632792534  0.00403380333832  0.00520775811749  0.00603234332868  0.00661475950569  0.00702301112622  0.00731345566777  0.00751771422644  0.00766342055854   0.0077657843152  0.00784091663096  0.00789752794389  0.00793591007662  0.00796458476492   0.0079860160731  0.00800273320669  0.00801125182591  0.00801901732577  0.00802568137761  0.00802795869678  0.00803335466836  0.00803398177431  0.00803661619738  0.00803844669473  0.00803783541474  0.00803831689129   0.0080376500314  0.00803670905465
6.11337049154e-07  0.00236310701785  0.00403028800425  0.00520857164294   0.0060381656371   0.0066226988477  0.00703613957979  0.00732637839908  0.00753156727806   0.0076755535979  0.00777770674749  0.00784850207897  0.00789654326145  0.00793144157182  0.00795500905812  0.00797060532834  0.00797982516528  0.00798821314751  0.00799298499571  0.00799727460314  0.00799941365646  0.00800039265034  0.00800468551563  0.00799955712763  0.00800083783268  0.00799829199656  0.00799355614103  0.00798644101426  0.00798600951005
1.70141767445e-06  0.00235991857344   0.0040272777153  0.00520335200786  0.00602969194093  0.00661183431888  0.00702407652837  0.00731320652806  0.00751725669907  0.00766008712834  0.00776080050996  0.00783000670993  0.00787687734621  0.00791086695491  0.00793391961318  0.00794928925211  0.00795735427271  0.00796541923933  0.00797076363827  0.00797021219296  0.00797104781318  0.00797082045162  0.00797207373954  0.00797171476952  0.00797014349233  0.00797828990392  0.00797742691274   0.0079849564054  0.00798536958038
1.78901458702e-05  0.00240131719287  0.00404922221875  0.00521795276571  0.00603728414853  0.00660802767071   0.0070117068643  0.00729715725499  0.00749815278046  0.00763995528688  0.00773946442948  0.00781007349857  0.00786110000288  0.00789692076924  0.00792389930903  0.00794492815837  0.00796410166043  0.00797425408773  0.00798136580441  0.00799237817195  0.00799682755863  0.00800260078171   0.0080023038688  0.00801143375294  0.00801297614212  0.00801179468976  0.00801357724571  0.00801580784903  0.00801471168946
1.68517125327e-05  0.00232686978419  0.00400486087281  0.00517588483348  0.00600714921684   0.0066014008541  0.00701579490965  0.00730908257536   0.0075145258032  0.00766039273343   0.0077627308863  0.00783737856389  0.00789288154649  0.00793006853561  0.00795673479044  0.00797572685026   0.0079899464062  0.00799824350347  0.00800534922118  0.00800935622134  0.00801775962353  0.00802088749908  0.00802298534447  0.00802607001753  0.00802277643765  0.00802234576751  0.00803306778878  0.00802468906087  0.00802792842478
1.80968573696e-06  0.00236079581432  0.00403020170622   0.0052095498715  0.00603779210293  0.00662028841896  0.00703244091915  0.00732238125422  0.00752796161096  0.00767298191618  0.00777587047504  0.00784730929523  0.00789631873024  0.00793130623985  0.00795521628869  0.00797134797837  0.00798067581873  0.00798866619669  0.00799423669984  0.00799633978251  0.00799613816693  0.00799457316884  0.00799763004789  0.00799382754114  0.00799951506599  0.00799943554921  0.00799480221642  0.00800201388324  0.00800008551058
1.68614149357e-05  0.00240073644944  0.00404948738839   0.0052239176383  0.00604939338121  0.00662421058371  0.00703349367916  0.00732074085774  0.00752386348172  0.00766549958515  0.00776551124383  0.00783342115436  0.00787814746275  0.00791144133514  0.00793409789532   0.0079498424926  0.00795986927405  0.00796911249762  0.00797433634647  0.00797857767553  0.00797940971968   0.0079818869967  0.00798351561696  0.00798138602282  0.00798134900781  0.00798410910294  0.00798171851561  0.00798374139047  0.00798136812235
1.7826552584e-05  0.0023185312801 0.00399885987084 0.00516798467191 0.00599749909885 0.00659034929208 0.00700361136774 0.00729592073897 0.00750014781473 0.00764468209053  0.0077452672335 0.00781848867667 0.00787338082086 0.00791003506741 0.00793731501839 0.00795761498701 0.00797462013055 0.00798307139226 0.00799104797992 0.00799819022943   0.008001956563 0.00800421338061 0.00800555691641  0.0080079464368 0.00800987375338 0.00801138219955 0.00801595458659 0.00801443919168 0.00802185011206
2.42561172144e-06  0.00236988499673  0.00403466411421  0.00520980350051   0.0060349105742  0.00661504325609  0.00702385219309  0.00731220120349  0.00751651692567  0.00766119409554  0.00776425093873  0.00783687644763  0.00788754171224  0.00792386680692  0.00794919368781  0.00796713772271  0.00797999096406  0.00798520272773   0.0079910478582  0.00799073950945  0.00799784490808  0.00800099689391   0.0080039691058  0.00800593543675  0.00800718433659  0.00800578714792  0.00800686058673  0.00800589935116  0.00800161710444
1.69632249251e-05  0.00240085423901  0.00404995688732  0.00522337222823  0.00604747249762  0.00662160565351  0.00702940032604  0.00731679395589  0.00751997521493  0.00766295214595  0.00776395089435  0.00783448713914  0.00788359808982  0.00791823565586  0.00794212953128  0.00795823812859  0.00796862586852  0.00798106244616  0.00798654773102  0.00799443247255  0.00799357467714  0.00799492016234  0.00799241937902  0.00799550022968  0.00799529301747  0.00798800621773  0.00798908656751  0.00798829319136  0.00798562520595
1.70288761445e-05  0.00232535206137  0.00400448104946  0.00517835727346  0.00601408481139  0.00661195704848  0.00702955669935  0.00732485067024  0.00753146391912  0.00767739368858   0.0077790804917  0.00785209067297  0.00790504619572  0.00794101252622  0.00796666447451   0.0079848340249  0.00799679951311  0.00800474006491  0.00801204358356   0.0080130961595  0.00801963200736  0.00802313612314   0.0080267712888  0.00802871583245  0.00802971100747  0.00803886619829  0.00803735929739  0.00803913920698  0.00804165492888
2.90719293854e-06  0.00235778775346   0.0040276110632  0.00520594404737  0.00603248418497  0.00661360575389  0.00702497948277   0.0073141392513  0.00751887841246  0.00766305539865  0.00776480185669  0.00783518710539  0.00788351454689  0.00791722912496  0.00794024406772  0.00795614511645  0.00796746798793  0.00797629357848   0.0079810938621  0.00798828568979  0.00798878777898  0.00799063245591  0.00799423828169  0.00799212885464  0.00799218428109  0.00799263907557  0.00799580768482  0.00799372430622  0.00799692137304
3.37943118163e-06  0.00237056182692  0.00403499795259  0.00521002502224  0.00603752655619  0.00662157098109  0.00703246832445  0.00732296210759  0.00752736558786    0.007671594448  0.00777312995009  0.00784515666028  0.00789605624575  0.00793190124077  0.00795701592739  0.00797429521663  0.00798481336401  0.00799323622352  0.00799908702864  0.00800122736448   0.0080024221843  0.00800136897798  0.00800185310536  0.00800159434036  0.00800092057124  0.00800588999657  0.00799837786845  0.00800474583069  0.00800256781858
1.72064225383e-05  0.00239573710322  0.00404765689049  0.00522247504205  0.00604785587797  0.00662249583298  0.00703017216096  0.00731729907785  0.00752027303335  0.00766265475287  0.00776341527784  0.00783344473965  0.00788216798069  0.00791726701801   0.0079424851237  0.00796106137135   0.0079783932758  0.00798389330474  0.00799110744063  0.00799749462289   0.0080031670399  0.00800917763871  0.00800902260981  0.00801362337432  0.00801056495038  0.00801083007249  0.00801206463689  0.00800925343661  0.00801177676827
1.8178002895e-05 0.00232306111822   0.003999329407 0.00516839389841 0.00599834569644 0.00659080894229  0.0070063105218 0.00729807996292  0.0075026902338 0.00764623316301 0.00774666572311  0.0078171722445 0.00786637286844  0.0079011447021 0.00792561829068 0.00794301634017 0.00795457857948 0.00796325506765 0.00796872587628 0.00797429358851 0.00797490691837  0.0079762164162 0.00797874118521 0.00797868681802 0.00798460512015 0.00797925410112 0.00798643500263 0.00798510398452 0.00798528321668
1.71958292771e-05  0.00240054665449  0.00404780514508  0.00521601713621  0.00603104004531  0.00659568387756  0.00699730811354  0.00727894263141    0.007478834739  0.00761949668157  0.00771990586491  0.00778954743076  0.00783713427294  0.00787256088738   0.0078970140324   0.0079135391095  0.00792375350421  0.00793714954255  0.00794242540126  0.00794686990572  0.00794948239941  0.00795017823096  0.00795262180067   0.0079518470457  0.00795262647133  0.00795560783392  0.00795107450842  0.00795329743494   0.0079494084491
1.65007417011e-05  0.00232550072708  0.00400378066241  0.00517157261726  0.00600068137936    0.006593337506  0.00700443194216  0.00729637064331  0.00750027956956  0.00764550301193  0.00774721090204  0.00782274054701  0.00788046966334  0.00791940965589  0.00794879368635  0.00797101577677  0.00798951485277  0.00799495133178  0.00800189591792  0.00800832419864  0.00801155906558  0.00801450968204  0.00801538829944  0.00801753118375  0.00801798865607  0.00801779559506  0.00801893836827  0.00802054109681  0.00801612149864
1.84560128922e-06  0.00236109381777   0.0040283837051  0.00520487022793  0.00602994828173  0.00660954519711  0.00701960237562  0.00730750447515  0.00751149461053  0.00765543152855  0.00775786631595  0.00782924358483  0.00787874711475  0.00791441421971   0.0079392008936   0.0079565738412  0.00796758392967  0.00797501223214  0.00798122804089  0.00798559608759  0.00798849675718  0.00799087453443  0.00799158605734  0.00799243248868  0.00799246739855  0.00799303724101  0.00799388344142   0.0079935813579   0.0079972368169
1.79343292351e-05  0.00240449359484  0.00405376511708  0.00522915357555  0.00605680595668  0.00663430654866  0.00704415884854  0.00733399834077  0.00753888086434   0.0076830823827  0.00778491704579  0.00785602020075  0.00790507130263  0.00794010852222  0.00796444538454  0.00798162058297  0.00799366734255  0.00800170015896  0.00800821404643  0.00801369985354  0.00802002759429  0.00802427795824  0.00802536929152  0.00803109701908  0.00803177405752  0.00803368380585   0.0080364564374  0.00803419476148  0.00803679839981
1.74941145864e-05  0.00232353654697  0.00400369314896  0.00518018896723  0.00601884206018  0.00661918567966  0.00703931413002  0.00733620671347  0.00754411549564  0.00769064687254  0.00779215460921  0.00786408100681  0.00791540616017  0.00794875389954  0.00797181535578  0.00798774999636  0.00800084698024  0.00800994038632  0.00801691625141   0.0080222977407  0.00802590607246  0.00802936515203  0.00803124892735  0.00803270148998  0.00803457435531  0.00803339192522  0.00803115861016  0.00803280725283  0.00803400341186
8.97805008595e-07  0.00236175048373  0.00403243576968  0.00521366399887   0.0060449809915  0.00663078733657  0.00704428642414  0.00733652348037  0.00754314881935  0.00768903234385  0.00779141060723  0.00786274928479  0.00791130842556  0.00794441248483   0.0079660663223  0.00797958386189  0.00798532527292  0.00799729024526  0.00800159784509  0.00800268767422  0.00800276455208  0.00800237874721  0.00800431856145  0.00800281685356  0.00800455150182  0.00800423619482  0.00800553692893  0.00800778527888  0.00800778421242
1.17727243775e-06  0.00236716240302  0.00403204948803  0.00520850934941  0.00603702739764  0.00662092818569  0.00703337851436  0.00732310158573  0.00752717889881  0.00767033462283  0.00777124269071  0.00784195696168  0.00789249867669  0.00792873577167  0.00795562396179  0.00797654095564  0.00799212318528  0.00799554680498  0.00800296882776  0.00800696432877  0.00801192881442  0.00801087946502  0.00801494135182  0.00801472559112   0.0080150224354  0.00801739736914  0.00801654512997  0.00801532704518  0.00801512750731
2.92695706444e-06  0.00235589637307  0.00402352095793  0.00519622398486  0.00601752534188  0.00659501376388   0.0070034097128  0.00728904753678  0.00749077131931  0.00763181299168  0.00773195004055  0.00780069974076  0.00784668237541  0.00788136746593  0.00790499314092  0.00792073747837  0.00793094857295  0.00794053077759  0.00794545036736  0.00794919312512  0.00794940548628  0.00795410605496  0.00795489754779  0.00795159542211  0.00795252301542  0.00795350527463  0.00795539071823  0.00795482252525  0.00795671984849
1.90882428262e-05  0.00240331895251  0.00405171474503  0.00521881305057   0.0060367910144  0.00660710434856  0.00700902282475  0.00729518352666  0.00749725736005  0.00764113889623  0.00773706032577  0.00781159211277  0.00786733514202  0.00790643338756  0.00793564533148   0.0079575037856  0.00797493362064  0.00798334187223  0.00799057099637  0.00799862023643   0.0080024847298  0.00800591724908  0.00800738381441  0.00801741661575  0.00801774154647  0.00801885578732  0.00802225518189  0.00802306287026  0.00802369395386
1.54232357803e-06  0.00236284357296  0.00401948010586     0.00518632402  0.00601297519927   0.0065951856481  0.00700669814702  0.00729468252933  0.00749720593799  0.00763913956749  0.00774532473175  0.00781455123985  0.00786175761772  0.00789537374607  0.00791799848606  0.00793258303172   0.0079400600398  0.00795376308762  0.00795923387677  0.00796086009558  0.00796456311401   0.0079680834336  0.00796919496337  0.00796924284194  0.00796964967256  0.00796987664454  0.00796880462816  0.00797035276504  0.00796817611471
1.7812801768e-05 0.00231962461414 0.00399863736839 0.00516890124376 0.00599919886171 0.00659035039143 0.00700357155985 0.00729406535843 0.00749793160333 0.00764126488539 0.00774181528567 0.00781276781789 0.00786292087403 0.00789876300547 0.00792479788954 0.00794436188426 0.00796024767783  0.0079648941776 0.00797130378665 0.00797616423702  0.0079784174659 0.00798160863784 0.00798176573097 0.00798069993847 0.00798120428166 0.00798064881866  0.0079793453793 0.00797856508766 0.00797954779401
5.03962414257e-07  0.00236366018169   0.0040298748674  0.00520257816751   0.0060236345507  0.00660090751468   0.0070075122666  0.00729440259551   0.0074974679723  0.00764199536137  0.00774468866915  0.00781876428443  0.00787391832618  0.00791250287495  0.00794135226162  0.00796325927417  0.00798126505553  0.00798569683481  0.00799314898975   0.0080009002434  0.00800676959906  0.00801002599174  0.00800938183685  0.00801676923247  0.00801595054877  0.00801832587229  0.00801931770119    0.008019583525  0.00801994523282
1.50817005486e-06  0.00236454069085  0.00403210744094  0.00520850652397  0.00603630715745  0.00662044207507  0.00703145975917  0.00732246016848  0.00752745916039  0.00767243206267  0.00777420505774  0.00784643932243  0.00789683080613  0.00793070808373  0.00795335478499  0.00796799375503  0.00797775067505  0.00799129989363    0.007997112876  0.00799952919443  0.00800269184427  0.00800356367294  0.00800551659475  0.00800616606726  0.00800944646984  0.00800844934446  0.00801017386505  0.00801114168761  0.00801103699928
3.7251703243e-07 0.00236316714618 0.00403133147227 0.00521131580224 0.00604324126833 0.00662977643507 0.00704390681389 0.00733453431704 0.00753900426093 0.00768204309954 0.00778238287128 0.00785255855067 0.00790172791586 0.00793745532848 0.00796308633791 0.00798204953603 0.00799571002646 0.00799898833664 0.00800571062608 0.00801319343331 0.00801891918383 0.00802342718955 0.00802645289894 0.00802790412015 0.00802548386721  0.0080282707134 0.00802814287921 0.00802730528723 0.00803669861122
1.54057933544e-07  0.00236257071819  0.00403061331739  0.00520868558722  0.00603827623894  0.00662408508639   0.0070378524598  0.00733032481525  0.00753673708025  0.00768213815391  0.00778460180444  0.00785546176765  0.00790348713182  0.00793657101893  0.00795839057485  0.00797228354277  0.00797889971151  0.00799129945691  0.00799587581663  0.00799584802582  0.00799394456261  0.00799125692821  0.00799277265921   0.0079872450262  0.00798848628937  0.00798905017742  0.00799005368912  0.00799050479527  0.00798321834436
1.73482543531e-05   0.0023976528143  0.00404810275487  0.00522163667624  0.00604650899867  0.00662067450686  0.00702811350143  0.00731491281818  0.00751741027422  0.00765937535813  0.00775933246276  0.00782891620053  0.00787701453685  0.00791229279923  0.00793746539505  0.00795577197536  0.00796951062864  0.00797467012465  0.00798124317996  0.00798494093144  0.00799009862145  0.00799219493785  0.00799633274467  0.00799769289826  0.00800137574413  0.00799767168487  0.00799766573427  0.00799775084177  0.00799498309219
1.72612223817e-05  0.00232746609829  0.00400308173706   0.0051710778312  0.00600076525367  0.00659420169273  0.00700876924487  0.00730217382699  0.00750788392577  0.00765378030095  0.00775602911574  0.00782984287435  0.00788390029511  0.00791998145625  0.00794551257199  0.00796325911767  0.00797559298793  0.00798793175807  0.00799381949851  0.00799918618648  0.00800066373914  0.00800185565231  0.00800177009416  0.00800005851065  0.00800055701719  0.00800241425342  0.00800072365134  0.00800010162444  0.00800112339681
1.74256782017e-05  0.00239905620743  0.00404915209394  0.00522256055129   0.0060444387004  0.00661489448826  0.00701982885503  0.00730484309133  0.00750698604388  0.00764960715658  0.00775078455501  0.00782173606595  0.00787150063622  0.00790758223573   0.0079333819811  0.00795169269619  0.00796468332678  0.00797326863519   0.0079801997703  0.00798513496697  0.00798859828766  0.00799160101211  0.00799372708538  0.00800051818501  0.00799919273333    0.008002640885  0.00800348207019  0.00800511374047  0.00800538280282
1.76548219289e-05  0.00232467037502  0.00400165823597  0.00517209340386  0.00600481680746  0.00659994314124  0.00701607765596  0.00730955087198  0.00751526687135   0.0076603607399  0.00776219499046  0.00783466865356  0.00788723656153  0.00792290229372  0.00794867208659   0.0079679339012   0.0079823853674  0.00799025630491  0.00799709777716  0.00800477482297  0.00801082735227  0.00802026734168  0.00801944818173  0.00802459912999  0.00802725422173  0.00802855289723  0.00803586175645  0.00803679192352  0.00803778636886
4.16422739315e-07  0.00236306139146  0.00403112388983  0.00520883283542  0.00603608717361  0.00661794851764  0.00702890137697  0.00731850267466  0.00752332820949  0.00766777191697  0.00776966852521  0.00784047346123  0.00788829804077  0.00792183698288   0.0079439623261  0.00795815769686  0.00796811085591  0.00797797783385  0.00798335900671   0.0079859090364  0.00798749132335  0.00798596933634  0.00798811996807   0.0079875257648  0.00798726522308   0.0079843838159  0.00797949991296  0.00797754185413  0.00797721990877
6.0160100349e-07 0.00236537349164 0.00402883166902  0.0052022496447  0.0060261149404 0.00660560098614 0.00701530561685 0.00730156741045 0.00750304890964 0.00764373030974  0.0077412128175 0.00781034929521 0.00785928141811  0.0078954224143 0.00792196646282  0.0079417126598 0.00795681864464 0.00796179525681 0.00796851743257 0.00797407753013 0.00797892315594 0.00798159863221  0.0079839663338 0.00798615405661 0.00798762416464 0.00798774027432  0.0079879694401 0.00798902559064  0.0079949127294
1.85350176632e-05   0.0023986032466   0.0040503476799  0.00522191636109  0.00604428957162  0.00661783437488   0.0070225529294  0.00731038148567  0.00751365895389  0.00765785729726  0.00776188879399  0.00783477109944   0.0078859582561  0.00792241994007   0.0079476464392  0.00796455147043  0.00797434231398  0.00798676935713  0.00799235915238  0.00799562455827  0.00799862211898  0.00799978224269  0.00800157025475  0.00799970178791   0.0079993074612  0.00800374452011  0.00800283218237  0.00800416468603  0.00799669438505
1.76372072101e-05  0.00232615787878  0.00400263581572  0.00517407710663  0.00600745112334  0.00660299421948  0.00702002338909  0.00731391382157  0.00751992857768  0.00766550019467  0.00776733596926  0.00783998929371  0.00789273571888  0.00792813279223  0.00795336282071  0.00797154628823  0.00798474032579  0.00799243162016  0.00799927328581  0.00800447581568   0.0080081289987  0.00801110287599  0.00801239794502  0.00801530049496  0.00801583048553  0.00801236825282  0.00801300441748  0.00801186843272  0.00801387138584
1.60715663882e-06  0.00235960518855  0.00402951552398    0.005207518122   0.0060339351339  0.00661508167563  0.00702567882982  0.00731468611145  0.00751927330424  0.00766323895439  0.00776489504263  0.00783540049306  0.00788277851571  0.00791661821501  0.00793922316817  0.00795419164448  0.00796369821627    0.007973149464  0.00797844146433  0.00798069355202  0.00798240989104  0.00798409045673  0.00798325625806  0.00798540838186  0.00798570150633  0.00798815631682  0.00799012564524  0.00799146809812  0.00799291241752
8.03466375563e-07  0.00236346747656  0.00403079604049  0.00520659899129  0.00603338498705  0.00661656478052  0.00702698491561  0.00731640542266  0.00751991458741  0.00766345803208  0.00776308632402  0.00783538127597  0.00788869475846  0.00792585287751  0.00795353754612  0.00797436205949  0.00799097538012  0.00799579947694  0.00800252171696  0.00800843955715   0.0080123915696  0.00801329423626  0.00801686396473  0.00801829754929  0.00801976720043  0.00802010543639   0.0080207201633  0.00802117270018  0.00802091879552
1.76716733482e-05  0.00239973776555  0.00405018664144  0.00522515560656  0.00605217813477  0.00662860617743  0.00703747541384  0.00732671897448  0.00753136346573  0.00767574458877  0.00777907012477  0.00785017365705  0.00789919415666  0.00793387291012  0.00795806010726  0.00797511480481  0.00798843432537  0.00799696149612  0.00800416085636  0.00801079389537  0.00801602661355  0.00802169993629  0.00802360359544  0.00802734142958  0.00802807927516  0.00803109961429  0.00803327734189  0.00803351035562  0.00803267749815
1.74219044687e-05  0.00232859971012  0.00400472653114  0.00517801175563  0.00601484028594  0.00661379310773  0.00703363977142  0.00732981070364  0.00753774745972  0.00768404395524  0.00778642294355  0.00785859970884  0.00790857000596  0.00794302909886  0.00796570295168  0.00797995395044  0.00798357670164  0.00799424952558  0.00799796195592  0.00799420627291   0.0079905974664  0.00798534555703  0.00798722718526  0.00797542973266  0.00797703971165  0.00797418116542  0.00796938136136  0.00797000296294   0.0079695340006
4.54560355121e-06  0.00235400547147  0.00402302271411  0.00519696749585   0.0060167622006  0.00659129039496  0.00699825140598  0.00728219129672  0.00748314172779   0.0076234697099  0.00771541336082  0.00778312413163  0.00782965007258  0.00786365567912  0.00788847093412   0.0079072083711  0.00792605898247  0.00793300575793  0.00794086071045  0.00795248276145  0.00796151060112  0.00797103968452  0.00797214490057  0.00798545631821  0.00798606710528  0.00798651617115  0.00799126058044  0.00799151971115  0.00799257681708
1.91629884478e-05    0.002405819357  0.00405285295382  0.00522120247853  0.00604066368992  0.00661142663818  0.00701372005578  0.00729906721571  0.00749980294774  0.00764222985838  0.00775026196234  0.00782284346226  0.00787517900774  0.00791280627561  0.00794014631854  0.00796008707963  0.00797457878699  0.00798390815807  0.00799033259525  0.00799458143723  0.00799754916793  0.00799913721007  0.00800056961878  0.00800181302988  0.00800337869868  0.00800480776236  0.00800638503921  0.00800683762561  0.00800612202905
1.76779647309e-05  0.00232311918194  0.00400103095516  0.00517122558181  0.00600335146686  0.00659840670182  0.00701387653731  0.00730776246418  0.00751383398089  0.00766000068682  0.00776249058573  0.00783711084246  0.00789269054908  0.00792967195052   0.0079563697045  0.00797539112488  0.00798783982718  0.00799606746311  0.00800153827879  0.00800370096728  0.00800324144928  0.00800146754524  0.00800310937747  0.00799678016427  0.00799838275894  0.00799867303084  0.00799635132053  0.00799627250145  0.00799672778298
1.62792548441e-06  0.00236276239191  0.00402898244449  0.00520549598775  0.00603084219816  0.00661026334851  0.00702091857441  0.00730849831853  0.00751249115836  0.00765550485929  0.00775102112004  0.00782045419689  0.00786708749898   0.0079009536498  0.00792373222264  0.00793896369901  0.00795016773607  0.00795860588758  0.00796494098514  0.00797029253473  0.00797546591346  0.00798093474113  0.00798310242774  0.00799140294123  0.00799113192142  0.00799343949728   0.0079980513136  0.00799917901612  0.00799832099781
2.02168587259e-07  0.00236316863508   0.0040288893218  0.00520284431677  0.00602712649461  0.00660726676892   0.0070165545552  0.00730335273431  0.00750495519125  0.00764617503763  0.00775164658365   0.0078206065564  0.00786766447889  0.00790243919059  0.00792674828538  0.00794362009177    0.007955175795  0.00796426837337  0.00797042463831  0.00797461388473   0.0079797572018  0.00798280567005  0.00798366833388  0.00798447081354  0.00798528597521  0.00798394286523  0.00797899566089  0.00797973300304  0.00798192967974
1.87291340062e-05    0.002401349717  0.00405195723065  0.00522370485905  0.00604709112294  0.00662152617762  0.00702671836004  0.00731484452645  0.00751806351775   0.0076620267879  0.00776391538009  0.00783715527911  0.00788997914921  0.00792718028644   0.0079537441189  0.00797246379058   0.0079816692614  0.00799338520191  0.00799879642539  0.00800104853929  0.00800046977959  0.00799898820829  0.00800083417787  0.00799442380477   0.0079952886214  0.00799557612083  0.00799781206794  0.00799590089817  0.00799522160675
1.69875118178e-06   0.0023624230378  0.00401894456056  0.00518566989769   0.0060138095209  0.00659768820954  0.00701036339714   0.0072997196409  0.00750310764651  0.00764569653868  0.00774526473024  0.00781475875419  0.00786312725367  0.00789689109688  0.00792025725337  0.00793632114801  0.00795110630655  0.00796185463493  0.00796815965071   0.0079738986085  0.00797841611496  0.00798244823249  0.00798322778778  0.00798992323489  0.00799037990384  0.00799171803076  0.00799301679464  0.00799408198843  0.00799349297196
1.72148570813e-05  0.00232206633595  0.00400102857621  0.00517212345071  0.00600378925609  0.00659648907995  0.00701048409765   0.0073025870051  0.00750812177771  0.00765339163468  0.00774967972524  0.00782280748593  0.00787606094153    0.007912742475  0.00793938233097  0.00795901258672  0.00797234814303  0.00797943773417  0.00798639867493  0.00799029353543  0.00799476160092  0.00799869020011  0.00800049954143  0.00800401080682  0.00800382636493  0.00800644104893  0.00800976729751   0.0080103543455  0.00801089748561
3.31095534229e-07  0.00236431637717  0.00403101041818   0.0052064565289  0.00603120513956  0.00661115290029  0.00702037127958  0.00730883414137   0.0075131782901  0.00765803605442  0.00776702654922  0.00783980352822   0.0078909766754   0.0079275419414   0.0079535880696  0.00797202679917  0.00798534790002  0.00799028614947  0.00799641228799  0.00800215469184  0.00800322836041  0.00800330990742  0.00800486126349   0.0079998604804  0.00800062239541  0.00799838543712   0.0079951892837   0.0079948421231  0.00799520667015
8.82398370271e-07  0.00236191741369  0.00402829524095  0.00520356279473  0.00602933755719   0.0066108519626  0.00702175061179  0.00730992092374   0.0075130713349   0.0076552414722  0.00775570062097   0.0078250123303  0.00787224394996  0.00790606140637  0.00792876497424  0.00794409960689   0.0079515726433  0.00796346404199  0.00796866644842   0.0079702628054   0.0079720085904  0.00797273237367  0.00797433988665  0.00797356709241  0.00797522901145  0.00797487729662  0.00797111289458  0.00796933650774   0.0079717429282
2.9149343021e-07 0.00236018694325 0.00402703648331 0.00519836963773 0.00601866534816 0.00659625359965  0.0070024560419 0.00728849747754 0.00748904676593 0.00763022880067 0.00772892494978  0.0077990337802 0.00784967660842 0.00788527670681 0.00791171028512 0.00793123899274 0.00794979797384 0.00796036438783 0.00796753381862 0.00797643184487 0.00798255859946   0.007987603746 0.00798912191696 0.00799579525842 0.00799673081078 0.00799856981648 0.00800267267976 0.00800368140523 0.00800222986907
1.9021278366e-05 0.00240552562207  0.0040539260275 0.00522525477537 0.00604840099109 0.00662217675057 0.00702706998719 0.00731430147841 0.00751698472886 0.00766076882003 0.00776295377822 0.00783648879796 0.00788966817539 0.00792776465791  0.0079551078615  0.0079747888778 0.00798509861139 0.00799302790128 0.00799849844364 0.00799741264518 0.00799731101833 0.00799526353438 0.00799687424956 0.00799174419346 0.00799207925094  0.0079918048741 0.00799155886308 0.00799346100076 0.00799373689579
1.84886679052e-05   0.0023223485264  0.00399982123676   0.0051722751578  0.00600589350104  0.00660169242658  0.00701992683087  0.00731436365275  0.00752121974947  0.00766763352832  0.00775785403575  0.00782984766776  0.00787998767141  0.00791366906509  0.00793640932153  0.00795154228195  0.00796220830723  0.00797142129991  0.00797686202497  0.00798143863427  0.00798419800173  0.00798793253235  0.00798948480083  0.00799383162791  0.00799502978748  0.00799630987699   0.0079972156925  0.00799654789859  0.00799570427837
6.86370153649e-07   0.0023621071171   0.0040307635019  0.00520786994994  0.00603309392718  0.00661292869798   0.0070226316027  0.00731002901634  0.00751348249161  0.00765547801794  0.00776815828261  0.00783788917836  0.00788589778056  0.00792156362784  0.00794712862639  0.00796544903271  0.00797944182541  0.00798369979791  0.00799083924394  0.00799738287712   0.0080021983942  0.00800393555864  0.00800560333812  0.00800277025566  0.00800432752582  0.00800092614593  0.00799703748793  0.00799569758516  0.00799558331503
1.84140645167e-05  0.00240229400907  0.00405327564835  0.00522770951331  0.00605538812241  0.00663367147695  0.00704170827608  0.00733309755024  0.00753869238488   0.0076856322432  0.00777882208438  0.00785326299028  0.00790764941312  0.00794301691116    0.007967803575  0.00798563960301  0.00799946429169  0.00801207165737  0.00801834676687  0.00802363876504  0.00802526891791  0.00802941673867  0.00803061034303   0.0080351345574  0.00803597877645  0.00804039499176  0.00804527395134  0.00804826642771     0.00804987901
1.89077587422e-05  0.00232092027765  0.00399980354298  0.00517571211096  0.00601339372443   0.0066116778903   0.0070323288376  0.00732649773692  0.00753289019696  0.00767673952003  0.00778756747439  0.00785776871754  0.00790654756686  0.00794173180689  0.00796645576977  0.00798331779207  0.00799406609912  0.00799770690213  0.00800419069345  0.00800840986662  0.00801457086145  0.00801773468309  0.00801937298197  0.00802434509313  0.00802340057464  0.00802519583126    0.008025793913  0.00802419839567  0.00802502136628
1.07592655168e-06  0.00236496783593  0.00403320579757  0.00521091108944  0.00603876027955    0.006622171664  0.00703408156887  0.00732595172543  0.00753256979171  0.00767880509897  0.00778159889262   0.0078531180479  0.00790218884942  0.00793515753352  0.00795719271665  0.00797258355566  0.00798432343448  0.00799371303112  0.00799951168519  0.00800262854837  0.00800357194187  0.00800329294777  0.00800474703544  0.00800077434333  0.00800264007397  0.00800119667357  0.00799876950466  0.00799990016247  0.00799909711097
8.51199371952e-07  0.00236430180542  0.00403169000675  0.00520898453463  0.00603773929792  0.00662217235044   0.0070334283001  0.00732344496255  0.00752725172579  0.00767097309039  0.00777203113106  0.00784390866683  0.00789561332803  0.00793193727606  0.00795821835273  0.00797700486869  0.00799064270979  0.00799871988783  0.00800529336668  0.00801124145028  0.00801474801678   0.0080179440445  0.00801955051639  0.00802429002109  0.00802463744768  0.00802627706824  0.00802946540816  0.00803068111215  0.00803106518719
3.99397751235e-07  0.00236328630808  0.00403055368544  0.00520737207421  0.00603570900368  0.00661984524338  0.00703205744759  0.00732261539754  0.00752767866082  0.00767229808739  0.00777395492738  0.00784553501884  0.00789598619048   0.0079309936346  0.00795553681375  0.00797252714331  0.00798414350122  0.00799275935468  0.00799885603344  0.00800274727065  0.00800556597038  0.00800730931645  0.00800852994027  0.00800756662948  0.00800725402345  0.00800832366273  0.00800802150785  0.00800800375266  0.00800925995527
1.06598117873e-06  0.00236191499682  0.00402817113811  0.00520367813831  0.00602986884351  0.00661192077873  0.00702353596867  0.00731224681047  0.00751593798245   0.0076585297547   0.0077594081275  0.00782901881397  0.00787672676626  0.00791155446859  0.00793598260855  0.00795333923544  0.00796638378365  0.00797177879149  0.00797859044832  0.00798483606437  0.00799278079299  0.00800000156647  0.00800166883995   0.0080129904327  0.00801482031488  0.00801671499208  0.00802071350776   0.0080226047667  0.00802180981708
1.83608147429e-05  0.00239730234064  0.00405029120922  0.00522442506339  0.00605090722796  0.00662770938118  0.00703503557197  0.00732517672927   0.0075300573388  0.00767538762929   0.0077779931426  0.00785117999364  0.00790300173134  0.00793860722341  0.00796309699307  0.00797985976585  0.00799094054238   0.0080026540044  0.00800815439166  0.00801106211804   0.0080106025766  0.00800962771339  0.00801105656591  0.00800667292164  0.00800739816078  0.00800679569143  0.00800588869796  0.00800585654879  0.00800607120963
1.82983661674e-05  0.00232824404577   0.0040012658384   0.0051711036174   0.0060036439753  0.00659811917199  0.00701569001916  0.00730839268144   0.0075136916287  0.00765753093436  0.00775792862808  0.00782818996781  0.00787762123205  0.00791167087083  0.00793537907338  0.00795183725087  0.00796268492668  0.00797213619841  0.00797787523045   0.0079772158637  0.00797843052411  0.00797625152704  0.00797759439169  0.00797222597774  0.00797031647782  0.00796935645874  0.00796399051945  0.00796204672421  0.00796179042683
3.18396608083e-06  0.00235763814539  0.00402451038233  0.00519678513212  0.00601497173233  0.00658830967879   0.0069941440593  0.00727695553432  0.00747701738983  0.00761693177329  0.00771632886119  0.00778451518662  0.00783002188931  0.00786497424125  0.00788927750239  0.00790625784089  0.00791834138256  0.00792701543044  0.00793323131211  0.00794228720415  0.00794862768727  0.00795634296283  0.00795845949054  0.00796829007939  0.00797167468816  0.00797396190519  0.00798159948292  0.00798320996285  0.00798402609869
1.90903287975e-05  0.00240194370182  0.00405094120758  0.00521798339015  0.00603614621266  0.00660599561577  0.00700658570594   0.0072916628754  0.00749241301698  0.00763496796819  0.00773614334168  0.00780954906791   0.0078634750279  0.00790170335106  0.00792982542304  0.00795039928006  0.00796507636469  0.00797505703001  0.00798121313749  0.00798412085195  0.00798354301149  0.00798069175283  0.00798060480118  0.00797398695966  0.00797288544204  0.00797312179428  0.00796846187251  0.00796839869599  0.00796836304676
9.9633667241e-07  0.0023646849934 0.00401977078964 0.00518441881464 0.00601035555513 0.00659232590824 0.00700285545809 0.00729096133294  0.0074934586952 0.00763587246004 0.00773663515488 0.00780791579417 0.00785884163362 0.00789545635454 0.00792160982892 0.00794021437897 0.00795320768273 0.00796194385895 0.00796780209035  0.0079724383875 0.00797573508449 0.00797949767647 0.00798188024297 0.00798796843075 0.00799071299877 0.00799147753038 0.00799799168535  0.0079999853006 0.00799957272191
1.88402686664e-05  0.00231903573261  0.00399630344172  0.00516609258271  0.00599644566526  0.00658730334205   0.0070017792762  0.00729221535199  0.00749673809448  0.00764075680594  0.00774121758585  0.00781279571533  0.00786443947466  0.00790058410806  0.00792752439777    0.007947515489  0.00796334964452  0.00796814284052  0.00797584865083  0.00798346518091  0.00799069473095  0.00799642561671  0.00799806374724  0.00800124986158  0.00800270228889  0.00800172902258   0.0080007421997  0.00799959816009  0.00800089379872
4.3277741792e-06 0.00236842907631 0.00403529556582 0.00521301312022 0.00603603418093 0.00661705846748 0.00702568271429 0.00731593374845 0.00752105007858 0.00766697653918  0.0077707767962 0.00784360843572 0.00789382210682 0.00792805722782 0.00795016888256 0.00796438832897 0.00797193701123 0.00798769400715 0.00799283604299 0.00799526696795 0.00799480805869 0.00799416343334 0.00799524129992  0.0079930716086 0.00799215515598 0.00799526262269 0.00799487374645  0.0079968286411 0.00799504287096
4.77854882548e-06  0.00235751241256  0.00402311074832  0.00519527460824  0.00602302000458  0.00660310797276  0.00701305102209  0.00729770288339  0.00749780986925  0.00763658056114  0.00773358451936  0.00780105259942  0.00784810859147  0.00788359470636  0.00790950991778  0.00792835397943  0.00794295689722  0.00794823517588  0.00795456993086  0.00795968311707  0.00796357597041  0.00796615164514   0.0079688452182  0.00796810736477  0.00796907772832   0.0079661542579  0.00796666892337  0.00796475851004  0.00796609011124
4.57928194746e-06  0.00237062267533  0.00403437462402  0.00520493394152  0.00602744162678  0.00660843660185  0.00701606594116  0.00730621658567  0.00751044614372  0.00765601734524  0.00775897735549  0.00783281586593  0.00788683755025  0.00792332644687  0.00794977225714  0.00796926293602  0.00798420606168  0.00799395144335  0.00800010773097   0.0080048632509  0.00800738393412  0.00800918301089  0.00800962953661  0.00800980393146  0.00801279107468  0.00801493193987   0.0080103586593   0.0080142312991  0.00801483152688
6.6613486472e-07 0.00236239213489 0.00403120911733 0.00520945977505 0.00603892985015  0.0066234233364 0.00703533720362 0.00732595370544 0.00753095717003  0.0076755177112 0.00777264643262 0.00784524434163 0.00789689473402 0.00793322293117 0.00795897093567 0.00797686337061 0.00798755244632 0.00799478610969 0.00800112103946 0.00800462481812 0.00800690837639 0.00800704109276 0.00801064205178 0.00801182819657 0.00801055785101 0.00801099968454 0.00801289336652 0.00800877679658 0.00800869213778
1.66790362265e-05  0.00239419107374  0.00404644830711  0.00522296951861   0.0060504756352  0.00662714080011  0.00703773849678  0.00732645278226  0.00753092365182   0.0076741168517  0.00778042100152  0.00784919483701  0.00789433135637  0.00792717760556  0.00794849322849  0.00796226988899  0.00797115034973  0.00798054066507  0.00798556431744  0.00798763752326  0.00799021908097  0.00799207736531  0.00799264377921  0.00799559133851  0.00799700219489  0.00799791782022  0.00800097064784  0.00800194981557  0.00800249413259
1.86118759332e-05  0.00232240646356  0.00399811138049  0.00516664200733  0.00599626659307  0.00658893608592  0.00700440683624  0.00729590661974  0.00749988931675  0.00764277573064   0.0077413316879  0.00781178171944  0.00786313198778  0.00789849974824  0.00792483282996   0.0079448055441  0.00796149289757  0.00796993092174  0.00797727924968  0.00798501493246  0.00798956396922  0.00799547189734  0.00799734762461  0.00800124880613  0.00799933395823  0.00800254913421     0.00800579866  0.00800689694732  0.00800618952469
3.88823922224e-06  0.00237027514092  0.00403708061816  0.00521263296923  0.00603803787498  0.00661912972267  0.00702710915865  0.00731731065635  0.00752237145226  0.00766841626954  0.00776738513621  0.00784086897823  0.00789179609048  0.00792644809543  0.00794891659183  0.00796254955855  0.00797033365259  0.00798405740761  0.00798854444962  0.00798912764304  0.00799141132749  0.00799166545731  0.00799132819823  0.00798727920175  0.00798943128441  0.00798918205428   0.0079877086913  0.00798664093255  0.00798749768006
1.62026065497e-05  0.00239352412335  0.00404365098416   0.0052162258573  0.00603787914375  0.00660840377044  0.00701416946218  0.00729715229978  0.00749684832717  0.00763628196352  0.00774050418231  0.00780904636974  0.00785723180775  0.00789450097826  0.00792280505351  0.00794455300774  0.00795931116435  0.00796259996535   0.0079703650673  0.00797744511368  0.00798288639151  0.00798599440998  0.00798864561565  0.00799031229748  0.00798951660246  0.00798900641873  0.00798581024048  0.00798582861483  0.00798492216471
1.68538606732e-05  0.00232841898757  0.00400504636927  0.00517411173329  0.00600623871298  0.00660218132098  0.00701788039544  0.00731367052907  0.00752110967805  0.00766852648838  0.00776755755783   0.0078421766278  0.00789620512792  0.00793097733176  0.00795475659222  0.00797129443079   0.0079843312088  0.00799782622868  0.00800386287575   0.0080090952618  0.00801048861095  0.00801461125394  0.00801630162974  0.00802041126666  0.00802358522756  0.00802185950058  0.00802761986472  0.00802812098802  0.00802901777633
1.05186997577e-06   0.0023625243085  0.00403088740874  0.00520931127542  0.00603692488143  0.00661872981557  0.00702962490654  0.00731845384887  0.00752310153255  0.00766760687356  0.00777421745917  0.00784640334099  0.00789764156276  0.00793433291234  0.00796050601145  0.00797899913243  0.00799227371371  0.00799579955301  0.00800255153173  0.00800772436675  0.00801442272256  0.00801830666381  0.00801975911099  0.00802667163363  0.00802769702377  0.00803082015897  0.00803184607942  0.00803321601955  0.00803438340149
1.07221847686e-07  0.00236299024304  0.00403044020223  0.00520839291052  0.00603816498312  0.00662308192316  0.00703631074673  0.00732693250308  0.00753175929109  0.00767524674862  0.00777588571435   0.0078454320532   0.0078915224994  0.00792443101792  0.00794586868603  0.00795964760237  0.00796763360218  0.00797690457721   0.0079816899277  0.00798239229251  0.00798330363759  0.00798295455575  0.00798429387022  0.00798035690471  0.00798072332732  0.00797988387158  0.00797608570135  0.00797471385699  0.00797242579566
1.71610031135e-05   0.0023963965129  0.00404654797488  0.00521781357473  0.00603946622138  0.00661119869429  0.00701661962037  0.00730181540059  0.00750294849638  0.00764340064568  0.00774274188037  0.00781117282103  0.00785805648092  0.00789295201278  0.00791761251342  0.00793512723445  0.00794427380176  0.00795657936196  0.00796184155213  0.00796355722371  0.00796148833676  0.00795833831031  0.00795819409481  0.00795199577398  0.00795536214922  0.00795142298021  0.00794902596474  0.00794991488209  0.00795215715106
1.44762735192e-06  0.00236564023413  0.00402025933649  0.00518223943069  0.00600514926109  0.00658546370937  0.00699361700943  0.00728102145578    0.007482816009  0.00762554055476  0.00772571204549   0.0077983026188  0.00785249408035  0.00789033224828   0.0079188976587  0.00794057816116  0.00796030087864  0.00796677180807  0.00797417971031  0.00798233266566  0.00798986013605  0.00799678347818  0.00799985902994  0.00800820490616  0.00800668228932  0.00801219215679  0.00801623121823  0.00801685344686  0.00801724657847
1.70935484827e-05  0.00232450681462   0.0040013896343   0.0051700482578  0.00599951192882  0.00659041875478  0.00700292158496  0.00729472532511  0.00750019867241  0.00764612214487  0.00774431550181  0.00781839577104  0.00787200713327  0.00790886757722    0.007935088107  0.00795357622957  0.00796691916835  0.00797469917073  0.00798145148408   0.0079872202515  0.00799188669143  0.00799547153587  0.00799722809275  0.00799954957807   0.0080003038104  0.00799955711316  0.00800019738022  0.00800037249059  0.00800249455406
