0.000309076062083 0.000569946592813  0.00045358048705   0.0019376597704  0.00344039641062  0.00441152832154  0.00460192469614  0.00420242928115  0.00322646732341  0.00284455884383  0.00276253351565  0.00283251919258  0.00302072272017  0.00300741093317  0.00304484527291  0.00312716470613  0.00327576257818  0.00327268682835  0.00330356762158   0.0033809727277  0.00341605949705  0.00345540533578  0.00346295479955   0.0035087978769  0.00351595115854  0.00353030512626  0.00356021501821  0.00356585300583  0.00356454455083
0.000181024513506 0.000102112274848  0.00116908767694  0.00286102383586  0.00408066825284  0.00481249837501  0.00487963636104  0.00443620641876  0.00343510788845  0.00255294015245  0.00227664953205  0.00234095592681   0.0025378919345  0.00251583787823  0.00255900865009  0.00266776731824  0.00285971784992  0.00286467471305  0.00289758279536  0.00303328910052  0.00310937580764  0.00317377556886  0.00317387944472  0.00329824089128  0.00330197586953  0.00332354373828  0.00338474108009  0.00339364305096  0.00339994408633
0.000247748676439 0.000443569701404  0.00181775652272  0.00299200971721  0.00373693018196  0.00412515956885  0.00408524273698  0.00377085781454   0.0031090169104  0.00228939765195  0.00167765023603  0.00171234766069   0.0018330197327  0.00180938381958  0.00182630855112  0.00186981980478  0.00196835488493  0.00195643475824  0.00197456384967  0.00204222204554  0.00207296176111  0.00210193903629  0.00210468942162  0.00215060387665   0.0021409320868   0.0021506897986  0.00217062553283  0.00217095788703  0.00217716150556
0.000187789943515 0.000669033994987  0.00142246286205  0.00166119819695  0.00169282375535    0.001614942118   0.0014254507258  0.00117340934655 0.000831834318849 0.000413967671044 0.000282812548439 0.000755722228821  0.00102169198678  0.00102382182794  0.00103683958601  0.00104252043104  0.00103576616146  0.00104833532302  0.00105693612711  0.00107575313882  0.00107719239922  0.00107397799731   0.0010548804453  0.00105681089303  0.00107143800527  0.00105356879667  0.00106315493602  0.00106759593493  0.00106740277738
0.000190211287866  0.00239274344081  0.00261102317599 0.000642856071609 0.000471095650008  0.00105138986822  0.00142372748712  0.00166870105534  0.00180546006471  0.00186031128059  0.00183744622629  0.00170991774103  0.00163178840022  0.00167253056911  0.00169768447724  0.00172694186258   0.0017606871972  0.00177259838583  0.00177632830279  0.00177901438743  0.00178813323648  0.00181193305184  0.00180859925177  0.00180770969677  0.00179834095739  0.00181912892357  0.00184047784205  0.00183483056652  0.00182327597663
0.000188361312992 0.000516626590422  0.00111393183637  0.00142088357574  0.00075617982045 0.000338432336337   0.0011242897201  0.00174735073176    0.002135296309  0.00230788388557    0.002296850643  0.00207953579882  0.00193612451642   0.0019618980321  0.00198239162997  0.00200040232582  0.00201767878111  0.00201020682341  0.00201451426737  0.00201160472894  0.00201614052542  0.00200578688465   0.0020285144517  0.00204464997779  0.00204190233246  0.00204425412007  0.00202777985178  0.00203112843887  0.00204402749719
0.000189806649784 0.000353741649193 0.000873237043245 0.000945955504918 0.000693515431405 0.000288053493124 0.000409799882125 0.000837877008194  0.00119228773947  0.00146871356322  0.00167500774687  0.00196181768557  0.00217543309683  0.00219262005208  0.00220709787304  0.00221633941645  0.00222750129332     0.00223225133  0.00224845485251   0.0022702587771  0.00227601365041  0.00228144615422  0.00227848080456  0.00227641835918  0.00227991954051  0.00227476487693  0.00228229680853  0.00228099705022  0.00228662060218
 0.00026735007276 0.000598986195419  0.00100026045825 0.000157842034988 0.000613341301607 0.000980362811928  0.00116448180681  0.00137364788907  0.00159451229468  0.00183246582167  0.00205036422507  0.00224668680447  0.00235460168934  0.00236411451452  0.00236762478334  0.00237107129939  0.00237001130823  0.00237367445972  0.00237173919543  0.00236813129183  0.00236895448964   0.0023786417174  0.00235878106979  0.00237241648776  0.00237008197811   0.0023686129339  0.00236393682448  0.00237148981533   0.0023539361174
0.000234631571015 0.000204901388525  0.00116012462846  0.00158620175956 0.000921157221509 0.000346141991877 0.000925789592424  0.00147399362623  0.00182583865487  0.00208461557654  0.00227857010138  0.00248004072926  0.00262569033969  0.00262377168965  0.00262560959828  0.00263298200414  0.00263879800483  0.00263661590579  0.00264616689106  0.00264637180566  0.00263840622937  0.00262390288008  0.00262659699883  0.00263481092943   0.0026461226697  0.00264947386183  0.00266323558787  0.00265933819523    0.002672980673
0.000253233631323 0.000260273037625  0.00193686177315  0.00100331816836 0.000601743861113 0.000943342441844  0.00103567610517  0.00125928270665  0.00156972027126  0.00194013273222  0.00231922733843  0.00273162083048  0.00296889411645  0.00297050529092  0.00297509484806    0.002971147825  0.00297019113134  0.00296775236646   0.0029527466638  0.00295133379064   0.0029533066071  0.00294899050183  0.00294845956896  0.00294512281398  0.00293928051361  0.00293257644543  0.00291842282329  0.00291590426074  0.00290877887304
0.000292836473204   0.0017346378656  0.00264959486408  0.00350785850117  0.00426246327006  0.00357142034861  0.00271568161105  0.00207805205521  0.00198061172301  0.00227754944394  0.00277699322308  0.00335284404601  0.00377400606889  0.00392532294373  0.00393185646708  0.00393143766048  0.00391651798994  0.00391829826394   0.0039151606534  0.00389374667434  0.00388492490886  0.00387419668875  0.00387036471236  0.00385783433973  0.00387139228977  0.00387207168367  0.00385862585925  0.00385229395612  0.00385454151291
0.000237223142102 0.000953482766015  0.00301538215833  0.00395811374448  0.00368340636081  0.00334101169596  0.00305158585728   0.0029409128627  0.00295495342845  0.00313457239483  0.00338101998717  0.00371620610916  0.00402930043195  0.00410885169777  0.00413228499214  0.00417411890047  0.00425124695299  0.00424809491361  0.00425902641649   0.0043144331068   0.0043307334711  0.00436563606955  0.00436359421719  0.00437324082994  0.00437739063303  0.00439292584602  0.00440851267927  0.00440971321715  0.00438875705373
0.000347167108051 0.000591983716584  0.00429200475885  0.00464723484634  0.00252530089727   0.0018328286665  0.00277278363351  0.00374939176636  0.00441727951818  0.00473141796694  0.00477557005407  0.00464082159231  0.00435812280767  0.00419833872636  0.00419959077226  0.00419023941804  0.00415745519474  0.00415399813077  0.00415678124963  0.00414484995806  0.00415359159707  0.00413280708837  0.00413950643115  0.00413908811388  0.00412887041713  0.00412322804812  0.00410937795934  0.00410681118231  0.00412642768833
0.000281185191851  0.00158322066237  0.00631757283167  0.00717124937283  0.00589539540352  0.00509080669329  0.00437000010788   0.0038852971068  0.00365558868287  0.00364461214844   0.0037458092447  0.00389114066159  0.00407701266457  0.00418215258072  0.00417338709181  0.00417619107731  0.00418669786824  0.00419476781509   0.0041971670519  0.00420313422806   0.0042017348882   0.0042142269887  0.00420212443538  0.00423005455695  0.00423505190736  0.00423628584478  0.00425052095999  0.00425674378921  0.00427500862986
0.000288040953444 0.000637878833649  0.00305079858317  0.00236265858773  0.00208730315919  0.00297189707407  0.00381266530951  0.00444662860512  0.00475847350637  0.00486092601284  0.00484916552628  0.00485287569065  0.00490219540303  0.00491339928432  0.00492196389151  0.00494239541453  0.00495985667387  0.00495446978127  0.00495147336119  0.00494807858506  0.00494779227177  0.00494177784262   0.0049403316523  0.00493021166776  0.00493717423726  0.00493350075426  0.00495059385671  0.00495573452769  0.00493750337311
0.000589261400403 0.000743230811266  0.00226582782216  0.00282095633083  0.00252627515472  0.00276367307118  0.00315165820124  0.00360539324701   0.0040305531547  0.00439345894086  0.00460940072498  0.00467907643921  0.00456880478367  0.00445870145921   0.0044599833434   0.0044594024899  0.00448567464941  0.00449276849001  0.00449750193501   0.0045231437139  0.00454917005023  0.00456081424087  0.00457158729808  0.00458675380674  0.00458265759459  0.00459394629189  0.00459439526117  0.00460143476167  0.00460555061459
0.000160386514891  0.00144913781201  0.00444921021651  0.00409817896057   0.0046840959201  0.00436818352554  0.00389993776596  0.00341536147506   0.0034184067996  0.00365283243875  0.00400816528635  0.00432801539708  0.00472960195393  0.00501916491448  0.00500718685756  0.00497424609044  0.00491359357702  0.00490088251029  0.00491011908881  0.00487718305061  0.00483618292927  0.00481828911489   0.0048294044832  0.00480858774517  0.00481493984587  0.00482135054019  0.00481657550134  0.00481987159489  0.00481428575466
0.000206192786324  0.00108886683848  0.00312775048718   0.0042363594877  0.00466337276328  0.00509852045309  0.00495499952464   0.0047917236549  0.00469835846206  0.00469945498167  0.00474126107096  0.00496270187657  0.00541348843079  0.00589082199334  0.00607599761366  0.00608775470934  0.00611422522573  0.00612745708473  0.00611181560963  0.00612143917709  0.00615049216576  0.00616257176701  0.00616479833523  0.00617098939838  0.00617556884206  0.00617835563026  0.00618294886855  0.00618941301877  0.00620901105633
0.000167251115499 0.000950527271362  0.00280359107377  0.00429668815951  0.00564971194903  0.00619529741178  0.00630706250802  0.00651664046319  0.00664850857967  0.00667313570366  0.00658516809668  0.00651182284517  0.00651877646782  0.00636313445232  0.00627459789001  0.00632732455436  0.00643158569293  0.00642997348013  0.00647203454617  0.00655649950601  0.00659430699668   0.0066398619019  0.00663784341161  0.00672069763768  0.00672464973214  0.00674170956522  0.00678751396637  0.00678924682401  0.00678815342578
0.000216474473761 0.000704627486561    0.001635671019  0.00271476196517  0.00355725281016  0.00445793295423  0.00565114369713  0.00654110019888  0.00705144290397  0.00727395984854  0.00722020819708  0.00694936792334  0.00643732412599  0.00600907252247  0.00591627853807  0.00590777144434  0.00589676826184  0.00590234734272  0.00589727532001  0.00589396312223  0.00589884249555  0.00590004852394  0.00592229517667  0.00591781062134  0.00593166530793  0.00592523022144  0.00592473884899  0.00594444809215  0.00596117069772
0.000173860420949 0.000884770155426  0.00241489390634  0.00357048851244  0.00406777105077  0.00408642888199  0.00431614667828  0.00467451698482  0.00499420032689  0.00523922146548  0.00538170815292  0.00547681442035  0.00554854668992  0.00557068492522  0.00557633624011  0.00558237671196  0.00560113397726  0.00561092439213  0.00562816698816  0.00563857467864  0.00564581241177  0.00566044225466  0.00567123106379  0.00566301581802  0.00567666253664  0.00569188123723  0.00563487602873  0.00557855367681  0.00552993020419
0.00019705429412  0.0013028856853 0.00352161253885 0.00621355969751 0.00714061377985  0.0058851867458  0.0052829318092 0.00499298295644 0.00491939826635 0.00488762202494 0.00496695588373 0.00505094271648 0.00517250786148  0.0054255386922 0.00548136921687 0.00543883926271 0.00536793516082  0.0053784558836 0.00537131457015 0.00529890690734 0.00520418714139 0.00513209469049 0.00507161220945 0.00497553082692 0.00491562881243 0.00485651378859 0.00479648918171 0.00474666949399 0.00470082467844
0.000179830022833 0.000753890488764  0.00215471900968  0.00328000989774  0.00407252866904  0.00442270580211  0.00471842469423  0.00501745923445  0.00521633464415  0.00538571426233  0.00550060750015  0.00565573087774  0.00587381934513  0.00600974020606  0.00606206561427  0.00608141243984   0.0060540810971  0.00596597592379  0.00591229693244  0.00587779189763  0.00582905849642  0.00578641219877  0.00572568001825  0.00570180832233  0.00565247242661   0.0055992385994  0.00556062777228  0.00551875296306  0.00547710117023
0.000204262328618 0.000661179000742  0.00191974421602   0.0032639526806  0.00413962693044  0.00455575618804  0.00481679377113    0.005142652663  0.00543985024641  0.00571920501549  0.00591072041918   0.0060646153239  0.00618166414088   0.0061639506483  0.00604164699282  0.00596492239885  0.00591432143743  0.00583380610089  0.00576078773103  0.00572263113637  0.00567504581143  0.00560787965147  0.00555416611444  0.00551078908683  0.00546705025308  0.00542054167672  0.00537551100848  0.00533397566059  0.00529252663333
0.000185875338788  0.00075259904746  0.00206125168234  0.00301793865959  0.00366895943363  0.00408855573539    0.005051513504  0.00576162945831  0.00601072529998  0.00607792076836  0.00608876899709  0.00613494160918  0.00613209414058  0.00606408753792  0.00598752605004  0.00589678009847  0.00582047004516  0.00573515829837   0.0056647973778  0.00559841974849  0.00553679942859  0.00548313552308  0.00542614060376  0.00537713851534  0.00531736492478   0.0052760045349  0.00523264953504  0.00518904976634  0.00514558090219
0.000193577278808 0.000720040625146  0.00201114458148  0.00323216704362  0.00422257107407  0.00432576698164  0.00413953504325  0.00435814515702  0.00460287220158  0.00487280507276  0.00511823296123  0.00522268482328  0.00523826389296  0.00514966616438  0.00505099497221   0.0049725601762  0.00490594106781  0.00483320973052  0.00476412308619  0.00470423832128   0.0046464518201  0.00458918074178  0.00453629330799  0.00450130096484  0.00445529171072  0.00441280917085  0.00438271394523  0.00434199315302  0.00430882981986
0.000177257446256 0.000709405977907  0.00207924419096  0.00316688213926  0.00389521660224  0.00388864560686  0.00406734288995   0.0044710042128  0.00476521640702  0.00490660356582  0.00491152893797  0.00489221914338  0.00485883042402  0.00485255977969  0.00479774168611  0.00470024434668  0.00458515103492  0.00451017250103  0.00443369067165  0.00434679315216  0.00427541531932  0.00420716565987  0.00415601205233  0.00408153188535  0.00403746510189  0.00398923819285  0.00393630372667  0.00390169553442  0.00386888459053
0.000193492499428  0.00071358354427  0.00192398631871  0.00272322234102  0.00310633415951  0.00325871488898  0.00330641424455  0.00349646397224  0.00365345867546  0.00375949898473  0.00383304147155  0.00392589376081  0.00402037686928  0.00400345876539  0.00394618601077  0.00388960027927  0.00387707596797  0.00380989053362  0.00375594955327  0.00373757815644  0.00370035680152  0.00367063743381  0.00362376850919  0.00360751408217  0.00356856594792  0.00353423080191  0.00350522191596  0.00347291547672  0.00343650852772
0.000215638851702 0.000595693691749  0.00156050572085  0.00246685375052  0.00323372815398   0.0034737531404  0.00351535090265   0.0035448760297  0.00353391741025  0.00350569455179  0.00349241692625  0.00346427595429  0.00341824505805  0.00340376508655  0.00334777237493  0.00324793530858  0.00313863393499  0.00307032878211  0.00300236329734  0.00291924650637  0.00285149396729  0.00279147284025  0.00274517027917  0.00268970775684  0.00265548855332  0.00261774876224  0.00258007016022  0.00255307065461   0.0025284564737
0.000215210098982 0.000663010579728  0.00176029881112  0.00239393729962  0.00284470071296  0.00311948427295  0.00335845661041  0.00353510761566  0.00361234069917  0.00362942619156  0.00360406023713  0.00354976104363  0.00347618069442  0.00340195198432  0.00336375829886  0.00328875027985  0.00322127864907  0.00316157786463  0.00310402041503  0.00304945609509   0.0030063221805  0.00296667449119  0.00291658613543  0.00288248784053  0.00284376587236  0.00281165289178  0.00278394518947  0.00275380593043  0.00273019933247
0.000192956007431 0.000729144460108  0.00199299767883  0.00279079100651  0.00320429802041  0.00342454973854  0.00360892158266  0.00374363304294  0.00381330594238  0.00385351228567  0.00385003314083  0.00382964612725  0.00379666231345   0.0037304267715  0.00367131003429  0.00361991628718  0.00356960463225    0.003513760152  0.00346630899257  0.00343148511504  0.00338712990072  0.00334817409682  0.00331919473452  0.00328622605864  0.00325459912409  0.00322720508055  0.00320417269979  0.00318035979378  0.00315818212282
 0.00018707908988 0.000800382767147  0.00218481179714  0.00303646412452  0.00341614380348  0.00366071012231  0.00380528392667  0.00388176891779   0.0039331803313  0.00395583252674  0.00396581603034  0.00394923724115  0.00390329617862  0.00386647330695  0.00381450249128  0.00374898189746  0.00366159699457  0.00361076130777  0.00355950804633  0.00349447332549  0.00345271773663  0.00340731939524  0.00337280476302  0.00332941798232   0.0032997513472  0.00327156527497  0.00324077763257  0.00321838257256  0.00319891959286
0.000198962307375 0.000676617469469  0.00178814908747  0.00251882721578  0.00277183149002   0.0029493101385  0.00311410563355  0.00326133670623  0.00334838221101  0.00342348097422  0.00343695567561  0.00346316396549  0.00350967339521   0.0034703715167  0.00343743044784  0.00341401397104  0.00342725138952  0.00338135233954  0.00335393365368  0.00335616298464  0.00333344562847  0.00331437918686  0.00328779345846  0.00328040216396  0.00325786544859  0.00324008031834  0.00323230985864  0.00320744244637  0.00318723179313
0.000214304928798 0.000655218852483  0.00179281270077  0.00247702875929  0.00269778641592  0.00272495228593  0.00275334161177  0.00278959185393  0.00285982878705  0.00292548159042  0.00297033315427  0.00297192682687  0.00293134041352  0.00287947028088  0.00281187395488  0.00275395877008  0.00268961825975  0.00264857115999  0.00260822255997  0.00256236447983  0.00252525486173  0.00248938057486  0.00246249162212  0.00243225175747  0.00240366035449  0.00238101214044  0.00235793959032  0.00234515231202  0.00232911571106
0.000360746434002 0.000470291984188 0.000866720141259  0.00101120349681 0.000861372844445 0.000910892956638  0.00112049694452  0.00140057592232   0.0016067710088  0.00174086316987  0.00177028141813  0.00173065769139  0.00161675109967  0.00134122056999  0.00105837350291   0.0010122367772  0.00110595559097  0.00107364979986  0.00108238635601  0.00112117235833   0.0011494212284  0.00114919742647  0.00113723912828  0.00115980330621  0.00116295152918  0.00114904622673  0.00113843925877  0.00115158801977  0.00113702371085
0.000319325808184 0.000380473494672 0.000802852230821  0.00113071466088 0.000926248143726   0.0005238158687  0.00110865008519   0.0018413942577  0.00241989603543  0.00276174728409  0.00281600893942  0.00254833313828  0.00193678661307  0.00103822862469 0.000638541727068 0.000646491046925 0.000682780061135 0.000657776489451 0.000650448387326 0.000670302953118 0.000658028183957 0.000652397978383 0.000637383308718 0.000631292147788 0.000617345142139 0.000603898195704 0.000596997307998 0.000563587125307 0.000561942946064
2.74277765356e-05 0.000333082310268  0.00069281776179 0.000617691914639  0.00060166481923 0.000594882878087  0.00113278795304  0.00182645048277  0.00239151351825  0.00270796222423  0.00270736905219  0.00234401533493  0.00164212209414 0.000822410995772 0.000596961330292 0.000586973892681 0.000609308434448 0.000586682744296 0.000574083923428 0.000595543982636 0.000584836781854 0.000598520009994 0.000566730452751  0.00059419571672 0.000558781074695 0.000543703513259 0.000547402568414 0.000523175692167 0.000512372864369
8.32058799283e-05 0.000390543304292 0.000730676462616 0.000844091345385 0.000615664043738 0.000458681425262  0.00106247143727  0.00165557252584  0.00206570060627  0.00221619769298  0.00205003112404  0.00155398135796 0.000830944092446 0.000558423489998 0.000536968013564 0.000530165438284 0.000567134410231 0.000555222480305 0.000535782107036 0.000550198804717 0.000543883903196 0.000536127025721 0.000521301959531 0.000528331582144 0.000521687863152 0.000505882210399 0.000506548999343 0.000497653099708 0.000478517718461
0.000138355144315 0.000780580187346  0.00103699713436  0.00116641795292 0.000928856545687 0.000342613477405 0.000700519562425  0.00135484813554  0.00179778930257  0.00197441346599  0.00184591421763  0.00140303240026 0.000782843068195 0.000557831973373 0.000537595553891 0.000531078245396 0.000535551519262 0.000506527545394 0.000497988137151 0.000501666538632 0.000500453787575 0.000483105962719 0.000475743866179 0.000482018515122 0.000458959784394 0.000458035270922 0.000453754531751 0.000442474940018 0.000419114297083
5.51493660922e-05 0.000512236845443   0.0008208054481  0.00100186482934  0.00082263413622 0.000441715192244 0.000913267537005  0.00151888589816  0.00193639344425   0.0020579176527  0.00179988535288  0.00115633499858 0.000625560679398 0.000502604703123 0.000471635249555 0.000475709488775 0.000490069703724 0.000472261019135 0.000460475577555 0.000468228459597 0.000462284275888 0.000482697392764 0.000452318505385 0.000460004891202 0.000438542565028 0.000430810515407 0.000425171685304 0.000411234665424  0.00039865660225
7.47576576729e-05 0.000397745361976 0.000707934258401 0.000896871205844  0.00070140445963 0.000504649679849  0.00111023490822  0.00169803761335  0.00205085233942  0.00205946286298  0.00164871126048  0.00083826295518 0.000506264105929 0.000457993661345 0.000437781888747 0.000431861375154 0.000447625978089 0.000427626260011 0.000421826909483 0.000430080305516 0.000426973921182  0.00042502262419 0.000407799803311 0.000414294195488 0.000407273553341 0.000391116527836 0.000390440484497  0.00037885051765 0.000363980043472
 4.1621303003e-05 0.000458053966642 0.000775852485144  0.00104186972431 0.000913777130552 0.000594771123433  0.00110526534767  0.00172524258177  0.00211518846558  0.00214128033719  0.00171070301696 0.000855031991237 0.000518127069226 0.000471347602384 0.000436668249504 0.000424595065555 0.000443467563122   0.0004252830723 0.000415786818349 0.000423700288083 0.000424810062169 0.000407727521867 0.000398881063613 0.000396747697677 0.000378133030301 0.000370937726693 0.000361928733689 0.000351068443945 0.000336915978117
9.81659528302e-05 0.000424353286758   0.0010853875513  0.00185482762489  0.00260076011269   0.0034437287421  0.00311125939877  0.00298151731825  0.00289911399496  0.00244588913379  0.00139796129377 0.000604558939903 0.000488670264269 0.000440045048899 0.000419448499555 0.000417083102196 0.000428192256111 0.000410703914134  0.00040229174275  0.00041006070024  0.00040774882307 0.000397047155003 0.000384730398436 0.000379697517555  0.00036423425776 0.000352674832148 0.000343714042633 0.000332059989853 0.000321021174634
9.86532216734e-05 0.000470515150818 0.000785280195131  0.00103292341455 0.000982338449586 0.000840978340305  0.00120322273873  0.00167354057264  0.00178115312725  0.00150083159816 0.000888890766792 0.000579555841329 0.000522773427237 0.000476304741968 0.000447672372614 0.000423266755447 0.000418758279996 0.000402236736727 0.000390820582301 0.000388484900415 0.000379594740515 0.000369794504258  0.00035683436538 0.000351164195277 0.000340921779604 0.000331037007523 0.000320156317711 0.000311450242305 0.000300928132003
5.17649636293e-05 0.000434182661622 0.000871428983007  0.00134063893525  0.00154580566369  0.00127479934491   0.0009818603102   0.0010740117196  0.00120667093811  0.00113675490556 0.000779409599565 0.000563342015241 0.000510206716592 0.000466230573743 0.000439150169946 0.000423339618965 0.000407472324179 0.000394377420037 0.000380861314747 0.000371412591252 0.000359768507061 0.000350732512432  0.00033669129542 0.000333948041146 0.000321130658859 0.000309963307376 0.000307790795953 0.000296646349865  0.00028511300275
2.27895609523e-05 0.000370613882879 0.000707978068787  0.00100186221862 0.000919370576859 0.000484587377047 0.000919197310464  0.00153932255128  0.00185775886478  0.00168185985119 0.000911315693588 0.000512359162059 0.000466454353162 0.000419511108033 0.000395252287162 0.000384862212199 0.000387098926292 0.000369830641886 0.000358060608616 0.000351940835636 0.000345090383701 0.000337174930481   0.0003246025993 0.000322912231126  0.00031144652777 0.000298282050328 0.000288032881102 0.000277992828482 0.000266728083542
 2.0237661081e-05 0.000407737214447 0.000848565304615  0.00135355757379  0.00152156111513  0.00113841808562   0.0013544000072   0.0020480572234  0.00234326495523   0.0018986883255 0.000898647782179 0.000484037754295 0.000446005276911 0.000403182228806 0.000377934650197 0.000366841277672 0.000365261390382 0.000350894921285  0.00034200459884 0.000338756846477  0.00033289083867 0.000326101282254 0.000314922354019 0.000307859471711 0.000294372982739 0.000285194889127 0.000275728099319 0.000265611348964 0.000255252961869
3.36647016572e-05 0.000358913396676 0.000728096767314  0.00114167164665   0.0014494204129  0.00153176762143  0.00181631193605  0.00226259909323  0.00216506187877  0.00124668077667 0.000620364266658 0.000484393301588 0.000429402480192  0.00038453914317 0.000360446778821 0.000348463017996 0.000348445029384 0.000334565202382 0.000325777168035 0.000325486957902  0.00031870486747 0.000309767524264 0.000298407824632 0.000294297532673  0.00028333287828 0.000272267859456 0.000265456494476  0.00025195335527 0.000240754960878
1.81879016958e-05 0.000297652153569 0.000661805414267 0.000992877196938  0.00117283284229  0.00122880834603  0.00155392171232  0.00204825332928  0.00205354581905  0.00122017444098 0.000634880178714 0.000495580660313 0.000429578021415 0.000384770771292  0.00035779091406 0.000343906471569  0.00034203598332 0.000328194825062 0.000318499107385 0.000316605710667  0.00030905288645   0.0003016441029 0.000290869193882 0.000284682190299 0.000272672768219 0.000262723138164  0.00025370079154 0.000246560832757 0.000236727017329
7.86160215842e-05 0.000393655371883 0.000695279609005  0.00105948864501   0.0011421521526  0.00106174975283  0.00140887316914  0.00193732629621  0.00197670257983  0.00116439733122 0.000607072053345 0.000477868086359  0.00041705408375 0.000373018381917 0.000347385157213 0.000332640042715 0.000327665974873 0.000314839751165 0.000305452187953 0.000301169108516 0.000293779630907 0.000286449679468 0.000277038405062 0.000273317632836 0.000261638623802  0.00025356457286  0.00024741550013 0.000236625135809 0.000226351207953
5.80874353156e-06 0.000325385077491 0.000705476198857  0.00112836382234  0.00116670875175 0.000920957824674  0.00120604803256  0.00179860857474  0.00168498472172 0.000949236247474 0.000598687638066 0.000475805433791 0.000411448679146 0.000367326414896 0.000341494999981 0.000325850244601 0.000317065761552 0.000304460333527 0.000295159821992 0.000289929967805 0.000283604917869 0.000277116588666 0.000266344647502 0.000260946408258 0.000250545815274  0.00024051876084 0.000232166747707 0.000222238993249 0.000212807766413
3.98656360132e-05 0.000253730588567 0.000710011355102  0.00108921100061  0.00101314188295 0.000799730933031  0.00118270287777  0.00167665469298  0.00150687994184 0.000906018110775 0.000593389481426 0.000466554152494 0.000402170181578 0.000358447808075 0.000331839862116  0.00031631822575 0.000309860048547 0.000298232624407 0.000289405632121 0.000284584638084 0.000277042982236 0.000269101838136 0.000259293596813   0.0002534106588 0.000243536905861 0.000234243752044 0.000225914123165 0.000216963427865 0.000207146449142
3.35982429082e-05 0.000302587644356 0.000713406388559 0.000980572068253 0.000974303360547 0.000853000630816  0.00140390935812  0.00166452156562  0.00129905120566  0.00086316811806 0.000590256822635 0.000460445842503 0.000393151770796 0.000349291953759 0.000323031431878 0.000306870507051 0.000298726185034 0.000287497945731 0.000278859202485  0.00027296861231 0.000266135020173 0.000259805107092 0.000250382243174 0.000244666217985 0.000235422282345 0.000226170812125 0.000218563144247 0.000209058192469  0.00019976983054
6.07429765775e-06 0.000301882137794 0.000737053521567  0.00106964982308 0.000993671703075 0.000828119937845  0.00137402736297  0.00163531926569  0.00127245763335 0.000853290553219 0.000581576989802 0.000449676790387 0.000382818551967 0.000338794125813 0.000312827088745 0.000298208310443 0.000290930004636 0.000280147152349 0.000272162969991 0.000267544441583  0.00026078242154 0.000253100190374 0.000244231113193 0.000237486518992 0.000228704465558 0.000219962224017  0.00021206598558 0.000203612253731 0.000194394725263
3.56087504199e-05  0.00032095095799 0.000799819431808  0.00123599565614  0.00116098174202 0.000879069522331   0.0013855129597  0.00165047433876  0.00127327516355 0.000858334106271 0.000579141482377 0.000445748442004 0.000376115833417  0.00033107765764 0.000304981378379 0.000288944913091 0.000280743503715 0.000270216548314 0.000262269851497 0.000256770416396 0.000249943389817 0.000243396576452 0.000234897014283 0.000230665168456 0.000222227305827 0.000213895892118 0.000206673711998 0.000197537622138 0.000188751698019
6.63950715938e-05 0.000239612005059 0.000737038178011  0.00109140229666  0.00101321807294  0.00103056589424  0.00146406097504  0.00148652061563  0.00120509383264 0.000843031618831 0.000569600926603 0.000431112335848 0.000363304434331 0.000319560838417 0.000293413530751 0.000278464049583 0.000270457011689 0.000260531929808 0.000253325829038  0.00024886497915 0.000242868995926 0.000236713247465 0.000228986691188 0.000223263859796 0.000214495713828 0.000206651264293 0.000199666086205 0.000191277208333 0.000182622324724
3.32472218855e-05 0.000359355375251 0.000844449155102  0.00114123582933  0.00104129311683   0.0012492057244   0.0016326082415  0.00149675823356  0.00119334626031 0.000842469636969 0.000567477935344 0.000426637886418 0.000355009058844  0.00030962315965 0.000283728522993 0.000268898488677 0.000262210794965 0.000252479169531 0.000245725616241 0.000242269655428  0.00023761797754 0.000231849941176 0.000224049743218 0.000218182012742 0.000209831744432 0.000201578690916 0.000193098898924 0.000185325431368 0.000176954054179
5.69172382605e-05  0.00029722975259 0.000816502096559  0.00109321884597 0.000993102863615  0.00123804543729  0.00162918168306  0.00150387061764  0.00118958197904 0.000847141863644 0.000567703659524 0.000422240961824 0.000348611044632 0.000302965422688 0.000276431727836 0.000261611903529 0.000253878770845 0.000244845491142 0.000238086717834 0.000233999625943 0.000228571109968 0.000223020163476 0.000215761540808 0.000210329456621 0.000202723553722 0.000195375061093 0.000188258015686 0.000180030095235 0.000171782714912
3.54379874996e-06 0.000285904714444  0.00080667333878  0.00107228966157 0.000950489605335  0.00118647518217   0.0015851392541  0.00148968961599  0.00117661822675 0.000853293887583 0.000571740462228 0.000422272341805 0.000345150701213 0.000299001108733 0.000272270611451 0.000256439003882 0.000247492071331 0.000238770498642 0.000232085128956 0.000227396766103 0.000222169997747 0.000216833344818 0.000210016850864 0.000205003296675 0.000197264010399 0.000189889980843 0.000183156991587 0.000175434981169 0.000167663187882
1.83285824693e-05 0.000262831192252 0.000788742788034   0.0010512560508 0.000931598933476   0.0011274113805  0.00154303578685  0.00148243836397  0.00116053085123 0.000861466390125 0.000566709845111  0.00041425184021 0.000335713782587 0.000289459818528 0.000262812890519 0.000246953798608 0.000239016507257 0.000230310998884 0.000224137541153 0.000220477486524 0.000215636050948 0.000210609001716 0.000204100157753 0.000199601931649 0.000192483302843 0.000185577338328 0.000178956021883 0.000171601168932 0.000163762509003
3.17988139269e-05 0.000276087838716 0.000828984695067  0.00106881115821 0.000916196703084  0.00101814826944  0.00140627548631  0.00142469498465  0.00113412089482 0.000872713444673 0.000568714164656 0.000411156663213 0.000331066536486 0.000284703110148  0.00025729020373 0.000242023820574 0.000233837997688 0.000225966522228 0.000219866906046 0.000215279836403 0.000210357283423  0.00020503778878 0.000198939654611 0.000193347742795 0.000186544335003 0.000179698728238 0.000172987944998 0.000165525203918 0.000157912539653
 2.2232093941e-05 0.000271470540665 0.000797824196313  0.00107164395348 0.000957378400291 0.000896988401722  0.00119934656099  0.00133503430932  0.00113790711494 0.000915570337514 0.000579815896285 0.000414040760073 0.000327272652403 0.000278707685188 0.000251648211343 0.000234905328111    0.000225268414 0.000216990348457 0.000211314287088 0.000207818878364 0.000203523559781 0.000198938951374 0.000193131503876 0.000188457902084 0.000182020930036  0.00017541158524 0.000168914221068 0.000161931647873 0.000154724639771
1.85873068336e-05 0.000306491231907 0.000817532565869  0.00112117424278  0.00101527472482 0.000818234954557  0.00101015889151  0.00120926353587  0.00109898480618 0.000938887510507 0.000572810748868 0.000407117669078 0.000322398361267 0.000274503941928  0.00024666012199 0.000230597685142 0.000221333172458  0.00021361550757 0.000207971955201 0.000203550143167 0.000198961528988  0.00019430751182 0.000188880127883 0.000183992744402 0.000177807052387 0.000171469734704 0.000165169344206 0.000158313343077  0.00015114677814
4.91783603371e-06 0.000177683235907 0.000722154514777 0.000981046320559 0.000785442370886 0.000859417891727   0.0013418830714  0.00143035886579  0.00118672686824  0.00086159350198 0.000556775834224 0.000394704876288 0.000312547622098 0.000262021496697 0.000234928801243 0.000220046889861 0.000213502428613 0.000206100602948 0.000201212190224 0.000197842975396 0.000194055358497 0.000189607000072 0.000184331052387 0.000179696638217 0.000173744725999  0.00016775164102 0.000161533167636 0.000154858156888 0.000147847538796
1.94068883864e-05 0.000223176398186  0.00074701286578 0.000935062885005 0.000754876473717  0.00096576813134  0.00152776323444  0.00159558180085  0.00129424002164 0.000897143217849 0.000572896378212 0.000399479190357 0.000313233379328 0.000262270058656 0.000233507678024 0.000217350022113 0.000207978366094 0.000200418571182 0.000195371150374 0.000192799333801 0.000189046737893 0.000185036791757 0.000180247051384 0.000175563727065 0.000169961189608 0.000164003468583 0.000158098958232 0.000151659502578 0.000144993923606
 1.8923774525e-05 0.000249600004344 0.000700744752533 0.000890633963903 0.000811419955212 0.000953806206719  0.00151131620104  0.00162002829217   0.0013005476311 0.000899828694963 0.000579439665488 0.000399503749554 0.000304307793503 0.000253091704349 0.000225287978767 0.000209585322585 0.000202212252136 0.000195132812445 0.000190766200055  0.00018861602546 0.000184487257497 0.000180423698789 0.000175706646511 0.000171375272342 0.000165939477639 0.000160429983715 0.000154718328269 0.000148512886101  0.00014205752416
1.55491039721e-05 0.000221115945203 0.000750077314203 0.000968260321428 0.000820858107465 0.000867992918462  0.00143965340349  0.00161764808971  0.00129425944709 0.000897280701103 0.000582335757149 0.000399259704138   0.0003067485024 0.000253153101953 0.000223528880172 0.000206311496848 0.000195958342643 0.000188663185865 0.000183536794155 0.000179478056674 0.000176908141706 0.000173825449348 0.000169574143206 0.000166003615648 0.000160962367179 0.000155714172838 0.000150484974341 0.000144447784547 0.000138321274437
2.47384580869e-05 0.000235496907616 0.000749919339044 0.000958743110831 0.000766789313872 0.000877215178852   0.0014767483563   0.0016052012296  0.00128113748749 0.000887112721124 0.000584564729195 0.000393720596618 0.000295686778332 0.000244352044597  0.00021468358551 0.000198146074312 0.000188655629542 0.000181850552948 0.000177371145383 0.000174265198974 0.000171043075196 0.000167988599196 0.000164163417785 0.000161337771325 0.000156746673513 0.000151702883977 0.000146775935087 0.000141143764871 0.000135048292668
4.30670075857e-05 0.000193741738867 0.000710170872094 0.000907057860695 0.000747813790185 0.000939234426931  0.00147854044778  0.00158146216606  0.00128933756302 0.000885614657507 0.000581493741297 0.000390378956621 0.000291344388831 0.000235300335353  0.00020455244695 0.000187612276347   0.0001791892371 0.000172588722215 0.000168504507597 0.000166790089707 0.000164421495342  0.00016198225912 0.000158229498907 0.000155697829377 0.000151189201633 0.000146577666922 0.000142062693698 0.000136595077661 0.000130766440805
2.22184022282e-05 0.000235190599982 0.000717374044546 0.000875737148693 0.000757847862837  0.00107370575078  0.00151814055198  0.00155270708182  0.00131361997586 0.000891887226472  0.00058046787833 0.000390093003245 0.000286613778757  0.00023067296375 0.000200111337808 0.000183872599413 0.000176173207012 0.000169548822063 0.000165289414252  0.00016345000075 0.000160723037058 0.000157993451698 0.000154509757332 0.000151451322558 0.000147140504269 0.000142700189347 0.000137949264178 0.000132636698405 0.000126877658964
 1.9795991688e-05 0.000196834314006  0.00066167977612 0.000823675319529 0.000735714975189  0.00106414026585  0.00150544873587  0.00155957636481  0.00132172054985 0.000891373257097 0.000580821762394 0.000387667135748 0.000285030806097 0.000226375523208 0.000195153024522 0.000179370861567 0.000171942200334 0.000164452781392 0.000161071492731 0.000159574019755 0.000157090617621 0.000154783722431 0.000151929384204 0.000148942460957 0.000145129179185  0.00014064375499  0.00013545960466 0.000130244937619 0.000124995284695
2.78842748039e-06 0.000176524233621 0.000711517451872 0.000900364438576 0.000761065991659  0.00104137605193  0.00148556071309  0.00157142010803  0.00133417861282 0.000893701587573 0.000582646267175 0.000389622249308 0.000281426869286 0.000221859301465  0.00018993797034 0.000172711535709 0.000164670186097 0.000157780008413 0.000154677001331 0.000152919938736 0.000151763564893 0.000149626100417 0.000146579690629 0.000144024989507 0.000140321111576 0.000136293830955 0.000132354444321 0.000127468304198 0.000122123806208
6.71180377789e-05 0.000352902505717 0.000739429395412 0.000906391126861 0.000844721378288  0.00105733250443  0.00146150678428  0.00159746034535  0.00137412727875 0.000910242068054 0.000595047292961  0.00040104466142 0.000284048600906 0.000223853959557 0.000190008452889 0.000170773554591 0.000159842011273 0.000153255175322 0.000148936592111 0.000147850533401 0.000145617145089 0.000143958781443 0.000141257942528 0.000139600499738 0.000136047920361 0.000132082412352 0.000128357728478 0.000123799644305 0.000118763014661
1.76815381544e-05 0.000199977509549 0.000670197078518 0.000828385431085 0.000758361358837 0.000962157684716   0.0013993610074  0.00159441027492  0.00137590923654 0.000901763139099 0.000591624905919 0.000399675005755 0.000280447827995 0.000216670222641 0.000183153594075 0.000166570747953 0.000157988474888 0.000150358819286 0.000146890448244  0.00014439044005 0.000142623464352  0.00014068282845 0.000138049727969 0.000135385841519 0.000131801175324 0.000128366263322 0.000124506523599 0.000120039166937  0.00011513965984
2.20307257095e-05 0.000303598499051 0.000783111440046 0.000983207650447 0.000840117195589 0.000943029053482  0.00134008936321  0.00160736446305  0.00140194954161 0.000905687968698 0.000600424470841 0.000406337829613 0.000282770972345 0.000217812025157 0.000181928313491 0.000160632193508 0.000148482787377 0.000143881582788 0.000139565956747 0.000137125912387 0.000135701944839 0.000134169297939 0.000132130966022 0.000131056032869 0.000128054500647  0.00012472815487 0.000121316677588 0.000117109174531 0.000112392080327
 1.0473469426e-05 0.000211570252134 0.000687763992108 0.000902078492022 0.000853083004808 0.000929898679991  0.00128451812869   0.0016367366336  0.00144190997337 0.000906387890183 0.000604115307221 0.000404287687882 0.000280049446811 0.000213834269944 0.000178221486488 0.000160135703204 0.000150316158317 0.000142595599694 0.000139063998587 0.000135736384495 0.000133990577173 0.000132303919841 0.000130168155944 0.000127635401234 0.000124460287451 0.000121218911694 0.000117770875466 0.000114283846491 0.000110131688749
7.91238734777e-06 0.000231874015795 0.000710956395812 0.000935916825108 0.000922457239066  0.00110799859035   0.0014179115758  0.00147995371789  0.00125946006256 0.000869306285756 0.000584650827814 0.000393314063099 0.000273960081729 0.000206097154185  0.00016737740184 0.000146981901271 0.000137901764164 0.000131627700024 0.000128781078443 0.000129207834723 0.000129016931079 0.000128269301262 0.000126140855285  0.00012569174696 0.000123594841402 0.000120706516531 0.000118008467262 0.000113426086951 0.000109455865586
9.86432229089e-06 0.000249195021975 0.000732265740712 0.000914210526573 0.000909645908708  0.00115982107049  0.00144568064685   0.0014170931099  0.00121768804207 0.000884674002405 0.000607405024649 0.000391735543353 0.000264026105624 0.000194467015663  0.00015958093731 0.000142366479401 0.000135534446295 0.000127451341649 0.000124434883843 0.000125893686089 0.000125462753691 0.000125381750312 0.000123778549544  0.00012324020887 0.000120529983581 0.000117915291741 0.000115141897375 0.000111072037893 0.000107307271934
 2.6839132369e-05 0.000254416385867 0.000741130845827 0.000925133998742 0.000904136595319  0.00112324549122  0.00141041898616  0.00140273368298  0.00121912192176 0.000904178227192 0.000626583810644 0.000404099327684 0.000275208038899 0.000203452254441 0.000165110897967 0.000141805568123 0.000129040212303 0.000123218726177 0.000119707628499 0.000118668497269 0.000118374566706 0.000118334796355 0.000116997952294 0.000118313129641  0.00011606170702 0.000114415041605 0.000112438899831 0.000109218685697 0.000105251051713
2.79868995833e-05 0.000278974476611 0.000735699263086 0.000917535349014 0.000868410131214   0.0010954060976  0.00140540670381  0.00138536393192   0.0012045706179 0.000912175978502 0.000647884769789 0.000416695266288   0.0002792701607 0.000204532610629 0.000164574125633 0.000143659139457 0.000133804366547 0.000126474259289 0.000122257800401 0.000119156455618 0.000117614276436 0.000116230726887 0.000115032650721  0.00011355142919  0.00011161964861 0.000109180694896 0.000105759805762 0.000102699338504 9.93299850581e-05
9.23747057106e-06 0.000159982668681 0.000703042710748  0.00092477301479 0.000904617151657  0.00109751132598  0.00134066245298  0.00135482808616  0.00120707294571 0.000913237559117 0.000626526761515 0.000397690552902 0.000275168822437 0.000198296881382 0.000156942580621 0.000139253418256 0.000127845523578 0.000121157893617 0.000117676881442 0.000116140884119 0.000115209130926 0.000114002239027 0.000112917109852 0.000111952073962 0.000110564762707 0.000108509055438 0.000107022817095 0.000103947321343 0.000100254179391
2.84774620453e-05 0.000370083971168 0.000697551336442 0.000844043113642 0.000880913716787  0.00105182091742  0.00131039815355  0.00144932151029  0.00135767709888  0.00102890175497 0.000670403189444 0.000424397311455  0.00028677419525 0.000205976143549 0.000162289319589 0.000136882408168 0.000127754588705 0.000120397187258 0.000115042117765 0.000112974567073 0.000111930783927 0.000111596206232 0.000110692893972 0.000109682644642 0.000107748887528 0.000105667540306 0.000104048373806 0.000100505688205  9.7412924172e-05
2.67158253923e-05 0.000220698659296  0.00072284596837 0.000919301063676 0.000719475232117  0.00088034423317  0.00125422503664   0.0014168656793  0.00132997521429  0.00102824001756 0.000671122383937 0.000421458532381 0.000284786220928 0.000202451666938 0.000157124100167 0.000131669470736 0.000114205438586 0.000106669718313 0.000105631101819 0.000106419727451 0.000106370459924 0.000106781945075 0.000106140840492 0.000105820112534  0.00010417568046 0.000102248608853 9.88041434753e-05 9.58697047014e-05 9.25745114498e-05
6.85224995739e-06 0.000228637686216  0.00065302987207 0.000795148656179 0.000794226940936 0.000955036216178  0.00124436265496  0.00141323654359  0.00134371377252  0.00104293017075 0.000684645003925 0.000422117847683 0.000285242476676   0.0001996220542 0.000153818134482 0.000128625928339  0.00011439483661 0.000107055697549 0.000102959587481 0.000102286340684 0.000102289945507 0.000101176400127 0.000100556133874 0.000101045331933 0.000100272249977 9.90125329844e-05 9.75388257405e-05 9.49652324573e-05 9.28654547775e-05
6.86297679599e-06 0.000180782606854 0.000659282618248 0.000846793071938 0.000768287748541  0.00087312138228  0.00116073273128  0.00136892566744   0.0013265158924  0.00104574341775 0.000695393487153 0.000423634131993 0.000288843939109   0.0001978806195 0.000151728568541 0.000127200851863  0.00011674603803 0.000109411840066 0.000105560724002 0.000104954314525 0.000104674088206 0.000104426734014  0.00010477204238 0.000102232969899 0.000101471692522 9.99949458012e-05  9.6515780448e-05 9.42234395663e-05 9.14205462669e-05
 1.9302513465e-05 0.000174448723702 0.000618777000784 0.000782828131421 0.000746168357085   0.0008578797687  0.00114056806612  0.00135906909276  0.00133147271327  0.00106710080963 0.000710343877051 0.000436193940144  0.00029168414986 0.000204216059814 0.000155853212109 0.000128369565796 0.000112688891798  0.00010393382979 0.000100458084481 9.85346282985e-05 9.73403262591e-05 9.70230885027e-05 9.64779302877e-05 9.60850653226e-05 9.56923259854e-05 9.34017122797e-05 9.09399445008e-05 8.82899006196e-05 8.45162357871e-05
1.98504758906e-05 0.000199605031999 0.000648700753781 0.000822115059341 0.000777106248776 0.000848693999053  0.00109548701835  0.00132452413289  0.00131836812489  0.00107570576626 0.000730053375945 0.000442578593378 0.000291895033652 0.000202478119288 0.000152743147057 0.000125100690093 0.000109973807189 0.000101819979807 9.69689578566e-05 9.41473426073e-05 9.30232789306e-05 9.34555070473e-05 9.28299487055e-05 9.36230313629e-05  9.3185816493e-05 9.17772268752e-05 9.09285065773e-05 8.96699203319e-05 8.81609045442e-05
3.45208628889e-06 0.000174653577759  0.00061062230083 0.000746248013942 0.000654771276363 0.000679848525326 0.000945881485826  0.00127629399518  0.00133036829008  0.00111722948049    0.000715457998 0.000485880155969 0.000289281668991 0.000196528045059 0.000146151551161 0.000121526983152 0.000107806379157 9.94529308333e-05 9.60783704287e-05 9.60006880175e-05 9.58439071959e-05 9.57073701082e-05 9.58411638668e-05 9.51260473096e-05  9.4430286535e-05 9.35105522789e-05 9.25126371971e-05 9.05181566615e-05 8.83006415572e-05
1.95894374786e-06 0.000165210414152 0.000564617549412 0.000636640713953 0.000542041733865 0.000652343075933  0.00100542443465  0.00137874868305  0.00142829943636  0.00120598598527 0.000683022768595 0.000509789616851 0.000307334706837 0.000203506012847 0.000146994741826 0.000120703103074 0.000105526213455 9.68803367011e-05 9.25270183421e-05 9.06183618015e-05 8.99100439327e-05 8.92958092385e-05 8.89291633989e-05 9.04123555043e-05 8.85171153427e-05 8.88379258371e-05 8.90620065967e-05 8.70934433005e-05 8.50653889123e-05
 1.5941974038e-05 0.000155225993182  0.00055126285539 0.000628158990324 0.000553301154895 0.000690919138194  0.00106512744385  0.00143877396038  0.00149009664502  0.00125148654522   0.0006668915118 0.000500125176335 0.000282864021271 0.000184900076904 0.000131401157732 0.000105763030061 9.83841115587e-05 8.64247063286e-05 8.29899937653e-05 8.36125734054e-05 8.46500138811e-05 8.60716765793e-05 8.52303611624e-05  8.7801573799e-05 8.74565533727e-05 8.63196451659e-05 8.54878389004e-05 8.32056316807e-05 8.11886558978e-05
 1.3190725629e-05 0.000175947291835 0.000588789839702 0.000680239883455 0.000622029749963 0.000787331813116  0.00118625493176  0.00155452013229  0.00160673341492  0.00135191518503 0.000715784262299  0.00050606760763 0.000302478016666 0.000194192724821 0.000132112708972 0.000102162915222 8.57152912633e-05 7.70584606844e-05 7.37642970113e-05 7.65953045293e-05  7.8648125519e-05 8.28818062456e-05 8.20019254489e-05 8.42180155111e-05 8.42750211294e-05 8.25010672727e-05 8.25355905536e-05 8.14402435431e-05 7.98349880965e-05
1.20550343034e-05 0.000198266360333  0.00059987204237 0.000727614328012 0.000728614775804 0.000879781856835  0.00123328119845  0.00155616044546  0.00158473665916  0.00129919216244 0.000702506916114 0.000549561385991 0.000312700858022 0.000215445705925  0.00014992198857 0.000111346148045 9.01242028284e-05   8.101120019e-05 7.59701870221e-05 7.37295785218e-05 7.42169864197e-05 7.47079082862e-05 7.38125810605e-05 7.58130841418e-05 7.51962035924e-05 7.48535181694e-05  7.5121055295e-05  7.3897068393e-05 7.18458274052e-05
6.87376279612e-06 0.000171996097673 0.000604005325213 0.000769964645868 0.000775737489857 0.000913615639045  0.00126706772467    0.001574127955  0.00158280702591  0.00126334971318 0.000694388522312 0.000552810568359 0.000328461456055 0.000217057089492 0.000151511661157 0.000119133405409 9.97014882833e-05 8.86694282571e-05 8.20247433833e-05 7.64405784145e-05 7.44482165962e-05 7.26128655327e-05 7.30591686248e-05 7.11729489951e-05 7.09176880722e-05 7.24729008604e-05   7.134505192e-05 6.99866425917e-05 7.10007160058e-05
5.16989579625e-06 0.000218668935067 0.000647008588926 0.000814530837993 0.000841490932339  0.00096220496475  0.00129938863481  0.00156657061257  0.00153331146107  0.00119450347521 0.000706905895036 0.000588707159934 0.000334909003931 0.000231201747948 0.000163870824297 0.000123791412141 0.000100631478163 9.27174246367e-05 8.58940165117e-05 8.01705072197e-05 7.69157334275e-05 7.57841965355e-05 7.69415321078e-05 7.57069835037e-05 7.53685873398e-05 7.39977285564e-05 7.36424712604e-05 7.19859497471e-05 7.02501126014e-05
7.90304664199e-06 0.000190137260883 0.000633003872686 0.000820150107719 0.000841672247188 0.000963268914792  0.00118054976009  0.00138681831314  0.00144343812289  0.00125412985564 0.000795391071983  0.00050967584684  0.00036865118824 0.000193111488285  0.00013556211219 0.000108635274067 9.15365078674e-05 7.90141403604e-05 7.48631715369e-05 7.57857072429e-05 7.61855270799e-05 7.64900647922e-05 7.87453899546e-05 7.85296043638e-05 7.81118186845e-05 7.75227422374e-05 7.47810795172e-05 7.28714200216e-05 7.15811206444e-05
1.10286457422e-05 0.000230383310681 0.000613622863656 0.000742450021899 0.000736826274438 0.000841903431963  0.00109087281291  0.00135684956349  0.00145955283218  0.00129936175551 0.000855003529854 0.000568574342403 0.000424145282641 0.000209163509133 0.000140882697173 0.000105220677963 8.70740175898e-05 7.48946637278e-05 6.98492422638e-05 6.85519705121e-05 6.94031937244e-05 7.16276331395e-05 7.03375842408e-05 7.54971382619e-05 7.65060812808e-05 7.58325612262e-05 7.45995885016e-05 7.27794325802e-05 7.08508973379e-05
1.23449761156e-05 0.000211084405805 0.000585815672607  0.00071268219615 0.000710119721312  0.00081002678562   0.0010521007668  0.00133643855067  0.00145833525108  0.00131159615391 0.000871798475706 0.000535451058227 0.000417195227034 0.000216809265405 0.000134349277313 9.93671770017e-05 8.14187032411e-05 7.00527848891e-05  6.5091821375e-05 6.61838892944e-05  6.8490359252e-05 6.91543187986e-05 6.94554529232e-05 6.95271306969e-05 6.80698684435e-05  6.7327607021e-05 6.77236597863e-05 6.71709189477e-05 6.64791918753e-05
1.35328198985e-05  0.00019755276497 0.000611102573485 0.000768414870744 0.000745427329857 0.000831442642914   0.0010478499563  0.00131450774005  0.00143823236341  0.00129392683693 0.000849678961622 0.000558894377187 0.000455872807953 0.000216935429942 0.000150685838317  0.00011024196639 8.60270704477e-05 7.42030819682e-05 6.78844388256e-05 6.54116373783e-05 6.56912775418e-05 6.60108128047e-05 6.66388261154e-05 6.85646851495e-05  7.0029083635e-05  6.8066433381e-05 6.66668416169e-05 6.74410398671e-05 6.65311367035e-05
2.29218175726e-05 0.000228474171634 0.000582073535454 0.000720083839644 0.000762228271977 0.000856404129673  0.00105668130891  0.00131640808764  0.00145269178289  0.00132196156393 0.000883748572836 0.000545427922565 0.000451092492632 0.000232335282057 0.000155333013525 0.000115051816699 9.18706410452e-05 7.99868305006e-05 7.31597694939e-05 7.09362712689e-05  7.0297105202e-05 6.94910157665e-05 6.67684499438e-05 6.69848565033e-05 6.98724109357e-05 6.97642738843e-05 6.86520571935e-05 6.70490760912e-05  6.5768256697e-05
5.16183329257e-06 0.000228982955877 0.000592923310146 0.000745689149345 0.000808878871883  0.00091739774348  0.00110412058701  0.00134403146418  0.00147528740343  0.00134320343115 0.000891237961575  0.00053263029203 0.000440996324324 0.000233080057523  0.00016543522999 0.000119315287441 9.25191742459e-05 7.75859499888e-05 7.15435813369e-05 6.36507139711e-05 5.95422451728e-05 5.99466789737e-05 6.31347195479e-05 6.38228636728e-05 6.39436262227e-05 6.42892008365e-05 6.44877348964e-05 6.37559617306e-05 6.27931828077e-05
3.04860983591e-05 0.000227325303627 0.000596770146001 0.000781944187284 0.000864501749112 0.000982536735276  0.00115745340333   0.0013862367522   0.0015273198588  0.00141125968735 0.000966068965396 0.000539135262625 0.000457108427761 0.000261577307348 0.000174487305023 0.000124083772633 9.44753762976e-05 8.07426252298e-05 7.01778601232e-05 6.40639348202e-05 6.30835638763e-05 6.16992262416e-05 6.21109832703e-05  6.0892351696e-05 6.23091901676e-05 6.25091510083e-05 6.33446051014e-05 6.27438670094e-05 6.23491879901e-05
2.13008701636e-05 0.000242393845649 0.000607403456136 0.000809228370177 0.000914627787845  0.00104307688609  0.00119190851665  0.00137054380014  0.00149402185843  0.00137711358211 0.000932133617187 0.000538238934131 0.000462322703665 0.000258886442337 0.000182769918394 0.000127449008302  9.5006542795e-05 8.23103653805e-05 7.52669988229e-05 7.00822213571e-05 6.68349458228e-05 6.24991547086e-05 6.27230267097e-05 5.75155058958e-05  5.5551016137e-05 5.94752423506e-05 5.95704086968e-05 6.02344997851e-05 5.93995591327e-05
2.17372267416e-05 0.000239548588094 0.000600090404478 0.000806110378274  0.00091340443889  0.00100726344053  0.00106097874591   0.0011746911667  0.00132312847522  0.00126572407858 0.000896800774761 0.000573006894476 0.000463636577927 0.000279077814192 0.000204220442111 0.000150064121227 0.000108705607248 9.44640106942e-05 8.46475170979e-05  7.3181363057e-05 6.80317722698e-05 6.72791761073e-05 6.80618171779e-05 6.60925044256e-05 6.77595544876e-05 6.73464016053e-05 6.61798521015e-05 6.50888413879e-05 6.42289949582e-05
2.20208841292e-05 0.000243769725105  0.00057295059394  0.00077724643457 0.000880199145324   0.0009726342767  0.00102056036244  0.00113856365106  0.00130244898376  0.00126125604622 0.000904543973212 0.000567602148197 0.000462997952615 0.000281391810305 0.000199743536616 0.000146893172187 0.000110199955552 9.54536850358e-05 8.50213670482e-05 7.63525530091e-05 7.29744195487e-05   7.087051128e-05 7.12574234781e-05 6.84160811872e-05 6.94969284562e-05 6.92496956488e-05 6.79585714009e-05 6.80443392753e-05 6.81407191926e-05
1.24649269758e-05 0.000246155961882 0.000626941629663 0.000860655720417 0.000989553588438  0.00109999527918  0.00113528421356  0.00118494608015  0.00129247626526  0.00122172800674 0.000837392918099 0.000526306586891 0.000470232624597 0.000263159143362 0.000186655574145 0.000138359786998 0.000107178079114 9.10557896402e-05 8.19955281522e-05  7.5355008503e-05  7.2678314314e-05 7.08288578537e-05 7.16932547964e-05 7.04734515928e-05 7.17511868526e-05  7.1860013555e-05 7.13729862413e-05 7.12552243832e-05 7.09257055526e-05
1.06273079439e-05 0.000253993575334 0.000618683443701 0.000878961289989  0.00105772109463  0.00121943640651  0.00126694787494  0.00125739640357  0.00130963100479  0.00121460514092 0.000814276590771 0.000511427302154 0.000447981680693 0.000269753922512 0.000191863909818 0.000144258624682 0.000109533171219 9.30363142424e-05  8.3535141177e-05 7.63916911335e-05 7.26793879066e-05 7.12110116624e-05 7.20550472518e-05 7.02643214481e-05  7.1043445236e-05   7.181082946e-05 7.14963713845e-05 7.15247490891e-05 7.11107058611e-05
1.47238816957e-05 0.000225792922666 0.000608049333621 0.000880376452031  0.00107846974073  0.00125182474664  0.00125864219271  0.00117370740607   0.0012321136452  0.00119738411985 0.000890343745125  0.00054590547371 0.000440916528929 0.000252581526459 0.000146970960298  0.00011925137289 0.000100260832167 8.32092888606e-05 7.44280101922e-05 7.38806015787e-05 7.28356126168e-05 7.10996643527e-05 7.17033299831e-05 7.22804035429e-05 7.29156071841e-05 7.36289663847e-05 7.35082831893e-05 7.38367396283e-05 7.34886492592e-05
1.33916903943e-05 0.000249718663862 0.000572138165306 0.000779277497017 0.000882727229151  0.00096527924785 0.000878666511604 0.000844382494035  0.00109062422127  0.00121429973427  0.00100322158939 0.000681408829833 0.000463687074027 0.000310169630705 0.000130217644915 9.13760891459e-05 7.81397433223e-05 5.97482799772e-05 5.29585504849e-05 5.54142391379e-05 5.71585441655e-05    6.06317247e-05 6.06801995631e-05 6.56272034234e-05 6.68288837952e-05 6.79887098783e-05 6.94473787697e-05 6.99629021678e-05 7.00292907775e-05
 6.8256710368e-06 0.000204923392265 0.000517100678871 0.000720771652618 0.000831374507255 0.000913863094813 0.000823149797839 0.000792400453131  0.00106039807786  0.00120308241111  0.00102363852821 0.000703767587315 0.000481683876329 0.000324679182063 0.000143807072357 0.000103589149732 7.20825248188e-05 5.57934837633e-05 4.66779279332e-05 4.71010172455e-05 4.91155300271e-05 5.15606166787e-05 5.08906306421e-05 5.62104920831e-05   5.804532433e-05 6.02628709125e-05 6.31526053394e-05 6.44478456837e-05 6.46818633247e-05
9.97006284393e-06 0.000207862971817 0.000518019887068 0.000684585995401 0.000716014007569 0.000747492066099   0.0006018964025 0.000615522821955  0.00105201205733   0.0012941405911  0.00117516670992 0.000885225592387 0.000520524094818 0.000374664158631 0.000147297839806 0.000109214845106 7.64144744336e-05 5.40676943894e-05 4.75698524897e-05  4.6439564795e-05 4.72924264557e-05 4.89974470589e-05 4.91171669239e-05 5.35200861504e-05 5.48959431144e-05 5.63369356864e-05  5.7788800013e-05 5.82935024025e-05  5.8717721393e-05
 1.1069795448e-05 0.000200759916462 0.000469256686207 0.000509144883154  0.00035433333763 0.000251578799857 0.000254008269665 0.000564914347299  0.00107008299103  0.00132496144231  0.00115723086116 0.000744935784597 0.000598081974264 0.000473265039131 0.000173106803328 0.000115793905699 8.15873916151e-05 6.26485077214e-05 5.35787598793e-05 4.85268816058e-05 4.51946200308e-05 4.53150502121e-05 4.53230767726e-05 4.72559112784e-05 4.77097612335e-05 5.13262916542e-05 5.27008599288e-05 5.38474646804e-05 5.43450981721e-05
1.31561778306e-05 0.000192282287347 0.000455289429439 0.000449883810256 0.000333761232872 0.000360119567177 0.000492814008432  0.00073582719302  0.00112339782391  0.00138487434441  0.00121900074144 0.000694428281202 0.000719089465739 0.000610585410477 0.000196365239508 0.000127030406886 8.84178967599e-05  6.7660958528e-05 5.52444657437e-05  4.8800143571e-05 4.79209176851e-05 4.54503633798e-05 4.53261548649e-05 4.52717532865e-05 4.68420983361e-05 4.63768234809e-05 4.66537606597e-05 4.79130258265e-05 4.75697615312e-05
1.83912869869e-05 0.000155387549753 0.000399146782556 0.000425125355003 0.000343616632837 0.000306852641921 0.000394733852137 0.000670711271248  0.00112722052567  0.00141054004685  0.00121881851093 0.000673527490853 0.000692540390469 0.000595755473937 0.000219792126512 0.000147284024059 9.40326459812e-05 7.21943947854e-05 5.87623226588e-05 4.90798032214e-05 4.54752306928e-05 4.55834587814e-05 4.57442063564e-05 4.67312103897e-05 4.75164006134e-05  5.0020095913e-05 4.99458467077e-05 5.03951499453e-05 5.07777218029e-05
1.43410570816e-05  0.00025054406863  0.00050189051292 0.000524740807588 0.000378781718862 0.000287494856207 0.000384864211493  0.00070594566526  0.00115833342211  0.00143243300956  0.00125800030382 0.000739605347287 0.000548713029378 0.000522457281756 0.000285424903483  0.00021076044431 0.000112169890514 7.79297162929e-05  5.9891798177e-05 5.12126130886e-05 4.75805157987e-05  4.6741116877e-05 4.74336290531e-05 4.86699853422e-05  4.9612455551e-05 5.19720603672e-05 5.21229483368e-05 5.23691282824e-05 5.32164618068e-05
5.05181565444e-06 0.000182760486702 0.000469065720259 0.000558153842445 0.000427673096509 0.000317869306074 0.000373185380905 0.000694378860266  0.00113447483233  0.00140705592069  0.00126597916703 0.000757683916619 0.000553012433706 0.000556635559303 0.000255300289733 0.000167155692644 0.000113303040899 8.86654965006e-05 7.30234758531e-05 5.83694095524e-05 5.38503068548e-05 5.12703830428e-05 5.08614325151e-05 4.90560107147e-05 5.10105856249e-05 5.18600761719e-05 5.15631213579e-05 5.25271977115e-05 5.28705499823e-05
 9.8547136815e-06 0.000158824653086 0.000424121178799 0.000530004951758 0.000494568952145 0.000400348097912 0.000387889007769 0.000647129245356  0.00113956005519  0.00144764037243  0.00131077265211 0.000757194098333 0.000503403427996 0.000540528711928 0.000321632683434 0.000223890751108 0.000116827186053 8.88745743409e-05 7.40785832699e-05 6.45627057642e-05 5.88472749762e-05 5.50209001468e-05 5.54113315473e-05 5.24557648925e-05 5.47288947841e-05 5.28236192998e-05 5.17769530861e-05 5.19015066266e-05 5.19862388625e-05
1.48092857314e-05 0.000192526705837 0.000438462958863 0.000561302327075 0.000553730251603 0.000498263928222 0.000508521505644 0.000734659576034  0.00125714411171  0.00160769470573  0.00149282783695 0.000905949737715 0.000496018935736 0.000709226474581 0.000542789806426 0.000276038585887 0.000108746657771 6.56018715591e-05 5.08469052122e-05  4.9321999974e-05 4.73076450316e-05 4.69422705256e-05 4.75481942218e-05 4.91328765675e-05 4.87128895205e-05 5.23224755067e-05 5.34789235427e-05 5.41927537676e-05 5.46585117285e-05
1.31379508099e-05 0.000216805797314 0.000548207027195 0.000718314371132 0.000670445016485 0.000642301177246 0.000682594501756  0.00086062109999  0.00136586915005   0.0017307692728   0.0016019004062 0.000968442375717 0.000505819255938 0.000739257728481 0.000567345187673 0.000303379250027  0.00011983599337 7.50717047807e-05 5.58369139012e-05 4.81471960055e-05  4.4583262724e-05 4.31077194733e-05  4.2238469445e-05 4.32436276627e-05 4.47605837843e-05 4.59347481965e-05 5.11714623206e-05 5.15696872503e-05 5.17050770616e-05
1.18718404748e-05 0.000230343306026 0.000528295709138 0.000735335524051 0.000825041265846  0.00086153047787 0.000950136354334  0.00109714095216  0.00153886054819  0.00187770563954  0.00171691869997  0.00102472433171 0.000461104620135 0.000731994170189 0.000561813540916 0.000316183928721 0.000123642624244 7.32752428776e-05 5.34289402039e-05 4.92334078235e-05 4.49499248941e-05 4.27635602802e-05 4.26236214161e-05 4.40823256282e-05 4.56196116793e-05 4.71064961398e-05 4.83957730114e-05 5.02625150352e-05  5.0727722483e-05
1.24685365449e-05   0.0002004872891 0.000519316976604 0.000774653291583  0.00090467291163  0.00100558664025  0.00115362543757  0.00130297248608  0.00170838310531  0.00202851701974  0.00185071043256   0.0011089784266 0.000457080112402 0.000777206677032 0.000650742315342 0.000260254925407 8.55020009281e-05  4.6722426053e-05 3.29583988659e-05  3.2768114426e-05 3.34196678779e-05 3.44508093317e-05 3.47328881429e-05 4.02382939135e-05 4.12567990837e-05 4.36112432271e-05 4.65230520533e-05 4.87543392365e-05 4.95721463425e-05
1.80460398847e-05 0.000138865629436 0.000507072099044 0.000806382536697 0.000931982273802  0.00105144681109  0.00122424175228  0.00140848918161  0.00187012899856  0.00226169898603  0.00217011311033  0.00140939300969 0.000590897121521 0.000816142164525 0.000783025626487 0.000169941880536  4.6116944364e-05 2.50569230482e-05 8.57569302195e-06 1.53877133184e-05 1.45803922063e-05 1.92973474796e-05 1.69235354623e-05 2.46687848235e-05 2.52683370549e-05 2.81549130416e-05 3.29703588111e-05 3.73812833186e-05   4.060073797e-05
9.83916090076e-06 0.000238866800984 0.000581738214875 0.000873468856997  0.00103815754316  0.00119216710361  0.00142920251458   0.0016848725703  0.00214932680972  0.00250877295204  0.00233864864279   0.0015596102579  0.00061408324788 0.000886992306032 0.000827548249549 0.000161320454179   5.282593643e-05 2.19350085153e-05 7.22530186803e-06 9.28306954777e-06 1.31736873386e-05 1.54901645334e-05 9.33258361791e-06 1.93498419913e-05  2.1498166695e-05 2.66462140294e-05 2.83678502657e-05 2.72668010445e-05 2.70811439552e-05
5.04596817206e-06 0.000199728465399 0.000558497726809 0.000910932497793   0.0011446134792  0.00136016757671  0.00163788110575  0.00186849434012  0.00220221408585  0.00242865888519  0.00216413138074  0.00144667810244 0.000475167115059  0.00102152541757 0.000996239574229 0.000282875971208 0.000117043916792 2.90994485512e-05 1.67593246741e-05 1.19677598737e-05 1.40661467588e-05 1.64877600487e-05  8.4386578997e-06 1.34634201679e-05 1.91039861236e-05 2.20205516512e-05 1.92011410027e-05 1.91299653365e-05 2.54858430099e-05
7.17574846308e-06 0.000187515905625 0.000633818349952  0.00105364233386  0.00127357736464  0.00150576576403  0.00182839293959  0.00208988094231  0.00237586998675  0.00253512820964  0.00222222050509  0.00144511163135 0.000367516576779  0.00106873800764  0.00104340747596 0.000274731866209 0.000135573130986 4.64596964372e-05 1.80095913251e-05 1.11159982694e-05 1.20470059994e-05 1.23402253836e-05 6.26043997954e-06 5.36828058379e-06 1.59791465247e-05 1.80409290743e-05 8.00860554244e-06 1.27075127805e-05 1.82213962722e-05
1.22593441821e-05 0.000200856755302 0.000612851543555  0.00103676929751  0.00137747202098  0.00171652913115  0.00213150017903  0.00244024297038  0.00265444432276  0.00269410362493  0.00227262921869  0.00143911383752 0.000306273644851  0.00104938505827  0.00104510633405 0.000333921975156 0.000192542784965 0.000109775412762 5.68718621898e-05 3.56387230904e-05 2.73428271255e-05 2.08452857778e-05 1.75332435707e-05 1.03719301627e-05 1.19356357964e-05 1.45153075256e-05 1.16644892949e-05 1.21313769703e-05 1.97684640855e-05
1.22633493358e-05  0.00016703211539 0.000626368679095  0.00113948565266  0.00153287374917  0.00192587575185  0.00240173796085  0.00277125942437  0.00295292168573  0.00290016819388  0.00240221642973  0.00150858613519 0.000320954853452 0.000958479488931  0.00094486886129 0.000397071233663 0.000260514187797 0.000130841452233 7.55120771302e-05 4.68140444085e-05 3.56410241318e-05 2.71711868881e-05 2.78887687064e-05 1.75311571432e-05 1.59210889493e-05 1.44434200187e-05 1.14687737001e-05 1.23077955164e-05 1.48137428337e-05
 1.2982879647e-05  0.00022006513423 0.000707486138689  0.00125097179517  0.00164899181517  0.00205346702227  0.00254389933681  0.00291617108153  0.00306152919792  0.00296179798508  0.00249078710367  0.00172423260165 0.000768064434949 0.000391492640145 0.000608213862149 0.000370390141828 0.000199178702024 9.60811693645e-05  6.4364952596e-05 5.23407445356e-05 3.94801498833e-05 3.30019856737e-05 3.15932472249e-05 2.73235642247e-05 2.85218834059e-05 3.13022755119e-05 2.91701135255e-05 2.93429653937e-05 3.12843424799e-05
1.36966691213e-05 0.000203620836964 0.000765663067293  0.00133501166827  0.00168499204943  0.00204348135701  0.00249525574219  0.00289487257405  0.00312348131372  0.00311480762527  0.00275078157526  0.00211588373067  0.00121099116111 0.000454023504385 0.000387115969028 0.000347865754759 6.87512988142e-05 2.88636862441e-05 6.70524387424e-06 1.20016216448e-05 1.08029380025e-05 1.23673467561e-05 1.13175328293e-05 1.87753356339e-05 1.79865128189e-05 2.27992265769e-05 2.78555590228e-05 2.80523479462e-05 3.05694294955e-05
1.74585007456e-05 0.000210513164484 0.000829487619526  0.00141581573017  0.00175581359014  0.00210907263103  0.00256840614463   0.0029672628456  0.00315964268228  0.00310005412473  0.00273517790493  0.00208274966546  0.00117049724857 0.000470196907719 0.000648989946445 0.000537181513155 9.46520887388e-05 5.12171459586e-05 2.78206308296e-05 1.24763819978e-05 9.81463251558e-06 1.14218909194e-05 6.87230759088e-06 9.85536533902e-06 9.03402925571e-06  1.4732419333e-05 1.83204037677e-05 1.57517368956e-05 2.04817337047e-05
1.05931444731e-05 0.000189853860991  0.00081417252189   0.0012978297137  0.00144922080575  0.00164508671692  0.00200896607736  0.00224208598747  0.00230887348459  0.00229045062878  0.00207520074781  0.00165162220451 0.000969760448699 0.000487514617373  0.00133076450869  0.00113398749045 0.000242032747149 6.62931228672e-05 3.27968438359e-05 2.08468260147e-05 1.72546676578e-05 1.40016857006e-05 1.02945133436e-05  9.4257380714e-06 1.04188987108e-05 1.46470786671e-05 1.01216149745e-05 9.39665624745e-06 1.60672388404e-05
2.08422267454e-05 0.000214540234806 0.000769012937611  0.00118056123521  0.00127191209447  0.00136785893772  0.00161762445603  0.00182288071751  0.00199945331887  0.00211294466677  0.00198711139862  0.00162169432415 0.000949261059696 0.000443148106524  0.00141875064439  0.00120480632743 0.000275264302548 0.000138650657189 9.95334149982e-05 5.47528925715e-05 3.52450024443e-05  2.7047521189e-05 2.36487048918e-05 1.46369130574e-05 1.43808392611e-05 1.57010234873e-05 1.36852873572e-05  1.4355739463e-05 1.84541382188e-05
3.99577811873e-06 0.000187188637734  0.00084685080278  0.00129126920867  0.00133801817762   0.0014152028452  0.00165079633846  0.00186057082763  0.00204242313538  0.00215185466804   0.0020137368225  0.00162952764988 0.000928547358459 0.000325532761507  0.00135629992492  0.00119430862554 0.000337648040619  0.00019288154222 0.000143884540946 9.08794713076e-05 6.93573019632e-05 5.50677499077e-05 5.39205763705e-05 3.77554992021e-05 3.79093449644e-05 3.67875162169e-05  3.3539004072e-05 3.29827991274e-05 3.56363053415e-05
1.07795723698e-05 0.000190422997138 0.000858504629062  0.00134221594757   0.0014471653296    0.001569877622  0.00182411672879  0.00205990469232  0.00224422838452   0.0023194827513  0.00213501085099  0.00171833380694 0.000997948015476 0.000160049241194   0.0012285942503  0.00111953875092 0.000416547786343 0.000229099155434 0.000147931203965 0.000105912694825  8.7723538132e-05 7.51550981364e-05 7.30086121404e-05 5.59397175669e-05 5.70994624568e-05 5.49550669193e-05 4.85451653039e-05 4.88593784217e-05 5.01373665828e-05
3.75473215347e-05 0.000228043547058 0.000902487233043  0.00133825986797  0.00157820977544  0.00178607289357  0.00209021246244   0.0023817675574  0.00255776691657  0.00255287327683  0.00226153776164  0.00178194896762  0.00104080004004 0.000130890531842  0.00110148089456  0.00103842386986 0.000429837613187 0.000223192667105 0.000147741651362 0.000115501503047 9.90662357025e-05 8.65117526185e-05 8.48251003737e-05 7.28098419394e-05  7.3185418481e-05 7.16801214845e-05 6.78647087894e-05 6.83905330496e-05 6.96801702937e-05
1.52599321696e-06 0.000318821801447  0.00100734128606  0.00139442048858  0.00163222877239  0.00188903372038  0.00225699170839  0.00263637304741  0.00282350158459  0.00274790897398  0.00238086386583  0.00184720175761  0.00109474253876 5.02986967241e-05 0.000914644382011 0.000853152536499 0.000452091766323 0.000235879144168 0.000127955252422 0.000107644416214 9.44183700098e-05 8.70712517432e-05 8.48710772144e-05 7.89501032938e-05 7.98520959554e-05 7.99031162343e-05 7.87839948063e-05 7.97466739272e-05 8.11181898421e-05
4.19634208852e-06 0.000325230714034 0.000945295334941  0.00133422435341   0.0016269320719  0.00193435782532  0.00234472800899  0.00277155472128  0.00295542320811  0.00282027832531  0.00238539713479  0.00183669803922  0.00112259855955 0.000101382040337 0.000922473750235 0.000963265868751 0.000510392661211 0.000252729585127 0.000141148296745 0.000108949942851 9.73743068489e-05 8.99570163588e-05  8.7303168242e-05 8.19373260977e-05 8.23066667997e-05 8.22413253278e-05 7.99315804122e-05  8.0936139863e-05 8.17461421893e-05
1.77356663771e-05 0.000310639641024 0.000915983928128  0.00132203590669  0.00162177101415  0.00191696026349  0.00231839728959  0.00275531515748  0.00297685161488  0.00279550192792  0.00228303890032  0.00174711991887  0.00110699182105 0.000172177048698 0.000557979793253 0.000653588291518 0.000468854194467 0.000215749316396 8.03945567032e-05 6.70584842486e-05 6.33422193343e-05 6.38518859271e-05 6.04904727084e-05 6.97858110747e-05 6.99609720773e-05  7.2422654328e-05 7.47195478877e-05 7.69778694985e-05 7.87269438634e-05
2.77568358875e-05 0.000249960451076 0.000873573601086  0.00123539809866  0.00140713119116  0.00158326991075  0.00185687150764  0.00216743943453  0.00225416236942   0.0018762960882  0.00135296405105   0.0010613394859 0.000792223078929  0.00042299396533 0.000490629906316 0.000763922770327 0.000622808809781  0.00020902836729 3.24723916544e-05 2.75498599423e-05 2.21492448024e-05 2.82732893187e-05 2.54148713323e-05 4.29471747402e-05 4.32078847015e-05 4.68435163207e-05 5.73340963726e-05 5.90932618218e-05 6.03730825232e-05
1.66714023027e-05 0.000268023926614 0.000730655619184 0.000906081200363  0.00088796993692 0.000830858564236  0.00090107818469  0.00107377093754  0.00103762180173 0.000803720364204 0.000769100679601 0.000875443103627 0.000771964065396 0.000503841312389 0.000696724719913  0.00130319287298  0.00099554865204 0.000204093141672 3.37405603957e-05 1.31492564514e-05 1.24954740787e-05 1.42192214905e-05 8.52581847751e-06 1.99822310333e-05 1.86777223259e-05 2.32876152077e-05 3.15948355232e-05 3.44173208603e-05 3.62271279268e-05
1.41494916382e-05 0.000227277568149 0.000695248505111 0.000819465059086  0.00070565526499 0.000574668018196 0.000564428909593 0.000666508028325 0.000608238253746 0.000546156971486 0.000739100258218 0.000904808968984 0.000801668607389 0.000508561320642 0.000652091315315  0.00129610493042  0.00100770928949 0.000232235801718 8.28176590995e-05 4.26641321474e-05 2.34524060462e-05 1.83280859385e-05 1.50802678451e-05 1.64645127124e-05 1.78237345542e-05 1.99139585468e-05 2.14824667335e-05 2.38615348487e-05 2.56041028994e-05
1.71028009028e-06 0.000222167718806 0.000680937732266 0.000836699685172 0.000768747762502 0.000679062962594 0.000698193073593 0.000809425682043 0.000783729051222 0.000659582860988 0.000726165913597 0.000863032989892 0.000769024024964 0.000470132276536 0.000648640595887   0.0013125119509  0.00106312322654 0.000316494923223 0.000150760371599 0.000101555300437 6.26878028088e-05 4.51946724358e-05 4.22058487601e-05 3.03464671096e-05 2.99237757273e-05  2.8573366496e-05 2.51146421551e-05 2.58438546888e-05 2.63438165649e-05
 1.5490380057e-06 0.000219010707819  0.00068180318071 0.000861211045577 0.000829204790817 0.000758461926482 0.000773343053624 0.000865379051123 0.000841746614207  0.00067152173261 0.000704688204262 0.000860005314214 0.000792412819289 0.000478394059691 0.000484396162268  0.00104486340234 0.000880614216719 0.000283746430068 0.000151265166608 0.000100957763883 7.45558723663e-05 6.15492482893e-05 5.80810432779e-05 4.58183403425e-05 4.58625450311e-05 4.47084529788e-05 4.19051214144e-05 4.15928213079e-05  4.2705944183e-05
1.49320116313e-07 0.000217837600613 0.000678163123886 0.000856253096749  0.00082272103252  0.00074062615987 0.000730073642536 0.000795087106545 0.000774590621703 0.000668325051779 0.000817004145497  0.00099668008769  0.00092902387043 0.000541026237606 0.000398937742277  0.00105394235669 0.000910300011662 0.000403044005542 0.000255871519431 0.000127955803168 9.03142474225e-05 7.56815391977e-05 7.16531306005e-05 5.93067208793e-05 5.93206198747e-05 5.82879127303e-05 5.56177160742e-05 5.62169616537e-05 5.76954232642e-05
2.99265439509e-05 0.000215398255456 0.000676433986763 0.000865317179902 0.000847166319086 0.000775441071486  0.00076841436158 0.000830969575085 0.000888589562598 0.000892210227348 0.000960787815908  0.00109156738701 0.000993332832469 0.000559233298225 0.000362898892271  0.00106836922475 0.000980569615977 0.000462081839664 0.000315796951333 0.000157004687339 9.56721385485e-05 8.01724977018e-05 7.67836845031e-05 6.80296633582e-05 6.75159897797e-05 6.77272091329e-05 6.57494437214e-05  6.6358463148e-05 6.78230659007e-05
2.65574185959e-05 0.000212651591287 0.000678356466931  0.00088807423203 0.000901019652021 0.000855667586656 0.000869765942145 0.000954767686398  0.00108274206569  0.00111684296784  0.00115109819056  0.00124617278693   0.0011212267988 0.000643962313246 0.000316014065094  0.00101516612275  0.00102466220534 0.000533645837984 0.000312774723163 0.000150111610029 0.000106346537174 9.25303937767e-05 8.86662303098e-05 8.06140000561e-05 7.96324549936e-05 7.88626171806e-05  7.6269433021e-05 7.67692596136e-05 7.80456760007e-05
1.16599605405e-05 0.000270317684152 0.000799738540284  0.00104692765084   0.0010336109903 0.000976761353922 0.000996139229414  0.00110261102251  0.00129261804566  0.00132149722001  0.00131979746257  0.00137845949403  0.00121652581471 0.000686542956003 0.000228117496888   0.0010162677599    0.001016435918 0.000587924409611 0.000378522271299  0.00018974225468 0.000114933514225 9.90015420788e-05 9.37033081208e-05 8.53395920525e-05 8.47657481653e-05 8.39334458045e-05  8.0760660062e-05 8.14191413977e-05 8.34599988673e-05
7.22441853687e-06 0.000231251437626 0.000720541101793 0.000969750056176  0.00106048156028   0.0010867690089  0.00116291047452  0.00130673507145  0.00151483872308  0.00157446334943  0.00150007236608  0.00149723245554  0.00132439428613 0.000781630271579 0.000194271773832 0.000975048892432  0.00106575564843 0.000620060916577 0.000340098321282 0.000144658314123 0.000107054356366 9.51770299378e-05 8.92281493147e-05 8.32535092422e-05 8.28548301657e-05 8.25611341892e-05 7.75923936095e-05 7.74139867415e-05 7.92070994875e-05
 1.0733317071e-05 0.000255147402464 0.000736382183838 0.000994110649829   0.0010819639029  0.00112226298135  0.00121672168626  0.00137271223236  0.00161626165373   0.0016733479142   0.0015766813171  0.00157563577354  0.00141693281435 0.000882312083829 0.000200021135546 0.000920107720494  0.00114216033389 0.000631062472056 0.000280829951648 0.000170398951449 0.000120912168594 9.94589876394e-05 9.53021401261e-05 8.76015797974e-05 8.57852896982e-05 8.55230074125e-05 8.26313615871e-05 8.31211786838e-05 8.49462646409e-05
1.07988058314e-05 0.000254633118618 0.000761076622801  0.00103759208746  0.00110175275131  0.00111195678468  0.00118456385938  0.00132673389523  0.00156138201598  0.00153382437817  0.00136920308157  0.00140520388748  0.00132928858589  0.00090443394853 0.000305306270094 0.000557601635989  0.00107494632126 0.000803028990786 0.000203570265876 5.14541790252e-05 2.34697143408e-05 3.32225781301e-05 2.63705535902e-05 5.23840273847e-05 5.22837913882e-05 5.69741699203e-05 6.93025835823e-05 7.27794733471e-05 7.48431324918e-05
9.30055962361e-06 0.000202838415741 0.000688400480001 0.000925913812011 0.000943246785794 0.000918161423733 0.000940607843277  0.00101597886135  0.00118649736057  0.00124108815189  0.00130060522079  0.00154818138105  0.00161386633776  0.00127775942271 0.000698515096776 0.000499892291969  0.00103444031678  0.00082165667781 0.000141056923171 1.82649680443e-05 2.17344363882e-05 1.28931765795e-05 7.81243513482e-06 1.75582234243e-05 1.73012586898e-05 2.16001617241e-05 3.56348226026e-05 3.83841069663e-05 3.87629252718e-05
1.62974239376e-05 0.000235720088093 0.000641296262324 0.000819329623684 0.000867751888762 0.000833954748671 0.000847758941271 0.000923308986947  0.00114193676148  0.00129128643242  0.00142907999269  0.00168880900369  0.00174718525887  0.00139138364098 0.000732618362442 0.000496574092178  0.00108937431872 0.000828536304446 7.96798747599e-05 2.58966329101e-05 1.70081051081e-05 1.03033149569e-05 9.30474187164e-06 7.27901078062e-06 7.74516695683e-06 1.21966347717e-05 1.13104994251e-05 1.46877270009e-05 1.67440348164e-05
3.72600416141e-05 0.000243143081427 0.000738707975626 0.000980575873812  0.00094861884859 0.000891478847827 0.000899488035547 0.000976657478078  0.00118366620391  0.00131724767459  0.00141036662115   0.0016296095962  0.00170696474118  0.00137816536862  0.00072809045371 0.000404004571065  0.00100665019848 0.000745229693536 0.000100431062544 5.20706732293e-05 3.56867177936e-05 2.02020791998e-05   1.412823382e-05 9.94517974193e-06 6.06589333777e-06 9.97034474362e-06  1.0684650856e-05 9.33016570052e-06 1.41939449802e-05
3.70193130374e-05  0.00022048880161 0.000689042734051 0.000929557312612 0.000996868994828 0.000981384357193   0.0010126116844  0.00109395492237   0.0012769433363  0.00132336303876  0.00133163088085  0.00158402973218  0.00168668625357  0.00138223275695   0.0007463128521 0.000334213616703 0.000915785294784 0.000692239901852 0.000186716610091 0.000113694778953 5.47220318211e-05 3.80908530451e-05 3.18093725409e-05 2.04204683564e-05 1.88177226282e-05 1.72748802072e-05 1.55255394725e-05 1.51389413878e-05 1.73239825878e-05
2.63333328167e-05 0.000264921718668 0.000741012706572 0.000989599180964  0.00103664888089   0.0010180809355  0.00103452916478   0.0010791053549   0.0012029948768  0.00124758947651  0.00129977225053  0.00156491730582  0.00167357010444  0.00137973089319 0.000746377897138 0.000280350517566 0.000808449570107  0.00063830614136 0.000207092897826 0.000138044982438 5.78956488735e-05 3.90149493628e-05 3.06459623861e-05 2.18287610283e-05 2.04801204097e-05 1.88531188273e-05 1.64298163464e-05 1.68991345083e-05  1.8843182278e-05
 5.4856932675e-06 0.000237424862246  0.00069621516033 0.000949941125924  0.00101414005669  0.00100968915253  0.00103899572557  0.00110128614858  0.00122715337586  0.00124582807124   0.0012695837772  0.00152764239286  0.00165017002899  0.00137576996986 0.000750156208926 0.000254366242689 0.000727128100268 0.000568061037604 0.000216940173453 0.000155457728883 7.08998483258e-05 4.63916757677e-05 3.38280237027e-05 2.73096566577e-05 2.62581638757e-05 2.44245327573e-05 2.34849442527e-05 2.37706919123e-05 2.49201063905e-05
1.21318271285e-05 0.000177711413579 0.000595236074506 0.000820031422185 0.000947892324937 0.000981077100381  0.00104195004281  0.00113353630108  0.00126837838004  0.00126238609389  0.00124964572386  0.00149222471582  0.00161761923265  0.00135550612239 0.000732461792626 0.000198698598425 0.000567822275995 0.000457697649283 0.000159244367523  0.00011282247155  7.2319090449e-05 4.93344699788e-05 3.80327086394e-05 2.87191804802e-05 2.68118533994e-05 2.60243113585e-05 2.46601374807e-05 2.54467308572e-05 2.63214041552e-05
2.12369755669e-05 0.000206191630789 0.000655209369894 0.000893803276483  0.00096504421746 0.000993468488051  0.00107095698784  0.00118711329846  0.00131601021673  0.00124969355909  0.00117606210792  0.00139463403959  0.00154036080963  0.00131198540968 0.000746210984461 0.000255582138768 0.000368954651524  0.00036352243293 0.000204145046358 0.000119100130359 5.01530967758e-05  3.4019043928e-05  2.5363129946e-05 2.48845775458e-05 2.20681132108e-05  2.2092897213e-05 2.24519217598e-05 2.32042809195e-05 2.42171536004e-05
1.31469454407e-05 0.000230340844285 0.000703607092417 0.000961496169639  0.00103701141337  0.00101538424951  0.00105228566518  0.00115672292528  0.00126656407457   0.0010303891283 0.000701854895498 0.000901337908627  0.00112134010648  0.00103667676007 0.000663318510683 0.000318112104493 0.000572021530426 0.000584984502673 0.000337030771098 0.000182725242103 7.44231012188e-05 4.85605481931e-05 3.73522554981e-05 2.53331384842e-05 2.32931964051e-05 2.15755190301e-05 2.09876608467e-05 2.17392446426e-05  2.2790935316e-05
