 0.00122912986355  0.00170807828327  0.00224758822359 0.000431735849709 7.97339668726e-05 5.05151474097e-05 4.94737049177e-05 3.86238907431e-05 3.43085466922e-05 3.23259564214e-05 3.33073697505e-05 3.00545019414e-05 2.62038118101e-05 2.61347088893e-05 2.40625260404e-05 2.36904774011e-05 2.29573163008e-05 2.30352246267e-05 2.33334463181e-05  2.3286886184e-05 2.27110483775e-05 2.27772345754e-05 2.20329963341e-05 2.58650473785e-05 2.68808780104e-05 2.48741942374e-05 2.45286968939e-05 2.46533595186e-05 2.46373494563e-05
 0.00124481248794  0.00175311490912  0.00233609149248 0.000354886032619 0.000147500246018 9.39405174765e-05 9.64897784575e-05 7.59136691327e-05 6.48678527366e-05 5.52474820096e-05 5.87343557606e-05  5.1020045654e-05 3.91668122049e-05 3.81702904501e-05 3.78010562123e-05 3.54761470968e-05 2.99196625491e-05 2.94705706615e-05  2.9383077742e-05 2.68338240198e-05  2.7240892725e-05 2.67024761274e-05  2.5358628386e-05 2.59843413335e-05  2.5709918979e-05 2.46908013684e-05 2.42921117819e-05 2.44672650068e-05 2.45995849817e-05
 0.00126940476828  0.00177395855112  0.00231299708012 0.000235793151932 0.000285426404429 0.000199671516675 0.000199653083924 0.000154252336287 0.000140778405406 0.000116181193386 0.000116610923845 9.56965269232e-05 6.84899995422e-05 6.82750149657e-05 6.06628206713e-05 5.30337644217e-05 4.11212091403e-05  4.0173225983e-05 3.68952604571e-05 3.14548527382e-05 3.11549054948e-05 2.96158824178e-05 2.93010644917e-05 2.79131873318e-05 2.84222221865e-05  2.7065551346e-05 2.62777305462e-05 2.62628635554e-05 2.61570083867e-05
0.000422030858815  0.00155297163097  0.00210757291527 0.000290408265302 0.000578779014968 0.000376428415494 0.000378135833216 0.000286374547452 0.000277541622666  0.00022940072983 0.000230275988601 0.000183865580279 0.000119889818502 0.000119524368282 0.000108327137938 9.15269643496e-05 6.75173009285e-05 6.60313249097e-05 6.33381562759e-05 4.97260161803e-05 4.45016722584e-05 4.08902407299e-05 3.89698307677e-05 3.38773526577e-05 3.42989811781e-05 3.24157202372e-05 3.03283610232e-05 3.06151306936e-05 3.03200013735e-05
0.000503844119256   0.0010742557324  0.00170851637939 0.000536644211433 0.000941610390863 0.000698494694957 0.000687714933305 0.000573645271851 0.000530861163881 0.000467419420246 0.000462782893479 0.000386956651075 0.000270011791099 0.000272775195015 0.000248581673019 0.000198577865557 0.000124760763237 0.000124652637676 0.000115696369555 8.64336236334e-05 7.45211122997e-05 6.43087983098e-05 6.25429209415e-05 5.05494930853e-05  4.9991297555e-05 4.62878564943e-05 4.13419802444e-05 4.12887585277e-05 4.11111931614e-05
0.000490423994123 0.000911430078954  0.00138854862242 0.000922216732384  0.00158822545712  0.00121996238484  0.00119865679748  0.00105011842579 0.000999455405994 0.000896585313084 0.000898037108573 0.000800853440925 0.000609656910022 0.000608490323705 0.000563301013375 0.000477209144465 0.000320518596733 0.000324211911906 0.000299017800702 0.000208209972436 0.000171605322003 0.000139901483824  0.00013689611577 9.84852632999e-05 9.68606789256e-05   8.810674996e-05 7.25889206063e-05 7.23655845109e-05 7.19696999355e-05
0.000485156363903 0.000725912808683  0.00135259573477  0.00137273545431   0.0025086816296  0.00196732993353  0.00187163220732  0.00171507590725  0.00165405599169  0.00155210517345  0.00155056183296  0.00144720095822  0.00122393152382  0.00122310364439  0.00117278780026  0.00105383639312 0.000840239949174 0.000843201330972  0.00078404635005 0.000635600020066 0.000556033321151 0.000482805559587 0.000486116898097 0.000336314857001 0.000336092484388 0.000301446017348 0.000223909348961 0.000212203929145  0.00022534712291
 0.00047735986196 0.000819814176093  0.00126258505506  0.00155957805074  0.00294435830765  0.00296560131566  0.00235262648241  0.00203548012775  0.00198052073204  0.00190069106089  0.00190127067331   0.0018219962127  0.00167405849917  0.00167274538225  0.00163793739845  0.00156772276994    0.001441724084  0.00143685439823  0.00140910439866  0.00132203716345  0.00127144269174  0.00123059045115  0.00122976442946  0.00116062434472  0.00116289622868  0.00115962577434   0.0011310677185   0.0011239064101  0.00111043848234
0.000357707642991 0.000568435452533  0.00135841757123  0.00192516974415  0.00301112270113  0.00334726511461  0.00304829992573  0.00290833063699  0.00290570254203  0.00292340149868  0.00292337066723  0.00294303925664  0.00298106789963  0.00298214046568  0.00299048446958  0.00300824679401  0.00303602965182  0.00303699280123  0.00304319287851  0.00305902971076  0.00307233484278  0.00308255886785  0.00308263307723  0.00310141023021  0.00310290065927  0.00310772738883  0.00312089921072  0.00312000852872  0.00312024546913
6.72135752056e-05 0.000792203880572  0.00193157934532  0.00217498726899  0.00310547820492   0.0034284499154  0.00334381009297  0.00338298950005  0.00341308170953  0.00344568504448  0.00344545315277  0.00347925803033  0.00353420039966  0.00353431753788  0.00354647674679  0.00357115406197  0.00361466790851  0.00361538491502  0.00362539684945  0.00365412257204  0.00366928450187  0.00368299137477  0.00368309132814  0.00370669365023  0.00369203091862  0.00370293883177   0.0037133098118  0.00371551821531  0.00371563668845
0.000304683939331 0.000803744772191  0.00128236051342  0.00100260853563  0.00247796082868  0.00323774322535  0.00316032475995  0.00310648499497  0.00309292467793  0.00308336945584  0.00308334844092  0.00307929914872  0.00307691456448   0.0030770322934  0.00307727004361  0.00307774708015  0.00308144318938  0.00308144337289  0.00308299201492  0.00308692469331  0.00308895974189  0.00309110642089  0.00309085977285  0.00309437522588  0.00310868029204  0.00310230276679  0.00310474639291  0.00310510650047  0.00310504614479
9.71683933948e-05  0.00124342818842  0.00185472920762  0.00125334794793  0.00325051289181  0.00399533427968  0.00399471816909  0.00385374345188  0.00377408945703  0.00370911129239  0.00370897720295  0.00365902011252   0.0035624562577  0.00356245395372  0.00353932623016  0.00349283421243  0.00340640739389  0.00340640703964  0.00338697499907   0.0033302308234  0.00330043273307  0.00327385071649  0.00327396564525  0.00322777063388  0.00322788965527  0.00321996235245  0.00319778924451  0.00319373855866  0.00319385702868
0.000119721586491 0.000621381219604   0.0012983993277  0.00136554244803  0.00373500370153  0.00450842616387  0.00440379286497  0.00438385355558  0.00434409544938   0.0043545199679  0.00434393695839  0.00437725240968  0.00443870149189  0.00443864312724  0.00445199017438  0.00447893245925  0.00452542441537  0.00452542403699  0.00453531768608   0.0045641662015  0.00457859264406  0.00459111112662   0.0045909902827  0.00461280426568  0.00461286336472  0.00461643954172  0.00462657219741  0.00462860086328  0.00462830253025
0.000233165702498 0.000190420414201 0.000834188374861  0.00123808839761  0.00290509838175  0.00367187323631  0.00375354463411  0.00374143200821  0.00376013978185  0.00377644038676  0.00377031197777  0.00378914201056  0.00384003900671  0.00383920943247  0.00385315231853  0.00388098929825  0.00393521901907  0.00393509867691  0.00394749641549  0.00398361699229  0.00400328741235  0.00402093115573  0.00402116907861  0.00405240122729   0.0040523412567  0.00405812276743  0.00407379871969  0.00407683990098  0.00407743570496
0.000134215161185 0.000128869686661 0.000915278040419  0.00170041661014  0.00291505325839  0.00384036991255  0.00385429880318  0.00380225808533  0.00372640493441  0.00368636592348  0.00367808699142  0.00364536400746  0.00355725732972  0.00355640822169  0.00353339453216  0.00348897774849  0.00341035855369  0.00341046254345  0.00339400856869  0.00334680130641  0.00332260221553  0.00330090654132  0.00330078708048  0.00326275885999  0.00326269892685  0.00325572507729  0.00323647262734  0.00323265922169  0.00323224168181
0.000154545265754 0.000141281860402  0.00118313809819 0.000761829433424  0.00271639643207  0.00348174453707  0.00362117369919  0.00360697441824  0.00360875128898  0.00362839934625  0.00362551217442  0.00364679919224  0.00370087965455  0.00370071495344  0.00371424598242  0.00374108703429  0.00378996849281  0.00378992392808  0.00380087596803  0.00383246210291   0.0038492696626  0.00386440900842  0.00386440865054  0.00389051504166   0.0038904551164  0.00389498486876  0.00390768054722  0.00390970820166  0.00390952928157
0.000221057147837 0.000489095714902 0.000833530705615 0.000551972941083   0.0025211892373   0.0037266234787  0.00419688586614   0.0040935483953  0.00395693818561  0.00382815601802  0.00380531960877  0.00379246398025  0.00376564973302  0.00376580724001  0.00375915404575  0.00374561060554  0.00372025688623  0.00372020561716  0.00371410104188  0.00369680575907  0.00368726566166  0.00367880059194  0.00367891912741  0.00366509034636  0.00366532840835  0.00366354005499  0.00365871192855  0.00365787834977  0.00365799731339
0.000230631174718 0.000414651338039 0.000851013848871  0.00099432374234  0.00322038523504  0.00348593895858  0.00420994492669  0.00417103209649  0.00415779203703   0.0041359347663  0.00415718743242  0.00414439971102  0.00412583355434  0.00412575802971  0.00412188325415  0.00411462386539  0.00410398740419  0.00410395252511  0.00410225762562  0.00409759387236  0.00409615657663  0.00409496153352  0.00409484088153  0.00409233664197  0.00409233612882   0.0040913821534  0.00408887865782  0.00408864103889  0.00408852174556
5.01757913818e-05 0.000245430333335 0.000518342363942  0.00108589781176  0.00224020259222  0.00409456614883  0.00447755342527  0.00443084418314  0.00442943482504  0.00442961799265  0.00443032444387  0.00443063275921   0.0044335356732  0.00443375167944  0.00443437243439  0.00443559307486  0.00443750752589  0.00443737741537   0.0044374796587  0.00443794220671   0.0044376950216  0.00443745183966  0.00443744938095  0.00443709037702  0.00443708961185  0.00443696997465  0.00443696976387  0.00443768568148  0.00443828167178
0.000242366459233 0.000412594235287 0.000918328014445  0.00124028152828  0.00230293697921  0.00409863630035  0.00439503569021  0.00437457098746  0.00439543830906   0.0044272559705  0.00442946179532  0.00445796682594  0.00450837885754   0.0045081417373  0.00451923713208  0.00454118554263  0.00457743495964  0.00457755443568  0.00458505756746   0.0046059096264  0.00461591524138  0.00462437381579  0.00462448980057  0.00463926985827  0.00463914959023  0.00464159279443  0.00464844703725  0.00464892433967  0.00464868591389
6.37159072067e-05 0.000401808253133  0.00132282085449  0.00162483742313  0.00264993374942  0.00398039961079  0.00417745173518   0.0040656968231  0.00404842085949  0.00401185408715  0.00399080723336   0.0039838950093   0.0039709813349  0.00397110265775  0.00396777182676  0.00396110364979  0.00395026128432  0.00395014359535  0.00394847187392  0.00394369824443  0.00394166627566  0.00393999299283  0.00393987085042  0.00393581587981  0.00393581481566  0.00393509897135  0.00393176080363  0.00393199955372  0.00393325142696
7.92798394616e-05 0.000243083505911  0.00122659108522  0.00204435546723  0.00302482857404  0.00377375399956  0.00380150042171  0.00367196182699  0.00366795956496  0.00366545080285  0.00366110638988  0.00366164922339  0.00365715285356  0.00365700804657  0.00365579145826  0.00365353092928  0.00365234664557  0.00365247029849  0.00365294747408  0.00365497134967  0.00365735161957  0.00365985129101   0.0036597292714  0.00366509179757  0.00366520984127  0.00366646087078  0.00367116929857  0.00367134837142  0.00367003721491
0.000410409604578 0.000508851780418  0.00144198197703  0.00136777150176 0.000658020811237  0.00248212838152  0.00350792671426  0.00403091633467  0.00382760625038  0.00370672784875  0.00363337624564  0.00362007937158  0.00361856698171  0.00361788354021  0.00361650083105  0.00361395183602  0.00360357921798  0.00360358538184  0.00360001289222  0.00358928427262  0.00358272566207  0.00357676234692  0.00357675978351  0.00356602904971  0.00356602779198   0.0035640005077  0.00355792047799  0.00355672856664  0.00355660934815
0.000119117700699 0.000262222572796 0.000602429132611  0.00100187324757 0.000852849724761  0.00287599770012  0.00324259179528  0.00400272524733  0.00395221745776  0.00391657667271   0.0039061540839  0.00389480648164  0.00388408985222  0.00388160096476  0.00387978166196  0.00387612093869  0.00387227791462  0.00387227617717  0.00387168463787   0.0038701379427  0.00386966126871  0.00386906359386   0.0038690614302  0.00386870186787  0.00386858125083  0.00386852076827  0.00386887793945  0.00386887801895  0.00386887802906
5.34485342158e-05 0.000297239152667 0.000331455466209 0.000814219488159 0.000855441173961  0.00166352433176  0.00370421704376  0.00429438279205  0.00428709498395  0.00426385868832  0.00423478060562  0.00424877955487  0.00425638903313  0.00425805400304  0.00425955988887  0.00426213361706  0.00426591610985  0.00426590511951  0.00426733591949     0.00427174992   0.0042749705155  0.00427842751705  0.00427854539487  0.00428438496179  0.00428438356005  0.00428581305751  0.00428897152416  0.00428980596189  0.00428968679574
4.36281347176e-05 0.000162927413839  0.00047122089785  0.00101400116165  0.00128554283881  0.00211953487198  0.00397733543622  0.00450410121331  0.00449106612491  0.00448726316016  0.00448029739947  0.00448140848236  0.00448037339832   0.0044794463633  0.00447826327942  0.00447622333766  0.00447131728217  0.00447118631704  0.00446963311414  0.00446474687836  0.00446129196472   0.0044581935054  0.00445831239204  0.00445270843205  0.00445294559461  0.00445175250289  0.00444954649624  0.00444877150227  0.00444889072866
0.000398016060104 0.000157847230887  0.00122439434762  0.00177810075633  0.00211684406408  0.00325708290973  0.00469889485826  0.00487890939716  0.00473403928741  0.00469502795927  0.00466350367547   0.0046640982032  0.00467868058063  0.00467890144752  0.00468079525507  0.00468459639201   0.0046878015238  0.00468791083828  0.00468826364155  0.00468933599398  0.00468957585852  0.00468969644094  0.00468945840732  0.00468945786481   0.0046892184624  0.00468921752245  0.00468808435991  0.00468808413033  0.00468808414103
0.000154359080557 0.000215888694672  0.00136307148336  0.00224647681952  0.00261143147251  0.00362153053417  0.00419577251471  0.00405736010797  0.00383225605201  0.00387320788084  0.00383270212191  0.00385155510619  0.00390000800101  0.00390235799286  0.00391760419038  0.00394727877812  0.00401355097819  0.00401354408095  0.00402939461259  0.00407707692198  0.00410389952993  0.00412786162482  0.00412798143437  0.00417018144317  0.00417018089015  0.00417769037556  0.00419890905163  0.00420331955027  0.00420331955021
0.000287075478472 0.000333899248737  0.00103287172561  0.00123975845701  0.00107849671016 0.000445344787395   0.0023960460445  0.00319894732643  0.00362417171578  0.00340763812198  0.00324356321114  0.00311570800688  0.00304506476007  0.00304188927739  0.00302479268464  0.00299052260923  0.00291575639804  0.00291574627626  0.00289821802575  0.00284588350529  0.00281679644911  0.00279021341726  0.00279033314319  0.00274276869916  0.00274276846064  0.00273382735206  0.00270855449107   0.0027039647131  0.00270473958935
 0.00012199948858 0.000504828287604 0.000878827000004  0.00120121658383  0.00119322789687 0.000494231568482  0.00224130404677  0.00324441738018  0.00382110012989  0.00366023907044  0.00352802972084  0.00342931847087  0.00342311591069   0.0034190182818  0.00341543236807  0.00341138302202  0.00340608398782  0.00340606204285  0.00340545630192   0.0034042604563  0.00340592861422  0.00340831327839  0.00340819471326  0.00341391706684  0.00341403606674  0.00341534693874  0.00341999557327  0.00342065096095  0.00342017414358
5.41865534412e-05 0.000294992704059 0.000602658770388 0.000912296564871 0.000853442491151  0.00057285362384  0.00304802723755  0.00354711782724  0.00437005282968  0.00434299288932  0.00428796587179  0.00426922518684  0.00429032863427  0.00427964372542  0.00428512031823  0.00428899035968  0.00429246332844   0.0042921702349  0.00428999923743   0.0042876045329  0.00428450149697  0.00428199774878  0.00428187913236  0.00427711126221  0.00427699212097  0.00427639571331  0.00427401099678  0.00427365304996  0.00427311672964
5.84790855597e-05 0.000149674848354 0.000439715990778  0.00101193905766  0.00115420774305  0.00113882887048  0.00204211040521  0.00400781697529  0.00444956141488  0.00444442877422  0.00443872647971  0.00443597730886  0.00443271121251  0.00444260869997  0.00444029911264  0.00444221787976  0.00444349831236  0.00444310335032  0.00444390903513  0.00444198587471  0.00444174027984  0.00444126140943  0.00444138064999   0.0044407850903  0.00444078531465    0.004440785143  0.00444126162287  0.00444078449781   0.0044410826435
5.56366316658e-05 0.000170290834535 0.000955751950895  0.00155012741295  0.00176123071922  0.00187659950773  0.00294098559918    0.004527799532   0.0047357241706  0.00461596071848  0.00459533705618  0.00459627909879  0.00460537545825  0.00460530769041  0.00460926872518  0.00461655862797  0.00462788238914  0.00462739224158  0.00462987829858  0.00463534772659  0.00463724615369  0.00463819595784   0.0046384334614  0.00464141392834  0.00464141425532  0.00464224873304  0.00464415583486  0.00464481120649  0.00464487078492
3.26305265059e-05  0.00021278382591  0.00139049407236  0.00202899294025  0.00235215258981  0.00263157977038  0.00350986840118  0.00474601455099  0.00473964377926  0.00450609706582  0.00441689975092   0.0043835548118  0.00438902419127  0.00438373755408  0.00438794163407  0.00439614189545  0.00441496385243  0.00441626431707  0.00442197421786  0.00444032141358  0.00445020818958  0.00445950218647  0.00445950052562  0.00447463992473  0.00447464017172  0.00447690525546  0.00448370006526  0.00448483234841  0.00448471312046
8.00173132076e-05 0.000148943781456 0.000652365419784  0.00131585819698  0.00146567137764   0.0013632516275  0.00110322871281  0.00281165342486  0.00343932153515  0.00367443745806  0.00360145283736  0.00356566818129  0.00356619952393  0.00356966981786  0.00357043222537  0.00357627296753  0.00357491155081  0.00357488539029  0.00357344020647  0.00356961535511  0.00356829753992   0.0035675785181  0.00356721919732   0.0035659074789  0.00356602681441  0.00356578852857  0.00356507322023   0.0035653114697  0.00356531146256
7.49215458473e-05 0.000287379284805 0.000307641967398 0.000519486674329 0.000556279120745 0.000656850543298 0.000367117254101  0.00224784215059  0.00339321154288  0.00396446617711  0.00378148380182  0.00362659987605  0.00352575436524  0.00350878734296  0.00349971846006  0.00348039773715  0.00344195083128  0.00344163695266  0.00343278328383  0.00340606408319  0.00339222705179    0.003379824616  0.00338006089483   0.0033588409797   0.0033587217839  0.00335526483465  0.00334548966488  0.00334340337722  0.00334340337169
2.43243210744e-05  7.7866609349e-05 0.000389086602152 0.000821536979312  0.00109347975984  0.00113799062265 0.000559481897239  0.00255462256481  0.00308558029343  0.00395123497182  0.00388875574567  0.00383107118881  0.00381957355699  0.00381499377126  0.00381924404548  0.00382987878011  0.00385794535259  0.00385776571997  0.00386388062318  0.00388196266937    0.003891005041  0.00389874523426  0.00389862224722  0.00391161466596   0.0039116144186  0.00391340265164  0.00391876710498   0.0039195418779  0.00391972069765
 7.8137992956e-05 0.000318073468063 0.000767262682059   0.0010316396354  0.00112556404069  0.00106296217034  0.00138632391156  0.00211502779676  0.00400206792673  0.00433546962472   0.0043012455303  0.00428133441651    0.004223354174  0.00424398657669  0.00423119822457  0.00420738377032  0.00415792123254  0.00415875817711   0.0041461083971  0.00411480589837  0.00410058639976  0.00408888862243  0.00408900116661   0.0040700443053   0.0040700436079  0.00406742098601  0.00406074532631  0.00405979160302  0.00405967239667
4.48116253789e-05  0.00015688212177 0.000787639685428  0.00163271628952  0.00171961694554  0.00162461994815  0.00162833015283  0.00268262151763  0.00438135405199  0.00473713253771  0.00467932138468  0.00468290446594  0.00470996649888  0.00471946718199  0.00472665502305  0.00474552922936  0.00477938200198  0.00477845065914  0.00478680288646  0.00480602724496  0.00481419994315  0.00482084619259  0.00482059371502  0.00483179336414  0.00483179134886  0.00483357907278  0.00483787062403  0.00483846666571  0.00483858588562
 7.7717978442e-05 0.000225918255911  0.00146621613293   0.0021192093316  0.00243620764103  0.00264168569905  0.00271746697548  0.00376138366758  0.00512082570355  0.00498318144161  0.00470018597341  0.00468938355072  0.00466752035939  0.00461327649796   0.0046233253429  0.00463852533389  0.00467091476283  0.00467109624935  0.00467889754257  0.00470184288531  0.00471383605344  0.00472393815592  0.00472344342038  0.00474107749905  0.00474107386775  0.00474369541292  0.00475132465428  0.00475347042214  0.00475394727769
0.000136866618159 0.000157185119332 0.000976770221432  0.00170573953778  0.00194404916995  0.00198868987355  0.00196013201437  0.00173105659675  0.00339710206681  0.00366551729584  0.00365700032401  0.00369325571587  0.00372200102474  0.00372355855688   0.0037271522237  0.00373431698743  0.00374386780993  0.00374339740007  0.00374427503837  0.00374744023763  0.00374656667591  0.00374510976975  0.00374545161663   0.0037413895615  0.00374102774329  0.00373983417402  0.00373566153266  0.00373399257765  0.00373351575799
4.19148814354e-05 9.71881045754e-05  0.00038983863646 0.000860702509606 0.000997066308536 0.000923513123808 0.000999194123559 0.000203960374918  0.00237523647817  0.00331732125038  0.00378126812868   0.0036331685142  0.00342656458055  0.00338214314719  0.00336466179151  0.00335001522685  0.00331805701346   0.0033181023502  0.00331012920894  0.00328598526353  0.00327247274197  0.00326112125589  0.00326122421578  0.00324142627403  0.00324142193086  0.00323808238316  0.00322854522675  0.00322687626047  0.00322669745076
0.000108874038866 0.000182195470851 0.000431575890096 0.000807881479465   0.0009481290319 0.000823216254772 0.000985702161959 0.000466060369195  0.00217322180266  0.00314533599333  0.00417785840551   0.0040348020844  0.00396414981471  0.00392217575352  0.00391967843693  0.00393172541748  0.00395552317373  0.00395535092599  0.00396041403654  0.00397555685309   0.0039825196037  0.00398879452799  0.00398900700124  0.00399984039083  0.00400019095133  0.00400245297104  0.00400936622819  0.00401139263715  0.00401228667068
3.24108714674e-05 0.000269384967211 0.000147058506676 0.000828493552024 0.000890371795551 0.000607562989385 0.000546137701155 0.000589056553547  0.00147804844428  0.00348847783745  0.00419499835293  0.00421542009232  0.00405823672881  0.00397652861289  0.00397766821485  0.00396453309395  0.00394393035336  0.00393573996212  0.00393490458573  0.00392204657691  0.00391803925491  0.00391453493559  0.00391450636605  0.00390841007647  0.00390768621986  0.00390553696736  0.00390339000136  0.00390243542769  0.00390183928733
1.21104857955e-05 6.40242580782e-05 0.000546167048472  0.00110119819541  0.00128172678821  0.00117897101013  0.00112148781944  0.00111662319991  0.00218469390314  0.00400309323788   0.0043000927845  0.00420266850634  0.00418766644938  0.00419046327322  0.00419749588521  0.00419425118056  0.00418480687758  0.00419285020438  0.00418751790945  0.00418313803665  0.00418199125352  0.00418217582375   0.0041820214421  0.00418307348952  0.00418377761719  0.00418556075463  0.00418687000703  0.00418722651665  0.00418686871879
5.59414768521e-05 0.000267157681747  0.00132930898905  0.00190154412631  0.00220028509493   0.0022835397094  0.00225416372031  0.00240560610064  0.00347054976526  0.00495048183625  0.00501189942827  0.00478180416427  0.00468287124795   0.0046051193525  0.00455986717369  0.00456261631129  0.00457877532799  0.00457842324693  0.00458261277687  0.00459408303757  0.00459949027297   0.0046032444924  0.00460296364088  0.00460961234007  0.00460959718051  0.00461066243539  0.00461316257411  0.00461363837688  0.00461351885446
0.000126953529198 0.000280761638891  0.00108893549497  0.00192253037905  0.00216280142587  0.00226150498546  0.00219415963482   0.0022297277808  0.00303197968178  0.00429898579093  0.00409593758969  0.00399371718919  0.00410261051162    0.004095740973  0.00409859035674  0.00412449804346   0.0041557454458  0.00415683831269  0.00416170039823  0.00417673555172  0.00418583795253  0.00419233332661  0.00419241095797  0.00420454271836  0.00420464549505  0.00420570968866  0.00420940123416  0.00420963829716  0.00420963786992
1.59820799791e-05  0.00010878367965 0.000271019931233 0.000858145931101  0.00101001348618 0.000841158746146 0.000911093116923 0.000855790088659 0.000467928384783  0.00231922883074  0.00359048033459  0.00404932419455  0.00380140182516  0.00364010685798  0.00361290402452  0.00359685873767  0.00356543876444  0.00356556313163  0.00355707250229  0.00353622124087  0.00352219752904  0.00351212669744  0.00351232427282  0.00349548735281  0.00349523191752  0.00349307694254  0.00348746992792  0.00348663397588  0.00348675271587
3.74398806823e-05 0.000148174036215 0.000354470652834 0.000713956134176 0.000755027492682 0.000609585308265 0.000783221914622 0.000938291351218 0.000500562033874  0.00236319234379  0.00303196859892  0.00389426236729  0.00377666816606  0.00366083058509  0.00359726798799  0.00358591238013  0.00358298519126  0.00358166874175  0.00358198329601  0.00357931366569  0.00357754017931  0.00357484731731  0.00357456216706  0.00356856957694  0.00356831127463  0.00356686953061   0.0035617380973  0.00356102087162  0.00356078180691
 7.7927146386e-05 0.000227100644487 0.000664085444901  0.00104358803004  0.00118211818884  0.00102704410379  0.00096021119852 0.000761119120612 0.000712763939842  0.00169002500556  0.00372550281224    0.004158545875  0.00412788786156  0.00411727695496   0.0041224357526  0.00412678477031  0.00413953721107  0.00413913390547  0.00414396841369  0.00415806484925  0.00416805033291  0.00417808624413  0.00417814084903  0.00419538497919  0.00419571724963   0.0041993980977   0.0042102386243  0.00421202368018  0.00421238022224
7.46219668956e-05 0.000244777789172  0.00045046467768  0.00113040999709  0.00119481502591 0.000991266730873   0.0009180502699 0.000737177814768  0.00093911294074  0.00185421881799  0.00375168837976  0.00441055574713  0.00443024004701  0.00441307778411  0.00440216700634  0.00440124835719  0.00438425855882  0.00438314333775  0.00437889175694  0.00436623091159  0.00435798936496  0.00434811308325  0.00434803662535   0.0043312969761  0.00433257714666  0.00432922091028  0.00432027071555  0.00431943220025  0.00431978827965
 9.1240004501e-05 0.000123559244091  0.00100745022632  0.00163238058158  0.00188518162657  0.00193070242313  0.00187683621426  0.00190441485014  0.00201131641564  0.00312429802163  0.00472573845502   0.0048940629297  0.00473888718123  0.00468863914058  0.00467264271407  0.00467607560094  0.00466976537522  0.00467301729793  0.00467097806747  0.00466732969794  0.00466652123812  0.00466750389602  0.00466778357965  0.00466987129765  0.00466852150906  0.00466885515609  0.00466908060439   0.0046682402474  0.00466776111225
 9.0371565904e-05 0.000282205096132  0.00175078925068  0.00261042775837  0.00288477566084  0.00296550020367  0.00292999406832  0.00292480983502  0.00287629125594  0.00364900797791   0.0049944443033   0.0046841078595  0.00440313807203  0.00441401460225   0.0043880322997  0.00437956300127  0.00441204837955  0.00440857979584   0.0044165896389  0.00443807368984  0.00445014340133  0.00445888108043  0.00445869165909  0.00447580311557  0.00447469139503  0.00447824277352  0.00448788446133  0.00448990423753   0.0044897823426
 5.6830380953e-05 0.000152188756031 0.000398933717038 0.000965487300997    0.001145765005  0.00103239536169  0.00095767500008 0.000875123064527 0.000804247191676 0.000621394721226   0.0024524712698  0.00357041636773  0.00400346814643  0.00380344497766  0.00366480420548  0.00365621985293  0.00367043042037  0.00366932760422  0.00366987568801  0.00367029602677  0.00366760717975  0.00366622977818  0.00366617051325  0.00366338211742  0.00366477821108  0.00366392156694  0.00366259737642  0.00366211427048  0.00366235016599
3.30110214579e-05 6.11394899689e-05  0.00032528402617 0.000832393172312 0.000932911999815 0.000752501095285 0.000798472874794 0.000778445641195 0.000824084000084 0.000386473417402   0.0022353743562  0.00329469652074  0.00373810722396  0.00364961202059   0.0035625375968  0.00351601153303  0.00347963139759  0.00348146391386  0.00347344690652  0.00345059003897  0.00343907755955  0.00342768923118  0.00342763489133  0.00340958869443  0.00340848121435  0.00340476240423  0.00339473490315   0.0033930591462  0.00339281795965
 7.4456140709e-05 0.000215411132092 0.000144232910671 0.000746884146043 0.000885709462111  0.00069572056104 0.000724496923898 0.000733120744249 0.000966300597049 0.000364128522438  0.00257723469062  0.00314134937145  0.00405277001778  0.00403956730876  0.00386889385779  0.00379792088255  0.00381415103121  0.00381505923675  0.00381924309911  0.00383320574726  0.00383716662811   0.0038424515425  0.00384322430747  0.00385032285171  0.00385076001891  0.00385275878026  0.00385739072077  0.00385821624389  0.00385845089513
7.56553686106e-05  0.00025681174028 0.000564977084094 0.000936422967752  0.00107621315458 0.000862372009476 0.000770414728345 0.000524620197064 0.000398001504975 0.000563106327668  0.00130881996617  0.00349671763545  0.00414851319317  0.00416549300321   0.0041458946304  0.00414048276729  0.00413778531863  0.00413751420426  0.00413654950168  0.00413350105228  0.00413258867828  0.00413227327855  0.00413149146256  0.00412845493369  0.00412900680427  0.00412849791603  0.00412502029438  0.00412417479645  0.00412405079941
7.88479924724e-05 0.000365610968948     0.00105075198  0.00160415696088   0.0018156365446  0.00180064445702  0.00171477613012  0.00167081105847   0.0016353723597  0.00186541826596  0.00304660063543  0.00473446562987  0.00485891797929  0.00466004130163  0.00459778742496  0.00457690289366  0.00456602179321  0.00456659938868   0.0045641567907  0.00455879732736  0.00455768973806  0.00455596313924    0.004555780167  0.00455333631189   0.0045535267154  0.00455289428808  0.00455179675084  0.00455178272898  0.00455177643528
8.19360867613e-05 0.000197134670193   0.0014986878517  0.00242653160733  0.00263078621065  0.00272563097173  0.00269882935685  0.00284330446799  0.00293359692941  0.00296409788108  0.00376304108319  0.00527781235841  0.00499118438984  0.00460268139023  0.00456858612966  0.00452560824184  0.00453570684028  0.00453474243556  0.00454138226453  0.00455870733235  0.00456663322905  0.00457336845739  0.00457330969733  0.00458445925869  0.00458405415159  0.00458485045504  0.00458994977253  0.00459052968799  0.00459052209342
3.43131385886e-05 0.000173928080499  0.00103229056154  0.00168551846607  0.00194135498795  0.00194159958489   0.0018803814833  0.00180177735235   0.0017297465382  0.00167959434389  0.00171876702813  0.00351015546293  0.00363276987248  0.00375872520272  0.00377769026665  0.00378572115382  0.00379070500853  0.00379044599929  0.00379260029115  0.00379609790839  0.00379805368148  0.00379919018145  0.00379949513189  0.00380326245396  0.00380334173282  0.00380473930133  0.00380757616454  0.00380815736261   0.0038080311449
4.01558017651e-05 0.000110234976633 0.000394277642075 0.000929579785845  0.00108431620717 0.000848617878583 0.000771520958224 0.000677927886873 0.000754610010252 0.000883826086843 0.000399443629092  0.00226287906005  0.00361791994198  0.00418617947307  0.00400336950736  0.00379985720341  0.00375753557054  0.00375139390675  0.00374828740664  0.00374239103947  0.00373287593464  0.00372481778381  0.00372499884613  0.00370849816751  0.00371036352513  0.00370711053686  0.00369933693052  0.00369812861189  0.00369883559819
9.58948570158e-05 0.000151041248916 0.000242921693269 0.000835738397859  0.00100444883674 0.000837986513658 0.000843926689809 0.000776066689185 0.000810979477546 0.000815755814319 0.000255200065235   0.0024830437895  0.00325494364701  0.00422956788159  0.00417387983939  0.00399597193814  0.00393307133965  0.00392240228489  0.00392539241708  0.00393068889417  0.00393645782823   0.0039415876263  0.00394127102215  0.00395170136401  0.00394998522559  0.00395221315857  0.00395778880092  0.00395967842621  0.00395990761275
5.85056705745e-05 0.000144992092709 0.000435430949192 0.000884344458647  0.00101624780321 0.000841786246246 0.000781973945289 0.000610504733256 0.000516279416934 0.000418970096076 0.000552254785913  0.00151191395111  0.00352145231894  0.00408357770756  0.00409595855287  0.00406212698765  0.00401326133648  0.00401085154819  0.00400377324509  0.00398343582609  0.00397450111123  0.00396390927808  0.00396382432422  0.00394671033276  0.00394653993906  0.00394328160123   0.0039331185785  0.00392987959481  0.00392939171632
9.34065584431e-05 0.000107242857874 0.000808643466885  0.00135348666139  0.00158735027941   0.0015525474472  0.00150330653822  0.00141503520879  0.00133606616551  0.00125011730656  0.00138183124648  0.00250789582191  0.00432652875695   0.0046050564309  0.00450038969698  0.00449217108845  0.00450095501322  0.00450010966371  0.00450126352797  0.00450614167591  0.00450882724178  0.00451255576217  0.00451366252135  0.00451895431712  0.00451889127572  0.00452015421984  0.00452417095664  0.00452581531485  0.00452580187373
5.49212780926e-05 0.000212256237359  0.00137951881996  0.00220308977023  0.00241488727008  0.00248753141267  0.00241471689471  0.00244651431193  0.00245476849048  0.00254570557018  0.00258240070667  0.00350750713389  0.00517482878511  0.00497856136962  0.00472804432255   0.0047325919343  0.00472077301362  0.00471112168664  0.00471681924804  0.00473148166035  0.00473878666438  0.00474478520484  0.00474351281049  0.00475655235676  0.00475648980446  0.00475846511697  0.00476414843935  0.00476507573118   0.0047649422988
8.22500425596e-05 0.000174939009635  0.00134344341808  0.00224932775457  0.00255243598425  0.00257288994271  0.00248844113541  0.00252943199669  0.00252946435952  0.00255376327293  0.00245836633446  0.00365600483904  0.00457629275609  0.00429626610921  0.00410726969914  0.00415939115866  0.00418207990528  0.00417558033665  0.00418371208382  0.00421104959093  0.00422349559759  0.00423374289551  0.00423388734824  0.00425169498865  0.00425187437507   0.0042554023909  0.00426573575232  0.00426904657192  0.00426652796678
1.47857793055e-05 0.000123827574687 0.000478518042735 0.000981274381485  0.00103320957997   0.0007755712177 0.000711505345823 0.000648577290495 0.000783288977774 0.000908903156954 0.000976027408525 0.000301566585111  0.00217924556137  0.00349062255108  0.00400598077613  0.00374917277675  0.00352324334619  0.00352009808363  0.00350906536735  0.00348201197809  0.00346576072318  0.00345252692145  0.00345243926071  0.00342662254738  0.00342645003843  0.00342056616511  0.00340396219866  0.00339952716011  0.00340261235763
4.08571739667e-05 0.000193888747697 0.000272146120351 0.000681678776708 0.000760019184811 0.000382355977276 0.000402854575546 0.000559654926208 0.000788658710404 0.000993016478059  0.00118037234452 0.000816890969711  0.00191996919932  0.00290341957825  0.00379110757441  0.00372013199066  0.00354669420207  0.00349765530549  0.00349660544753  0.00351025030543  0.00351600887574  0.00352206174876  0.00352184404857  0.00353094608026  0.00353017298367  0.00353155772356  0.00353557556161  0.00353662263684   0.0035364883176
0.000108450237136 0.000156830039411 0.000524040830094 0.000911377305759  0.00104397459404 0.000882531495014 0.000813430730278 0.000604270349846 0.000490550964078 0.000334340378424 0.000272444362964 0.000509173511654  0.00125779570051  0.00329154991123  0.00406155993639  0.00404731916075  0.00397394590095  0.00394587020564  0.00393459498494  0.00392192929582  0.00391484616055  0.00390945044437  0.00390909725496  0.00389922735011  0.00390023038087  0.00389850531409  0.00389691311081    0.003897120962  0.00389543415403
1.95251664267e-05 7.81858803751e-05 0.000495832397711  0.00115941474243  0.00128730905393  0.00114483430014  0.00106236225811 0.000886819230574 0.000788343214878 0.000702590549312 0.000683732674319 0.000608733216648  0.00169819021906  0.00380948916317  0.00439717499939  0.00439299400444  0.00438154257365  0.00438106192386  0.00437793034143  0.00436746965104  0.00436220928336  0.00435747121562  0.00435796423788  0.00435023623023   0.0043501574459    0.004349021428  0.00434324942419  0.00434023351865  0.00434450544218
0.000144341871033 0.000379321629174   0.0013753419745  0.00199267710589  0.00231335083457  0.00240162424394  0.00231353559211   0.0023112217969  0.00228227620992  0.00229545782611  0.00231054772956   0.0024586714785  0.00352750061851  0.00528652928084  0.00513872530947  0.00479514328705  0.00472326660799  0.00466992675822  0.00466005444542  0.00466510529438  0.00466834489244  0.00467171703709  0.00467055511043  0.00467523269305  0.00467515229261  0.00467675270364   0.0046780086614  0.00468190230212   0.0046805673396
2.96885772419e-05  0.00025068196239   0.0015446707174  0.00260759134672  0.00284678776898  0.00291132506279  0.00282040646755  0.00290819137715  0.00293440319295  0.00302598060582  0.00302749620057  0.00301389396702  0.00418294225639  0.00525860667452  0.00483935007857  0.00448294150872    0.004489446774  0.00442825116231  0.00442739761191  0.00445588631268  0.00446779219102  0.00447851424391  0.00447923746213  0.00449976190369  0.00449920252672  0.00450175704526  0.00451231308551  0.00451203433607  0.00450914803542
 0.00010618447254 0.000146265798724  0.00049088427741  0.00103422053943  0.00120403458614  0.00100909387808 0.000924029228989 0.000728875477313 0.000661942913501  0.00065998687939 0.000759407028256 0.000817096737025 0.000269640944319  0.00217781684185  0.00366304157671  0.00430783225503   0.0039423312482  0.00373275632826  0.00371107525828  0.00369249961578  0.00368097696976  0.00366945290282  0.00366949453543  0.00364796105912  0.00364813096137  0.00364521178851  0.00363491251116  0.00363225465316  0.00363342486016
0.000111998223119 8.14162716713e-05 0.000427879990017 0.000973999968188  0.00108339721248 0.000898819496228 0.000854019583221 0.000756047919183 0.000759821018982  0.00077012193261 0.000807832390797 0.000802142109484 0.000337647784927  0.00236437775198  0.00315211477276  0.00413127734314  0.00406124361295  0.00385147480576  0.00380199083459  0.00381242235428  0.00381647269485  0.00381899003803  0.00381853930859  0.00382155434431  0.00382195768289  0.00382189525813  0.00382220233255  0.00382228266413  0.00382213846861
2.35238067092e-05 0.000194874200534 0.000222059998535 0.000862930806335  0.00103936698435 0.000841709215351 0.000774563259207 0.000582913580209 0.000500287848164 0.000415796021733 0.000417686352164 0.000423886412134 0.000434400664245   0.0008624620254  0.00314410692436  0.00410065100314  0.00411711309258  0.00390665450997  0.00378967762743  0.00377490922921  0.00376763237432  0.00376514455605  0.00376593956771  0.00376349436629  0.00376318997378  0.00376289238141  0.00376248437233   0.0037628025856  0.00376313470698
2.34533135623e-05  3.2794852128e-05 0.000571774822253  0.00120901935507  0.00141481717091  0.00131190781105  0.00124631593564  0.00110664945354   0.0010140046421 0.000910119509652 0.000855822788117 0.000778043195562 0.000882147877534  0.00195599266809  0.00402526048931  0.00448054978098  0.00442545523454  0.00442940974097  0.00443147615199  0.00444736431486  0.00443527400596  0.00443556487963   0.0044352535297  0.00443768409566  0.00443844469277  0.00443944630279  0.00444320101928  0.00444374965439  0.00444383766041
3.11360626971e-05  0.00026123960029  0.00106493108573  0.00159510808677  0.00188957802797  0.00193581827496  0.00187014147324  0.00183963072781  0.00178844645013  0.00176585487194  0.00172320112829  0.00173720684443  0.00191970183186  0.00296339792877  0.00477763542998  0.00474642136972  0.00452965167458  0.00451908236221   0.0045280538245  0.00451916153484  0.00453483417137   0.0045376698088  0.00453763287494  0.00454234807152  0.00454145067362  0.00454186225174  0.00454239791823  0.00454246746692  0.00454219568357
  2.876154247e-05 0.000155221532683  0.00145664317368   0.0025318612371  0.00280756857951  0.00288417310559  0.00277355408887  0.00286076216365  0.00287386108403  0.00296973857361  0.00297928257792  0.00310763482504  0.00325448158768  0.00434204184099  0.00561036942906  0.00511382195174  0.00460626474174  0.00448022200649  0.00440864226458   0.0043867093781  0.00438881113425  0.00438745164533  0.00438734998769   0.0043821413066  0.00438230706473  0.00438200236665  0.00437848583684   0.0043776030785  0.00437745155259
0.000111441716005 0.000155832757167 0.000514869897101  0.00108048524147  0.00129055862413  0.00116941841805  0.00112560955659 0.000949935943632 0.000842788158763 0.000701289784802 0.000641526235909 0.000621465727214 0.000775545751908  0.00018456351397  0.00226045930771  0.00383459347779  0.00434115935775  0.00403153283644  0.00390801904286  0.00392511655976  0.00392491205401  0.00393133054207  0.00393122902106  0.00394044724661  0.00394049706447  0.00394138870734  0.00394431450387  0.00394462678108  0.00394459558081
4.44782593576e-05 0.000100062561241 0.000306501595094 0.000907415798855  0.00110023987787 0.000906039762836 0.000827601015193 0.000693595005723 0.000744294255142 0.000837866351473   0.0009352383055 0.000956581955415 0.000963803754639 0.000357318747329  0.00237023662879  0.00325532501702  0.00433020437808  0.00419966324658  0.00398916787637   0.0039800209489  0.00398455403653  0.00398295042782  0.00398310521372  0.00398111734903   0.0039814024697    0.003978356946  0.00397627305473  0.00397622514126  0.00397595390337
1.92793618556e-05 0.000116086042934 0.000474928374139  0.00104534694324  0.00125570861052  0.00116212022949  0.00113283090711  0.00100562649044 0.000936748062298 0.000844939883917 0.000839158857079 0.000834180401937 0.000747921448096 0.000122086772757  0.00103165076656  0.00329730290959  0.00405580894406   0.0040556507627  0.00395598241494  0.00391766132835  0.00391286681026  0.00391389086993   0.0039140677327  0.00391781326351  0.00391738994266  0.00392006975227  0.00392311306136   0.0039240191921  0.00392493997743
0.000126070502911 8.36339529297e-05 0.000513105603037  0.00101382955271  0.00117477355841  0.00103472794412  0.00097256590358 0.000830857366361 0.000762233621696 0.000689903549249  0.00065457018495 0.000561882089933 0.000458925839341 0.000312812460941  0.00125525495985  0.00347281292055  0.00417592017959  0.00419530759116  0.00419556680734  0.00419987876972  0.00419674393936  0.00419418730606  0.00419418890825  0.00418807118692   0.0041878961019  0.00418676264908  0.00418312785294  0.00418057276498  0.00418005938055
8.21352071387e-06 8.75877588168e-05   0.0010380295561  0.00189654322428  0.00208195909921  0.00209548814204  0.00202729640048  0.00199212769879  0.00193348488459  0.00190108615695  0.00185063579845  0.00185843618466  0.00192730893493  0.00211324260097  0.00321348220853  0.00500070159003  0.00483094851166  0.00448785413928  0.00444701653223  0.00442810303753  0.00442266542385  0.00442234545891  0.00442232613357  0.00442390811243  0.00442348021357  0.00442365383763  0.00442430801468   0.0044260421792  0.00442635979333
0.000127988003179 0.000325946760366   0.0014792072072  0.00232782891644  0.00270519631614  0.00285280172638  0.00276936469402  0.00287300669364   0.0028921775363  0.00299941022884  0.00301780299875  0.00316434576375  0.00342614441549  0.00334222358912  0.00450743873628  0.00586946288515  0.00530808943897   0.0047418594844  0.00459990655923  0.00453034699399  0.00452417777096  0.00452727810441  0.00452698076245  0.00453126090566  0.00453164212045  0.00453251824294  0.00453519174492  0.00453596877232  0.00453604641496
0.000132849158693 0.000232719515045 0.000797415325638  0.00144649530557   0.0017375730295  0.00169706065957  0.00162837871113  0.00150080667687  0.00143541640476  0.00135897321451  0.00128825761844  0.00114868123983  0.00097150021956 0.000951179218447 0.000770181590156  0.00282146253311   0.0038280213899  0.00426028815715  0.00416529824392  0.00415042213949   0.0041500476622  0.00414851392476  0.00414901373048  0.00414486942792  0.00414526585688  0.00414340567187  0.00413761976295   0.0041358957924   0.0041350221989
3.89525038263e-05 8.61928873175e-05 0.000248924903314 0.000839350193342  0.00110261496785 0.000942713796677 0.000791121657434 0.000561158847939 0.000566206954557 0.000721477811259 0.000922854120449  0.00105214277113  0.00110810467712  0.00109216962734 0.000536670420986  0.00220623723621  0.00361656964716  0.00434730463808  0.00416716812662  0.00385078873451  0.00382829527638  0.00383580561434  0.00383424906224  0.00384670362519  0.00384711070077  0.00384835445926  0.00385329904904  0.00385372266276  0.00385416283698
7.74738181697e-05 7.20925871439e-05 0.000312987880307 0.000895659557395  0.00109341639778 0.000946513305088 0.000920819212895 0.000811936701454 0.000793707837101 0.000757705539376  0.00076172534712 0.000744317497076 0.000753735596276 0.000750121513296 0.000367026415123 0.000834969823222   0.0030844373941  0.00399275533552   0.0040073307247  0.00379825484484  0.00376973393127  0.00376031992634  0.00376113887922   0.0037549628177  0.00375100224592  0.00375226401135  0.00375197023998  0.00375191788901  0.00375164110741
5.57455852195e-05 9.45029339091e-05 0.000401059730548 0.000992681229522  0.00121317010672  0.00110332661726  0.00105077844924 0.000904798856623 0.000820554244928 0.000716997714783 0.000664158223665 0.000570710881418 0.000450628644102 0.000422877965498 0.000322713328665  0.00126884133129  0.00348622520636  0.00419809438347  0.00421778344997  0.00421273692087  0.00421424683741  0.00420681186153  0.00420698555887  0.00419771199312   0.0042006768053  0.00419765563758  0.00419474212505   0.0041925412131  0.00419273170616
7.23417409593e-05 0.000122328066738 0.000831914577596  0.00147664734304  0.00176141886673  0.00178949233459   0.0017228218401  0.00166564642619  0.00159491776177   0.0015437761921  0.00147714196036  0.00144483727903  0.00145218836387  0.00142036680538  0.00159989804295  0.00276048567707  0.00466542984193  0.00462456830188  0.00444438562894  0.00449106212959  0.00451303172072  0.00452152266811  0.00452164081746  0.00453848344126  0.00453854988833   0.0045425534769  0.00455036801889  0.00455341385551   0.0045528930078
5.56423223181e-05 0.000266400034914  0.00139701058247  0.00225891685967  0.00263941485289  0.00276008884732  0.00266319840951   0.0027270381143  0.00271190344191  0.00278371529678  0.00277296764852   0.0029055298264  0.00318804317186  0.00325066890429  0.00326883143054  0.00453263286208  0.00593365736099  0.00540477442073  0.00482371238696   0.0046707016097   0.0046126381786  0.00460678188652  0.00460664776908  0.00460573256317  0.00460549553972  0.00460362390924  0.00460141011617   0.0046008726638  0.00460082410891
0.000101663919594 0.000267273699256  0.00110046449233  0.00188873253876  0.00227580625111  0.00227743835771  0.00216848463031  0.00205333942702  0.00199559547893  0.00196340554705  0.00195761935196  0.00189663495134  0.00172716988151  0.00155946967855  0.00145955741026  0.00120677229773  0.00319376154153  0.00392161749083  0.00421688317558  0.00425968263111  0.00426572750943  0.00427120086924  0.00427108081757  0.00428089255016  0.00428053019889   0.0042825903037  0.00428705065777   0.0042869907364  0.00428742091005
1.95053441378e-05 5.03736232716e-05 0.000255533613958 0.000874623145975  0.00115938247992 0.000970946041656 0.000789826399592 0.000505985902818 0.000370074725086 0.000474055141947 0.000733833541913 0.000986066884534  0.00118980685943   0.0012650099279  0.00121251829785 0.000665012030584  0.00211327433822  0.00295619315802  0.00400050550837  0.00380137052794  0.00356707297206  0.00354707662921  0.00354680405925  0.00355546046206  0.00355629327227  0.00355763855231  0.00356103024468  0.00356347793268  0.00356366960514
0.000117727272119 9.02711417289e-05 0.000293486418211  0.00085847347484  0.00107611570968   0.0009256812375 0.000872833874708 0.000742167289693 0.000748552648213 0.000775067798806 0.000838316782517 0.000845457498679 0.000821820342242 0.000768139267272 0.000740663656065 0.000464892218078  0.00234518824391  0.00288074199678  0.00368161560472  0.00364204624336    0.003444698978  0.00343222160886  0.00343029205081   0.0033997764848   0.0033999710677  0.00339430877456  0.00337851459909  0.00337476451626  0.00337447897111
3.55796678723e-05 8.73027471866e-05 0.000410316870188 0.000916382489925  0.00104638436814 0.000865680655111 0.000812208167968 0.000664529598158 0.000594772924235 0.000500725486543 0.000453591532908 0.000391761179166 0.000393280280568 0.000456980385066 0.000530143990909 0.000346695129902 0.000904720748364  0.00327938937713  0.00425753382827  0.00429466363205  0.00423822232031  0.00425349683877  0.00425095120867  0.00426589258943   0.0042635986517  0.00426628164619  0.00427253592073  0.00427426181772  0.00427409119631
5.55463946788e-05 5.97631017458e-05 0.000733483933701  0.00152658248042  0.00174813375592  0.00175213147921  0.00168662251602  0.00162850668362  0.00155964427828  0.00150802247143  0.00144663551886  0.00141328517997  0.00139865787971  0.00125529019056   0.0012610667956  0.00143601847652   0.0026169703077  0.00458359378331  0.00464473382022  0.00449052702182  0.00452112485204  0.00454305530199  0.00454222099818  0.00454088767437  0.00454342690724  0.00454263874756  0.00454185552312  0.00454179209708  0.00454138147041
0.000105611903217  0.00031217760007  0.00140038028247  0.00222082267312  0.00261562594536  0.00277458350364  0.00268441465381  0.00276238795432  0.00273730823533  0.00281175709682  0.00276782837914  0.00289727664731  0.00324827354598  0.00337458210498  0.00349842207715   0.0036880624093  0.00521432818418  0.00628423801983  0.00555271258454  0.00491938969396  0.00474688700674  0.00468149817576  0.00468098515818  0.00471890001336  0.00471863315368  0.00472543898936   0.0047438318953  0.00474662122748  0.00474739949973
6.83715102257e-05  0.00028126444697  0.00119691745745  0.00203228883406  0.00244269356078  0.00244500748807   0.0023159947705   0.0021597319333   0.0020669783704  0.00200100263497  0.00201811553766  0.00200079663457  0.00186150710751  0.00176084430966  0.00153805801716   0.0012752526499 0.000980985919139  0.00331949830283  0.00421911496655  0.00453215722239  0.00451310514596  0.00449061312957  0.00448317923406  0.00446812330292  0.00446735867561  0.00446354423116  0.00445355758346    0.004450979325  0.00445044429565
2.72722789888e-05 6.45610131152e-05  0.00031129752086 0.000882796535512  0.00117266701358  0.00108778840039 0.000970935826196 0.000781111046713 0.000621887525043 0.000465045505164 0.000439371487152 0.000522935234642 0.000705864694657 0.000905441925823  0.00104786012756  0.00110330772446   0.0007273674108  0.00194881536529  0.00330921849895  0.00413294188826  0.00384321169017  0.00347637730982   0.0034428967963  0.00344747683442  0.00344795208937    0.003449683724  0.00345319541437  0.00345361353367  0.00345511534369
3.86837604488e-05 9.20226749465e-05 0.000204363802742 0.000787137064908  0.00102172555817 0.000837707302437 0.000734722806504 0.000499510379676 0.000448792495647 0.000508597191198 0.000644877557688 0.000741040276413 0.000806740887029 0.000788730718109 0.000751576173753 0.000736893014561 0.000760896178587  0.00214804807738  0.00272710253246  0.00370446428651  0.00368030086051  0.00340651263401   0.0033832072576  0.00335750802859  0.00335728801608  0.00335333055324  0.00334148209849  0.00334023664896  0.00333946781033
2.48249784931e-05  5.1517012968e-05 0.000429712603072  0.00100949419847  0.00125318652132   0.0011635763235  0.00110187300686 0.000963500082435 0.000887298749277 0.000802839216823 0.000771125206949 0.000717194862412 0.000652211874352 0.000643698783234 0.000606309622956 0.000563322609273 0.000315476186751  0.00127527601885  0.00359538887237  0.00427254037649  0.00429328333544  0.00432741127943  0.00435957541797  0.00436971230812  0.00436911768566  0.00437123492492  0.00437690641469  0.00437875323379  0.00437917210763
 5.3891300833e-05 6.09083363015e-05 0.000689662749781  0.00133033175863   0.0016117902625  0.00160412443595  0.00154224796865  0.00144627223617  0.00136341581896  0.00128344615116  0.00121598887277  0.00114987128197  0.00109673367242   0.0010476481242  0.00100857329984 0.000993375238424  0.00124487999674  0.00234223095386  0.00435968042378  0.00457194107312  0.00451808573962  0.00454908265424  0.00456766885316  0.00456297025194  0.00456211096801  0.00455975651919  0.00455431978757  0.00455270346496  0.00455228609433
9.31686408618e-05 0.000315140049987  0.00136210545571  0.00218183405175  0.00258069698124  0.00273955120222  0.00265391178803  0.00272054904904  0.00268942774907   0.0027307169513  0.00267136272774  0.00274666980804  0.00296030140267  0.00290638191796  0.00302737350348  0.00321128534656  0.00346821063015  0.00460792356286  0.00609159469388  0.00561067711402  0.00500399625333  0.00482227847348  0.00476613941768  0.00475223171354   0.0047523318734  0.00475138937405  0.00474879790228  0.00474812324871  0.00474841163567
0.000100292638467 0.000395485120266  0.00147427241011  0.00242139219452  0.00289209830338  0.00292706651018   0.0027812929129  0.00267344868687  0.00258521282159  0.00254230699454    0.002534624017  0.00256089831134   0.0025779623819  0.00261209506608  0.00250544298667  0.00235494870106  0.00224324928537  0.00203598854504  0.00409809911576  0.00434470386985  0.00455279120098  0.00461801938264  0.00459983996883  0.00461368843467  0.00461529440467  0.00461832357953  0.00462612042554  0.00462748190872  0.00462575225195
4.16139931488e-05 8.33493545131e-05 0.000254459508416 0.000824482486362  0.00108297467799 0.000933544876021 0.000829409600499 0.000660328826041 0.000551602812656 0.000431383954911 0.000333336275761 0.000221607782286  0.00028450039746 0.000506502387939 0.000756553151645 0.000979150228626  0.00116304335149 0.000673129204249  0.00192844397492     0.00368172533  0.00454906549424  0.00420606430074  0.00381592163245  0.00382566944551  0.00382287710411  0.00382996742097  0.00384675934787  0.00384969529902  0.00385071904271
3.64124183594e-05 5.20708682579e-05 0.000262671098327 0.000824460033947  0.00110612296934  0.00101942847147 0.000912381757733 0.000673950051185 0.000508932275088  0.00044383948483 0.000592324835084 0.000772340533612 0.000941869782207  0.00105015797606  0.00109175939489  0.00107864015801  0.00102466179549 0.000626697636166  0.00231021037854  0.00286607112481  0.00378507514922  0.00371949671064  0.00354862796963  0.00350999886288  0.00351009531473  0.00349514530583  0.00347465375801  0.00346997208051  0.00346956803723
2.38602781582e-05  5.0269898967e-05 0.000335190298168 0.000918213979074  0.00116092517863   0.0010400174345 0.000974547196965 0.000844843578926 0.000804100713847 0.000772646985041 0.000784940651986 0.000766806742617 0.000734246385358 0.000727474923663 0.000707287333992  0.00068274557887 0.000657693755539 0.000303123820184 0.000994181724129  0.00334109617549  0.00413520785077  0.00418820879485  0.00418422867819  0.00423720561669  0.00423368795384  0.00424360116196  0.00425302415974  0.00425526136128  0.00425605414147
1.64153426413e-05 0.000121088670137 0.000775402492459  0.00141219848833  0.00172123364327  0.00175704425276  0.00170191978097  0.00163659237364  0.00156515726297  0.00150130469271  0.00142788722135  0.00136610679213  0.00132156882135  0.00125314740154  0.00120424648082   0.0011875458824  0.00121728949267  0.00144130510128  0.00257731801961  0.00451006574306  0.00452187507272  0.00438469846681  0.00443117942563  0.00446195697096  0.00445253523619  0.00444967065499  0.00444241448401   0.0044417528773  0.00444300780411
