0.000450470469973 0.000411617175721 0.000189511548956 0.000543426770554  0.00215942153133  0.00406401286618   0.0057214432482  0.00713750705292  0.00812168251733  0.00871640460511  0.00887267682256  0.00865743393094  0.00808810168604   0.0070741956688  0.00614392527879  0.00583526234674  0.00590249427595  0.00580800000695  0.00579430615276   0.0059071254304  0.00596318713038  0.00601785110622  0.00601425893406  0.00614116601422  0.00613933946637  0.00615505505088  0.00621470884875  0.00621366425051  0.00623311831794
2.07580278218e-05 8.86745392266e-05 0.000610240831899 0.000809572686299  0.00238025733006  0.00434558255752  0.00616905110826  0.00791283103691  0.00933254977895   0.0103609922034   0.0108360081153   0.0107215820253  0.00997641164976   0.0086532984126  0.00711804649895  0.00605777235371  0.00573138787658  0.00561199704715  0.00554797957363  0.00551215010813  0.00548352801488  0.00547214671026  0.00544765538461  0.00545843645984  0.00545218290928   0.0054631579449  0.00547512171177  0.00549202330064  0.00549944665012
5.88412893472e-06 4.24968458668e-05 0.000549570919249 0.000780409528956  0.00227992731289  0.00400073810714  0.00547690454899  0.00684717629666  0.00793867260345   0.0087519726635   0.0091765133218  0.00921015145519  0.00880360551934  0.00792953384867  0.00675051253875  0.00558235334821  0.00483827066965  0.00455934885931  0.00447697549499  0.00445241999653  0.00442621282754  0.00440796278435  0.00437305940789  0.00439244587868  0.00437651801482  0.00437363150648  0.00438656230794  0.00438755571714  0.00438383410046
4.18126603325e-05 0.000101128877933 0.000601930182581 0.000737646845662  0.00162383352069  0.00269454212737  0.00356802912866  0.00439220679326  0.00504744032727   0.0055603092931  0.00586171161878    0.005961707702   0.0058129033661  0.00537161234395  0.00468623401743  0.00384518612469  0.00302033039761  0.00249748912297  0.00235185429243   0.0022901225735  0.00223705022542  0.00219781540496  0.00216277474266  0.00214958021737   0.0021268423434  0.00211524413076   0.0021151767334  0.00210689898391  0.00210838750103
1.76833669932e-05 5.71276502058e-05 0.000624557516165 0.000672307149737 0.000502931560147 0.000666461724319 0.000952717262374  0.00129504283342  0.00158848940936  0.00184701998086  0.00202528611198  0.00214288069154  0.00217040462406  0.00206368720762  0.00183914394214  0.00149820570403  0.00106625219299 0.000630755889532 0.000449059418501 0.000364201263111 0.000295895760004  0.00024046499119 0.000198152307439 0.000165683162754 0.000137414355204 0.000126760502074 0.000106413068947 9.23251358465e-05 8.75829962615e-05
6.17001320551e-06 5.48051850844e-05  0.00071030081282 0.000992052444789  0.00102037794053 0.000993085940816  0.00108205723797  0.00109875755246  0.00112802464951  0.00111617915698  0.00109553193816  0.00102954742821 0.000934751597695 0.000871960657969 0.000814641531114 0.000776811780227 0.000766126745391 0.000806562388651 0.000881753155472 0.000959484998908  0.00102869698851  0.00108313040392  0.00112973357233  0.00115925559581  0.00118153942598  0.00121225982553  0.00122258209899  0.00123807770146  0.00123359954467
1.54639390165e-05 4.79032653358e-05  0.00073819480202  0.00115654925031  0.00142043944934  0.00165026901997  0.00195916138308  0.00218912969229  0.00240633883565  0.00255403129259  0.00264758314819  0.00264261209364  0.00254218747498  0.00239855806565  0.00218973240896  0.00194734677073   0.0017132321131  0.00158254961965  0.00163462349556  0.00171009196526  0.00177198330888  0.00181885666595  0.00186463647406  0.00188768912672  0.00191964534218  0.00193800990914  0.00195441045972  0.00195940902596  0.00197189813154
1.13111030372e-05 6.58191764754e-05 0.000716216509708  0.00109633701773  0.00139675392689  0.00164517466624  0.00197989509387  0.00223848129524  0.00248591277876  0.00266784191657  0.00279560508457  0.00282402222666  0.00275088473218  0.00262231045534  0.00241708539413  0.00216980798971   0.0019338157383   0.0018140084994  0.00187953006728  0.00196050070703   0.0020308799743  0.00208791856564  0.00212802706248  0.00216492184028  0.00218891504266  0.00220867046952  0.00222633616293  0.00223627118422  0.00224845464227
5.98328631568e-06 6.92583847553e-05 0.000705170488418  0.00102364086568  0.00118103367134  0.00129815730865  0.00153094381495  0.00171221978301  0.00190781629226  0.00205982437933  0.00217997300605  0.00222182156866  0.00218306101374   0.0021042838638  0.00196376229182  0.00179230402872  0.00160363543612  0.00156382602478  0.00166040673321  0.00174056866622  0.00180158499452  0.00184774678239  0.00188920690607  0.00190927993252  0.00193410610761  0.00195031553022  0.00195866190775  0.00196590536464  0.00196899600813
5.85953266424e-06 5.54206333474e-05  0.00069405223523 0.000964635258198 0.000946648221158 0.000901758434757 0.000992357520953  0.00103737360732  0.00112101114852  0.00118305008977  0.00124059866958  0.00124544475973  0.00119845985681  0.00114809899036  0.00107065430753 0.000995509087592 0.000951246353479  0.00103677352861  0.00113662119136  0.00120495906344  0.00126038436637  0.00130444357447  0.00134083689622  0.00136165951671  0.00138591734875   0.0013982026146  0.00140577139135  0.00140966514541  0.00141438078615
5.43843199853e-06 7.27891590447e-05 0.000674163874481 0.000855511222869  0.00075348372002  0.00056087799612 0.000509987298657 0.000412804991218  0.00037781051545 0.000344428159507  0.00034733599286 0.000334602909059  0.00031260417158  0.00034107320148 0.000374081778534 0.000418952345285 0.000477498351324 0.000591298959731  0.00069439551173 0.000759386951997 0.000815020322806 0.000856599966934  0.00089582642472 0.000917513379863 0.000935254567285 0.000951537992958 0.000959938438596  0.00097266793443 0.000975619467488
7.80007342261e-06 6.67767572564e-05 0.000683581748314 0.000841834775538  0.00060665096181 0.000360137659327 0.000305587617592 0.000275170673976 0.000299460647723 0.000326137800625 0.000332534906959 0.000329209423856 0.000313014189702 0.000264665043151 0.000211486874027 0.000167819263048 0.000156581119115 0.000265528169509 0.000363663333738 0.000425683509825 0.000476771599729 0.000515009387527 0.000554495363105 0.000564605439775 0.000589536017886  0.00060245235029 0.000605403589809 0.000608238736435 0.000614462146198
2.90843237929e-06 6.41708966079e-05 0.000664861526791 0.000792152548437 0.000566776991621 0.000342753534335 0.000341402010347 0.000410030875777 0.000496694028191 0.000568017944354  0.00059517471356 0.000600326142941 0.000579435064119 0.000503814300724 0.000405391864862 0.000289040155748   0.0001251892795 0.000117572097025 0.000214215156802 0.000281449813945 0.000337827618375 0.000380871373204 0.000416678141152 0.000431681662728 0.000449116487326 0.000458546062418 0.000461929459364 0.000467768377855 0.000470961108724
1.47989029914e-05 7.66103845583e-05 0.000665275736162 0.000788022165225 0.000565453360632 0.000336977372177 0.000322927529142 0.000372015893256  0.00044658888721 0.000510749989059 0.000535266253888 0.000539483630659 0.000517057726576 0.000440580409842 0.000340345180099 0.000224356320203 0.000107280940927 0.000157599046173 0.000262696207496  0.00033048983949 0.000386747126275 0.000432702111799 0.000470397942574  0.00049116380319 0.000516669755618  0.00052927767874 0.000541355021072  0.00054822465933 0.000552339820548
1.15683856078e-05 5.89681581348e-05 0.000678881818855 0.000842167951903  0.00061409865296 0.000368436291658 0.000300820268846 0.000244556111934 0.000259815556542 0.000285371493225 0.000297631771933 0.000299283817793 0.000287243059036 0.000248514434428  0.00020801622735 0.000181593584413 0.000182393698056 0.000275272957823 0.000372847876997 0.000439150489055 0.000494674246464 0.000531127620017 0.000572694180327  0.00059176116648 0.000611569151976 0.000630080584056 0.000634700209196  0.00064201475594 0.000646086602665
2.97275455027e-06 5.23187559357e-05 0.000681719715002 0.000858996846983  0.00068544542533 0.000448681920264 0.000364915202058 0.000231397839093 0.000172012797017  0.00012639555867 0.000127712016874 0.000119886531718 0.000108784962226 0.000130911106356  0.00016299186953 0.000208835193128 0.000263566621935 0.000371451106569 0.000473031753977 0.000539881127776 0.000595964647367 0.000639619656714 0.000676504612469 0.000690205654277 0.000709496703443 0.000726254045318 0.000736224098382 0.000742321100706 0.000745856976114
4.36595857886e-05 6.78949956233e-05 0.000661418811455 0.000815352483919 0.000688648484393 0.000479960502959  0.00041734374047 0.000305128734727 0.000256606091422  0.00020874482561 0.000202280513841 0.000181415704146  0.00015565670159 0.000191366388003 0.000233092640504 0.000284418153148 0.000340313766018 0.000450099560429 0.000548715214671 0.000611833414682 0.000670183339533 0.000716982106196 0.000752105359223 0.000772452509542 0.000797615543958 0.000807423320021 0.000809775845421 0.000815700832671 0.000822668066958
4.28175469039e-05 7.32336805388e-05 0.000694929869444 0.000883625068908  0.00069072091467  0.00047039474098 0.000412936376523  0.00030865651426 0.000272312417985 0.000238504130915 0.000244899044766 0.000235082393657 0.000219571621165 0.000258040893648  0.00030202162925 0.000356267006793 0.000420353517851 0.000521367013051 0.000624009059683 0.000699460812989 0.000760776497884 0.000805336104867 0.000847486901933 0.000865808512261 0.000888665742811 0.000912887701067 0.000915900718214 0.000930503517233 0.000928195304139
 4.2354565372e-06 7.21181090318e-05 0.000676900241025 0.000849940681617 0.000735770026671 0.000535253090202  0.00047390259841 0.000364361266601 0.000319144464176 0.000279685950915 0.000283023933055 0.000274858530765 0.000262418665903 0.000301117373691 0.000342820101389 0.000392394143738 0.000445999331082 0.000551218503504 0.000654642560243 0.000724087035776   0.0007822954845 0.000829402261941 0.000865596817942 0.000893497341559 0.000915346523469 0.000927185257912 0.000936986791642 0.000942318773443 0.000950953553216
5.48429652982e-06  6.4553826003e-05  0.00067060195957 0.000846397789608 0.000702396624661 0.000498653965016 0.000448098449977  0.00035229122871 0.000322024411419 0.000292282198604 0.000297823322849 0.000284668468311 0.000261143079962 0.000286532998484 0.000315680864391 0.000355790735434 0.000406650260875 0.000514930327521 0.000616939881088 0.000683747599005 0.000742958771189 0.000783774797022 0.000825736020673 0.000837691800681 0.000862334512548 0.000873320168208  0.00087937686431 0.000883727503146 0.000893933483913
3.93780403665e-06 7.12360085136e-05 0.000679687138017 0.000859826091812 0.000710081354509 0.000500934920268 0.000440573043073 0.000335067726001 0.000294968102543 0.000258673467132 0.000263200130634 0.000253923742792 0.000238822388743 0.000276654567903 0.000318088771814 0.000368448619274  0.00042426535448 0.000533079171532 0.000632946593333 0.000700937955114 0.000751952388786 0.000794760606935 0.000833608175784 0.000852979824029 0.000876981026046 0.000893264998054 0.000905264753936 0.000915938360949 0.000917323165078
5.53627332799e-06  6.1399443396e-05 0.000671667513315 0.000852417259597  0.00069850478983 0.000480703743832 0.000415332371319 0.000298513928887   0.0002492467429 0.000202500616338 0.000199643740849 0.000180908243128 0.000154541578023 0.000188350160152 0.000227207656497 0.000275910958502  0.00033239222691 0.000442578687352 0.000544639610778 0.000614152290391 0.000673842253299 0.000718426405427  0.00075592953258 0.000776012501884  0.00079573060294 0.000806280931121 0.000815787698341 0.000820286034134 0.000823855170902
2.36838025401e-06 6.78166313838e-05 0.000673268269039  0.00084231378063 0.000673757341192 0.000447016207758 0.000373240536469  0.00025369262584 0.000201989797799 0.000155850220891 0.000153743987295 0.000140457355111 0.000124788345492 0.000164378240128 0.000209972413299 0.000264809245262 0.000323964098665  0.00043342195501 0.000533893187398 0.000597339721765 0.000651275997524 0.000691391613862 0.000730401599309 0.000741805972057 0.000767559196011 0.000780846418271 0.000781593112478 0.000789264279649 0.000794122692733
2.74616425215e-06 6.90002861047e-05 0.000673534579026 0.000839410064387 0.000666376163814 0.000435858330136  0.00035805528624 0.000238331656897 0.000188123145041 0.000147282061022  0.00014598167248 0.000135050386435 0.000121509853497  0.00015662884838  0.00020274850481 0.000261723331527 0.000330076425071 0.000440801169605 0.000544510274378 0.000618350761388 0.000680934403758 0.000730470422664 0.000767981562975 0.000799081168267 0.000817245840229 0.000835963289538 0.000851359922796 0.000854007404279 0.000862392266811
4.98519095457e-06 5.84190370536e-05 0.000691673670961 0.000889196775607  0.00069101733485 0.000457402165322  0.00038324459585  0.00025985183757 0.000206446387634 0.000158315276372 0.000156638351177 0.000141898965285 0.000123030468303 0.000164599740905 0.000210249258092 0.000264053829364 0.000321578733073 0.000431777401325 0.000531661818677 0.000596082802156 0.000648795287151 0.000689145290937  0.00072882852399 0.000743627615561 0.000765438431534 0.000780418051895 0.000781986698069 0.000793904410813 0.000797766175825
1.11772933864e-05 7.19427671633e-05 0.000673539088288 0.000838999812013 0.000711750776701 0.000497872899076 0.000425540865825 0.000302156640555 0.000243883819656 0.000190546054511 0.000183624809151 0.000166436698466 0.000147957749854 0.000189215595649 0.000236424483055  0.00029305670947  0.00035841117878 0.000469684343867 0.000572315270099 0.000643370929852  0.00070566634978 0.000759772062721 0.000785781121914  0.00081468023321 0.000838563828366 0.000853806521328 0.000867607347917    0.000864763318 0.000874657827906
8.65655238572e-06 6.60989590938e-05 0.000667788645319 0.000832584836011  0.00067360240916 0.000456363678098 0.000393204174984 0.000284478354566  0.00024330812343 0.000205268394956 0.000209942314647 0.000200414070068 0.000186181908303 0.000228454636465  0.00027423327111 0.000327238157166 0.000379978786157 0.000483926917512 0.000587037467412 0.000653034318871 0.000706560490567 0.000741604477607 0.000791260793607 0.000800227593831   0.0008219610193  0.00083987134031 0.000841733204145 0.000856366534909 0.000854821777018
7.46336041176e-07 6.66259974027e-05 0.000674255976268  0.00084816609597 0.000688155229084 0.000469399796194 0.000402834936739 0.000290621817503 0.000245890422406 0.000205796942615 0.000208393880292 0.000196613473907 0.000178711836482 0.000215443269186 0.000256887460523 0.000308828822742 0.000369297330808 0.000478694708775 0.000578746822257 0.000646839919936 0.000705218212654 0.000752855874375 0.000790658267922 0.000816604009979 0.000837977881118 0.000851336835811 0.000864779408207 0.000872667006701 0.000876699831441
6.08646268558e-07 6.67028761187e-05 0.000676643944557 0.000856005066821 0.000701426247244 0.000484275463357 0.000416511864007 0.000299662535294 0.000249014062047 0.000201826441949 0.000199262897284 0.000183960571708 0.000165097850701 0.000206419251191 0.000252953933976 0.000308612894735 0.000371762199302 0.000481609310402 0.000583016220557 0.000654787954575 0.000711184625804 0.000750746487188 0.000790648844844 0.000803531495244 0.000826951786711 0.000840639573302 0.000848562301419  0.00085690653029  0.00086297476814
9.38121978529e-07  6.5899558255e-05 0.000674745924108 0.000850907943397 0.000691805312509 0.000471449371993 0.000402555373237  0.00028515954431 0.000235036855752 0.000188954474375 0.000188168931319 0.000174740629883 0.000157833843621 0.000201081546861 0.000248658595054 0.000303757085964 0.000361336746467 0.000469834871634  0.00057151517206 0.000635003223068 0.000695545292564 0.000740890702199 0.000778570149919 0.000798701289906  0.00082209288479 0.000833920669118 0.000831463410068 0.000838417009024 0.000839710261533
1.02651002425e-06 6.52600682142e-05 0.000673047193015 0.000845919065849 0.000682055898751 0.000457727947047 0.000386477768118 0.000266853513211 0.000215302465695  0.00016782897637 0.000165839162897 0.000150590265027 0.000132079844651 0.000174076894567 0.000221972432363 0.000280367304411 0.000348092938984 0.000457397673002 0.000557707403108  0.00062995961222 0.000683895673116 0.000727200214968 0.000765993298939  0.00078583778375 0.000807484617324 0.000824969898018  0.00083521848053 0.000841522027979 0.000849290937948
1.54304569437e-06 6.69175456449e-05 0.000674460851512 0.000846610705131 0.000682167719506 0.000458148012771 0.000385527516679 0.000266795678299   0.0002154100161 0.000169375017855 0.000167532183887 0.000154302440181 0.000138294560908 0.000179535250561 0.000225735864106 0.000280573205286 0.000338001999153 0.000450409097947 0.000552942381176 0.000618308910859 0.000670680566845 0.000708586968803 0.000750629824225 0.000764425124651 0.000788506541997 0.000796578607419 0.000818424833431 0.000825654313548 0.000826976565141
3.47158808709e-06  5.5214170774e-05 0.000687752692047 0.000884532264905 0.000683925703874 0.000447450996551 0.000373485595298  0.00024702932467 0.000191446567378 0.000139572194196 0.000136140711005 0.000117893148054 9.40814371457e-05 0.000134408392903 0.000178451442187 0.000230168338488 0.000286271662191 0.000397627487052  0.00049820723528 0.000564891941696 0.000623621841421 0.000672003394969 0.000707297395229 0.000729626033564 0.000750737923863  0.00076864657972 0.000770466615577 0.000775388358541 0.000782384963939
3.36537979208e-06 6.80265854488e-05  0.00067034408262 0.000828404376603 0.000687037825701 0.000463913084301 0.000385887932157 0.000260708110811 0.000203996668099 0.000156582081796 0.000154174569884 0.000142727705879 0.000129215361469 0.000165469708207  0.00020935245337 0.000263857840714 0.000326341433777 0.000435564171136 0.000538247292869 0.000608606203116 0.000668214559403  0.00071316883109 0.000751841780967 0.000775604908101 0.000795461153365   0.0008111996018 0.000816786055037 0.000823277080514 0.000823938754952
 7.1141159875e-06   6.151514778e-05 0.000690149058009 0.000875463186991 0.000678843107991 0.000449030376622 0.000377807510247 0.000262881354055 0.000215862986468 0.000173730962803 0.000174844152536 0.000164400026573 0.000151707209277 0.000196764168867 0.000246646991393 0.000303715729399 0.000362563469303 0.000471298033932 0.000576795731354 0.000637510860622 0.000693368579333 0.000733302576151 0.000773155951393 0.000786784653711 0.000809934699012 0.000823860682793 0.000829942829196 0.000834292003189 0.000839791832609
1.40649713761e-05 7.55449201577e-05 0.000672714057196 0.000837512454428 0.000710606569574 0.000498195113057 0.000429646766303 0.000310119655661  0.00025670244399 0.000208161099227 0.000205313219356 0.000190558666366 0.000172319203866 0.000213019077952  0.00025861625052 0.000313020001433 0.000374415693901 0.000482193805321 0.000581967401207 0.000656144298302 0.000713642952534 0.000758387863752  0.00079549462385 0.000815361718715 0.000839771159546 0.000855139229527 0.000861587429323 0.000872782673861 0.000880380316534
1.36750078643e-05 6.63707321188e-05 0.000666471038349 0.000832093167045  0.00067456260195 0.000458259726322  0.00039587855396 0.000287696362532  0.00024655583865 0.000207429904462 0.000209035294621 0.000193862568939 0.000171074144951   0.0002052402942 0.000244943195395 0.000295763972974 0.000354322846452 0.000464480454946 0.000564121360267 0.000632487293716 0.000689645729249 0.000736664009903 0.000774936425625  0.00079869607673 0.000821526963029 0.000834625790983 0.000845212468953 0.000852721207604  0.00085613966704
2.13302613193e-06 6.81913399192e-05 0.000676341422381 0.000850970426798 0.000691381026362 0.000472496907738 0.000403907394931 0.000289538803006 0.000241798759004 0.000198763063941 0.000199541046966 0.000188261901869 0.000173899380466 0.000216543941686 0.000264187304357 0.000320866313937 0.000384433876555 0.000494640730475 0.000597482924342 0.000667106718942  0.00072469960995 0.000768544715162 0.000806210704868 0.000829371005209 0.000849263216987 0.000866875748027 0.000873250467105 0.000880202035605 0.000886620114403
1.71603313037e-06 6.74789672673e-05 0.000677580488272 0.000856627288372 0.000700682877008 0.000483161042799  0.00041580367916 0.000300268155582 0.000251520591792 0.000206864569607 0.000206525374522 0.000192976423376 0.000174273094051 0.000213200475986 0.000255260476048 0.000305406743532 0.000361382678307 0.000469430021625 0.000569608388801 0.000635233791664 0.000689447164964 0.000729899003589 0.000770811640361 0.000780084527948 0.000801571809948 0.000816867734528 0.000817904423712 0.000824669720255 0.000826855003364
2.82895128001e-06 6.31321490098e-05 0.000672773824062 0.000848793851118 0.000686426949815 0.000462548871198 0.000392412881835 0.000271283239581 0.000218005621933 0.000167300458741  0.00016266933606 0.000143738551146 0.000120230698903 0.000161189455077 0.000207617796649 0.000263694168993 0.000327158918246 0.000437669083027 0.000537825235996 0.000604180380348 0.000659738978082  0.00070063185617 0.000738002417674 0.000751661948821 0.000773864886854 0.000785494361709  0.00078848381995 0.000795063318089 0.000799295569694
6.37559947723e-06 5.96742512272e-05 0.000691555697742 0.000884607181958 0.000680123744171   0.0004425971395 0.000366660616762 0.000243636053926 0.000191099208798 0.000145523447547 0.000143829018722   0.0001306241921  0.00011490344164 0.000153830278215 0.000200540197761 0.000257832209497  0.00032146570151   0.0004325991918 0.000534759191907  0.00060244203003 0.000659760258375 0.000703185874546 0.000743483612814 0.000766919769505 0.000789770679507 0.000806455392308 0.000821617031252 0.000829295528753 0.000832909187393
1.32868479027e-05  0.00010052228612 0.000687528105801 0.000845427774678 0.000702252581405 0.000478101747109  0.00039950884637 0.000273251169228  0.00021564946838 0.000166618932771 0.000163480740821 0.000150656676763 0.000135623328429 0.000174829143933 0.000220005069462 0.000274487595097 0.000335826889894 0.000444162070086 0.000544975475754 0.000615657362958 0.000675823835934 0.000724773459915  0.00076030687688 0.000790462879757 0.000805131526172 0.000822021687113  0.00082480891721 0.000837465865476  0.00083952453352
1.46568095994e-05 6.19751892743e-05 0.000658512360929 0.000822710340606 0.000664871703536  0.00044594238226 0.000377735758911 0.000264177675034 0.000216734208047 0.000172065675923 0.000170533236146 0.000155933479194 0.000138051696743 0.000179794587898  0.00022725411117 0.000284111042382 0.000347549666524 0.000457526336277 0.000560667959012 0.000627231063797 0.000685704965791 0.000728401818577 0.000769879735913 0.000781944881677 0.000810974510057 0.000824173088575 0.000837601756914 0.000842954630579  0.00084778163375
5.76509607381e-06 5.99610734618e-05 0.000691754910477 0.000888273074497 0.000692184746063 0.000463108233482 0.000395273595762 0.000278814832651 0.000231883511187 0.000189262868406 0.000191760305625 0.000179573653616 0.000161457416491 0.000201360944235 0.000244286114147  0.00029501311112 0.000351032483189 0.000460742933391 0.000560588407348 0.000629210111162 0.000684594318817 0.000727433985993 0.000765489637658 0.000785654360364 0.000807012514623 0.000822011428399 0.000828188425056 0.000832224511504 0.000842451548476
 1.1941726987e-05 0.000102688877444 0.000689700003457 0.000853919475478 0.000718486891703 0.000500296995428 0.000428369319458   0.0003033756948 0.000244909415184 0.000191094023048 0.000184746740921 0.000166627482487 0.000145047019129  0.00018559117616 0.000230232657476   0.0002828740479  0.00033937927861 0.000447833269896 0.000550992975445 0.000611967649392 0.000666007646588 0.000707170084279 0.000746369610389 0.000761416871607   0.0007833850926 0.000793680549557  0.00079733373636 0.000804792116931 0.000804236966473
1.39364740082e-05 6.05985449553e-05  0.00065677705012  0.00082101463011  0.00066340237396 0.000444666173707 0.000375524567253 0.000262472593013 0.000215139720121 0.000171131067073 0.000169865300846 0.000156307473697 0.000140036027507 0.000181382208504 0.000228436150739 0.000285147066556 0.000349856318764 0.000459966571118 0.000561393954731 0.000637103125051 0.000696667259024  0.00074770753609 0.000783877953616 0.000808287731644 0.000833052128379 0.000849876895721 0.000857467790918 0.000860744050466 0.000868995432916
6.33574117183e-06 6.04880802476e-05 0.000690990931226 0.000884090515129 0.000684153533898  0.00045206574615 0.000381693334281 0.000263321982472 0.000214690812527 0.000171076915231 0.000173407710802 0.000162960353689 0.000149592534971 0.000195411812412 0.000245103386299 0.000302041422408 0.000362103298551 0.000468675435684 0.000570876266424  0.00063752579984 0.000696534286749 0.000739802030612 0.000779676368214 0.000800322906367 0.000824178978103 0.000840821156199  0.00085725105976 0.000868564413859 0.000875984636686
1.24922124236e-05 0.000104500654313 0.000691255183797 0.000854702418144 0.000717836217697 0.000499040652544  0.00042692933711 0.000302816750058  0.00024559003516 0.000193441608559 0.000188070024253 0.000170707279015 0.000149845524598 0.000189957989931 0.000235253341576 0.000289996597917 0.000350702974563 0.000462104087937 0.000563238474754 0.000629147533996 0.000685482091634 0.000723708002206 0.000762553811283 0.000780319297862 0.000804578489239 0.000813879172746 0.000821839289427 0.000826385639326 0.000829332442862
1.39816507766e-05  6.1415650557e-05 0.000658833414237 0.000826382749194 0.000673487032321 0.000458438989637 0.000391403233757 0.000280477248263 0.000234722975262  0.00019193227955 0.000191328082861 0.000177911471503 0.000160663770429 0.000201004157722 0.000246069282341 0.000300043532756 0.000360297889422 0.000468356278026 0.000568827825364 0.000637259854346  0.00069350509137 0.000736663662785 0.000775937241801 0.000790958294552 0.000810021206181 0.000830147801964 0.000831828632467 0.000840119136736 0.000846752381847
 4.7403647377e-06 5.82015095544e-05 0.000689725528764 0.000883929138911 0.000684634144736 0.000452662976713 0.000383195736167 0.000264080813206 0.000214630274912 0.000169260780728 0.000169541373001 0.000155954484874 0.000138886909356 0.000182280744961 0.000230684187126 0.000287937925052 0.000350710310606 0.000458653183453  0.00056036295697 0.000627117599502 0.000684640164997 0.000727403668438 0.000765798354898 0.000784826838665  0.00080492362434 0.000820832989664 0.000826666442729 0.000834499454197 0.000836538026023
1.35049468367e-05 0.000107387472192 0.000694065915407  0.00085610934461 0.000716879337974 0.000496697853283 0.000422357907491 0.000298148492785  0.00024113391649 0.000190510277837    0.000186571753 0.000171832352709 0.000154480595199 0.000195664954463 0.000241500574654 0.000296119161747 0.000357045311455 0.000465538692552 0.000566658415363 0.000636233162022 0.000693416587395  0.00073610314359  0.00077667651331 0.000794005119085 0.000817662650386 0.000828840748097 0.000833565795638 0.000835389263903 0.000845612267188
1.69677427005e-05 6.07205022345e-05 0.000657186796493 0.000825296413177 0.000671837450126 0.000455424954115  0.00038870892505 0.000276057391707 0.000229627036991 0.000185657366914 0.000185278157727 0.000171360951823 0.000152907545192 0.000195320684799 0.000242416906235 0.000297722735234 0.000356916040977 0.000465016679747 0.000565913094754 0.000634149927775 0.000694024484303 0.000740307485047  0.00077698720668 0.000799583647611 0.000822532515267 0.000836490182014 0.000845253556545 0.000856600828573 0.000856301341442
5.98219070425e-06 6.03904833394e-05 0.000692449493768 0.000886169954571 0.000686425124447 0.000454853730913 0.000385442483862 0.000268064957267 0.000220358241485 0.000176948567144 0.000178714060558 0.000166070140808 0.000148388997452 0.000190029422317 0.000236055165358  0.00029124220688 0.000351189649694 0.000461355640993  0.00056124945373 0.000626922141005 0.000677586705766 0.000724165762558 0.000759984706176  0.00078031001145 0.000802221479559 0.000818877810504 0.000827708527484 0.000834488520247 0.000842671098332
1.32435646585e-05 0.000110143858789  0.00069586577847 0.000857463232411 0.000715530289946 0.000493006807794 0.000417888099966 0.000291205899882 0.000232395244936 0.000179868681158 0.000175150758717 0.000159546021348  0.00014181599089 0.000183848363516 0.000230626730841 0.000285820672275 0.000348343450538 0.000456972156369 0.000560805800636 0.000630884521869 0.000693650963438 0.000735025298099 0.000776877248617 0.000795835639558 0.000816747563418 0.000831707374277 0.000840204219142  0.00084383241062 0.000844102889475
1.61597809005e-05 6.20531338562e-05 0.000660002728589 0.000829240044347 0.000677694795912 0.000463916420263 0.000396797499777 0.000286501316749 0.000240833372641 0.000198500704851 0.000197957860485 0.000185395515562 0.000170055806275 0.000211391052777 0.000258336889698 0.000314807210422  0.00037759973132 0.000488152426434  0.00058912150446 0.000657826442948 0.000712393053904 0.000758706155067 0.000794708896327 0.000811553130922 0.000833631055418 0.000849805916249 0.000859170976415 0.000869557366148 0.000877634403828
3.41883221811e-06 5.88332994217e-05 0.000690964632093 0.000886348197316 0.000687919539737 0.000455922528371 0.000388738718055 0.000270070522458 0.000221989665666 0.000176896255863 0.000177099286802 0.000160634012034 0.000137021615869 0.000174657304131 0.000216989468606  0.00026856423501 0.000326165895694 0.000436573937136 0.000536693434651   0.0006043853718 0.000659437856822 0.000700464822049 0.000739318654494 0.000755830560723 0.000780446018532 0.000786739126403 0.000790338809111 0.000797466979648 0.000799901476434
1.48483889223e-05 0.000114831449012 0.000700335917217 0.000861488895829 0.000716376591411 0.000493278209135 0.000417117579754 0.000292230356578 0.000234924567978 0.000185031189169  0.00018096871021 0.000167448046557 0.000153085628388 0.000194188836088 0.000241155635168 0.000297596328687 0.000360061566546 0.000469282085819 0.000570781449889 0.000636354614859 0.000694907584377 0.000736059977337 0.000778395625004 0.000792401584834 0.000820640586091 0.000833730235635 0.000843008438383 0.000852654834424 0.000855322079898
1.23624921645e-05 4.73415499856e-05  0.00067685920753 0.000870142350082 0.000687060859018 0.000464671556819 0.000396199514993 0.000282135768358 0.000234688147066 0.000190863635049 0.000190947512876  0.00017888504522  0.00016414046627 0.000208854251414  0.00025872610193 0.000316597881746 0.000377970800282 0.000486049336845 0.000587633281764 0.000656600164693 0.000714613141681 0.000758227899216 0.000793813119232 0.000817861886175 0.000836437303793  0.00085724455753 0.000860686332431 0.000866674800613 0.000875180717432
 1.1929050895e-05 0.000112850196185 0.000694791675034 0.000850668855011 0.000702767763317 0.000479526273658 0.000409946810999 0.000288448769552  0.00023564812035 0.000187357280269 0.000185302200914 0.000169446259964 0.000148590643727 0.000187254914926 0.000230000547998 0.000281397224354 0.000339363135554  0.00044818569333 0.000550306524147 0.000618136994334 0.000676332004484 0.000722817081038 0.000762521050604 0.000781035202377 0.000803109628973 0.000814407978944 0.000824789495704 0.000829687603135 0.000831472718497
1.24405895149e-05 4.68348209237e-05  0.00067554890498 0.000867556469192 0.000682748458499 0.000458942596253 0.000389506040854  0.00027557747478 0.000228332580626 0.000184873306312 0.000184625519384 0.000171859053284   0.0001557930414 0.000198560242935 0.000246827888754  0.00030454426619 0.000368114526137 0.000478429747601 0.000580634900906 0.000645529700682 0.000704501161798 0.000744025685053 0.000782038901861 0.000805461405219 0.000825028774875 0.000845432191249 0.000852016507475 0.000862116936312 0.000866842811026
1.35826227624e-05 0.000116492613388 0.000698706545775 0.000855102297485 0.000707312226836 0.000484133187109 0.000412563148571 0.000289737464032 0.000235168776845 0.000185421213263 0.000182704062677 0.000167158572354 0.000147324009737 0.000188816001692 0.000234494441953 0.000288540472913 0.000347117296195 0.000458036713757 0.000558089903168 0.000627538703294 0.000679625033906  0.00072412086857 0.000764839268109 0.000777556776328 0.000805187279816 0.000814240620295 0.000820674480716 0.000826065747889 0.000830676721159
1.31250397496e-05 4.86817842304e-05 0.000675360152684 0.000866166423277 0.000679778489772 0.000454156849468 0.000384049895475 0.000268972685142 0.000221081275473 0.000177276269606 0.000176705859171 0.000163611400872 0.000147649836907 0.000188906665699 0.000235369166595 0.000291146033327 0.000354820093022 0.000464609190289 0.000567681270516 0.000639708210051 0.000698749374888 0.000747231350209 0.000783472863855 0.000807789234173 0.000826668381168 0.000842467180784 0.000850453917098 0.000857112041173 0.000863579382712
6.30265668875e-06 7.25015739808e-05 0.000677064815335 0.000839155895931 0.000705981615138 0.000488375463146  0.00041408612007 0.000293096457848 0.000238942051858 0.000190309469471 0.000187639439008 0.000173951107282 0.000157097785415 0.000199945341897 0.000247139550726 0.000302118813373 0.000361233465019 0.000471032250873 0.000572363046358 0.000638113647612 0.000698351276884  0.00074103156151 0.000778010908719 0.000800161927144 0.000820470655686 0.000834107005388 0.000843349236947 0.000851954545861 0.000856802353381
 7.9150758087e-06 7.01862099545e-05 0.000695987381635 0.000881016710007 0.000679413279573 0.000449497755284 0.000384331758537 0.000270376344683 0.000225190530366 0.000182654392409 0.000184070457388  0.00017023640135 0.000151505258139 0.000192798309308 0.000239100160753 0.000294578372148 0.000356405396693 0.000465811049131 0.000567507830309 0.000636936178878 0.000690030351622 0.000732415965425  0.00077154254217 0.000788563385674 0.000810798097664 0.000824171375447 0.000828746249716 0.000834760479836 0.000840595820487
7.55957757596e-06 7.07825521584e-05 0.000680736551777 0.000850344460934 0.000718460529216 0.000499536910639 0.000422398249041 0.000298016092434 0.000241222244553 0.000191252745132 0.000187764158059 0.000173805766489 0.000157404634283 0.000199246747428 0.000245827085753 0.000301214946217 0.000363395994766 0.000473677369598 0.000575501362968 0.000644893353932 0.000703822502339  0.00075074038316 0.000788522508635 0.000810526746257 0.000834136956254 0.000851377443706 0.000862661870278  0.00087102389468 0.000870640795533
 9.5925804971e-06 7.49512289281e-05 0.000701262354802 0.000886957064627 0.000687591612811 0.000459854965149 0.000395601235114 0.000282961792469 0.000238060461826 0.000195516422257 0.000196416682062 0.000182563293559 0.000164163963573 0.000205309361174 0.000251051488598  0.00030515730942 0.000363982116881 0.000473673664881 0.000575738398058 0.000641254782696  0.00070096516127 0.000742601553877 0.000778782763438 0.000801443366316 0.000818536720422 0.000834492712559 0.000840537713712 0.000848061405898 0.000855033665071
1.57337068341e-06 6.69434744447e-05 0.000702531286561 0.000893529876145 0.000731130885239 0.000505453626946 0.000429578315518 0.000303574084583 0.000246080512912 0.000194517850214 0.000189821816356 0.000173326436938 0.000154070433574  0.00019489995182 0.000241013123875 0.000296635040244 0.000359889912828 0.000471360655715 0.000573020105735  0.00064369419408 0.000699195370877 0.000737293792714 0.000782348476532 0.000790044448856 0.000825383591706 0.000835658222675 0.000838832893949 0.000851424342225 0.000852522113908
1.16256332254e-06 6.92367714882e-05 0.000697096194445 0.000874750813267 0.000706622893537 0.000483852547018 0.000414466482664   0.0002965485277 0.000245099163141 0.000196930639684 0.000193533534481 0.000177544213479 0.000158012902892 0.000199382190709 0.000245661917633 0.000300418506141  0.00035928465328 0.000469777005339 0.000570656807247 0.000636192925726 0.000692141081358 0.000738479826957 0.000774096920569 0.000796608071135 0.000804794533147 0.000828534261321 0.000845568176952 0.000843093251363 0.000851373747973
6.87591917516e-07 6.91714423893e-05 0.000696711476595 0.000871731519546 0.000699739237514 0.000473582796636  0.00040222367502 0.000283588334945 0.000233029823796 0.000186794468349 0.000185671345728 0.000171603750311 0.000153657897494 0.000195399936867  0.00024169103389 0.000296601515911 0.000356746925329 0.000466930401798 0.000568952129013 0.000636976172899 0.000691707226679 0.000741058958186 0.000777424226893 0.000796607344915 0.000824003758238 0.000836468515427 0.000834604728594 0.000845920769427 0.000850352841935
8.29169988986e-07 6.85145654413e-05 0.000695078832961 0.000868756675948 0.000694381833539 0.000465256201768  0.00039270225063 0.000270947168167 0.000218059492283 0.000169177625352 0.000166363019837  0.00014979293421 0.000128742107237 0.000169492118503 0.000214849659506 0.000268949994185 0.000328821041572 0.000440022000254 0.000540882347802 0.000606576108913 0.000667020447423 0.000704986999358 0.000743449814906 0.000765963918644 0.000787132235156 0.000797961148154  0.00080863286272 0.000814660743965 0.000820670952605
3.25787913642e-06 7.31040885894e-05 0.000700859323245 0.000874803644304 0.000701473078832 0.000475250798865 0.000401631025511 0.000283624758323 0.000232883744893 0.000188227877165  0.00018747830905  0.00017661686547  0.00016465426144 0.000209222778276 0.000259744027006 0.000319299930053 0.000384706206895 0.000494686850375  0.00059783238253  0.00066792137941 0.000724173472864 0.000770915029937 0.000808411264311 0.000829033714907 0.000852260015385 0.000865632051515 0.000873122502507   0.0008790732208 0.000882491056899
6.11337049154e-07 7.10134708469e-05 0.000699550015383 0.000877333161314 0.000708905623531 0.000485281588828 0.000416632626197 0.000298780283513 0.000249124555086 0.000203229857232 0.000202574166467 0.000188103692513 0.000168608313552 0.000208864935756 0.000253226236017 0.000305889927381 0.000363220764455 0.000472891554276 0.000573194127087  0.00064096460214 0.000696953728349 0.000739299517406 0.000780490401735  0.00079329299782 0.000815876619439 0.000827391671214  0.00082961981354  0.00082903751461 0.000833222391817
1.70141767445e-06  6.8894402687e-05 0.000696985035908 0.000872658336068 0.000700600970488 0.000474033094022 0.000404041368292 0.000284580231916 0.000233449065487 0.000185788541648 0.000183381622918 0.000166732190382 0.000145262832059 0.000185324268662 0.000229919931946 0.000283071421381 0.000339991385382 0.000450281253333 0.000551354686878 0.000614159426562  0.00066890740572 0.000709992251206 0.000748061094267 0.000765571701102 0.000785361358613 0.000807248555998 0.000813170416571  0.00082728128508 0.000832935589747
1.78901458702e-05 0.000109832028322 0.000718632910757 0.000887105977643 0.000707627936508 0.000469415881511 0.000391394937061 0.000268803521454 0.000215540620031 0.000168238464603 0.000165677196063 0.000151792492506 0.000135954087471 0.000176155573878 0.000222791888457 0.000279645600381 0.000346314096469 0.000458687572015  0.00056135855803 0.000635631130246 0.000693770467302 0.000740750964205 0.000777564834985  0.00080444796443 0.000827318637885 0.000840148280226 0.000848652415041 0.000857537026654 0.000860771840983
1.68517125327e-05 6.39779449912e-05 0.000678275239831 0.000846739696843 0.000678591375359 0.000463312232881 0.000395229630211 0.000279496829077 0.000229469951208 0.000184540450567 0.000183837764886 0.000172656874154 0.000159920965732 0.000203730407409 0.000252196180456 0.000308846171102 0.000371484977238 0.000481851978557 0.000584759349624 0.000652305897204 0.000714528681493 0.000759066961028 0.000797950156249 0.000819231975788 0.000837414628888 0.000850872513802 0.000868346430585 0.000866667602787  0.00087431098614
1.80968573696e-06 6.98685359956e-05 0.000700178525449 0.000878914203078 0.000708915018975 0.000483135947007 0.000413070642637 0.000294861239789 0.000245696959819 0.000201057819595 0.000201331321386 0.000187655406247 0.000169184496498 0.000209385964038  0.00025398357965   0.0003070724026 0.000364266535426 0.000473621964389   0.0005748418736  0.00064044750123 0.000694331376875 0.000734096397404 0.000773993356623 0.000788235647816  0.00081515097368 0.000828915739148 0.000831381817626 0.000845031395998 0.000847321283289
1.68614149357e-05 0.000109390312541 0.000719848180596 0.000893837043568  0.00072061638373 0.000486441994565 0.000413386113344 0.000291904981051 0.000239697037093 0.000190691995728 0.000187526519028   0.0001695638059 0.000146029349166 0.000185713844055 0.000230186707034  0.00028380201214 0.000342687332341 0.000454340614871 0.000555422717891 0.000623046669659 0.000677634209619 0.000721472203724 0.000760134053955 0.000775738448082 0.000797084788204 0.000813851338475  0.00081817353583 0.000826781072963 0.000828746867728
 1.7826552584e-05 5.70088325315e-05 0.000672504194439  0.00083937341821 0.000669313603419 0.000452352102302 0.000383171704711 0.000266478911758 0.000215486439569 0.000169719851978  0.00016758154649  0.00015530818347  0.00014211746524 0.000184621180834 0.000233220478804   0.0002911146983 0.000356756132612  0.00046743104393 0.000571299516739 0.000641979732377 0.000699596242199 0.000742981412108 0.000781229438937 0.000801385933773 0.000824597620965 0.000840234239254 0.000851594000602 0.000856805377868 0.000868492108725
2.42561172144e-06 7.42214136098e-05 0.000703667844736 0.000878698523826 0.000705521681087 0.000476970995806 0.000403476780568 0.000283034295486 0.000231970197223 0.000185976531278 0.000186073272606 0.000173141483196 0.000156016173537 0.000198912231702 0.000246020100088 0.000301890469581 0.000363649114409   0.0004704006656 0.000571956707581 0.000635029053321 0.000695886545057 0.000740552809823 0.000780423298556 0.000800094342395 0.000822687341481 0.000835436605388 0.000843398006556 0.000849060416803  0.00084920975947
1.69632249251e-05 0.000110292645367 0.000720615442913 0.000893449331722 0.000718877554386 0.000484046972304  0.00040944008679 0.000287922822711 0.000235626863977 0.000187777449253 0.000185708691866 0.000170449578464  0.00015139482542 0.000192554781183  0.00023823521124 0.000292245620915 0.000351461777473 0.000466120086732 0.000567612332693 0.000638799803078 0.000691853843757 0.000734489454361 0.000768927116346 0.000789921888715 0.000811001857618 0.000817678460589 0.000825744318566  0.00083154703984 0.000833121615785
1.70288761445e-05 6.41828487089e-05 0.000678720475135 0.000849957953565 0.000686016865696  0.00047433892774 0.000409539179054   0.0002959370386 0.000247269154406 0.000202560400777 0.000201323728413 0.000188606121323   0.0001734684523 0.000215919171487 0.000263270629477  0.00031906406721 0.000379397528468 0.000489572806583 0.000592810438028 0.000657337399238 0.000717694173903 0.000762507819353 0.000802901527612 0.000822771263238 0.000845059055378 0.000867953915161 0.000873485601885 0.000881801658558 0.000888504488287
2.90719293854e-06 6.77320966755e-05 0.000698374687694 0.000876307958201 0.000704628996584 0.000477301655584 0.000406244928129 0.000286930069918 0.000236561199486 0.000190561638944 0.000189311297609 0.000174044568259   0.0001541476372 0.000193420629051 0.000237626032269 0.000291169300862 0.000351366206345 0.000462646824995 0.000563393447576 0.000633844955282 0.000688102892578 0.000731225336322 0.000771725430842 0.000787599435255 0.000808928218737 0.000823319543761 0.000833410742731  0.00083790037108  0.00084530347457
3.37943118163e-06 7.78368448536e-05 0.000705358470799 0.000880286888491 0.000709021164551 0.000484023532966 0.000412549174951 0.000294110796586 0.000243032809997 0.000196492331419 0.000195011439647 0.000181357596039 0.000164299929809 0.000206818738677 0.000253899553026 0.000309226694789 0.000368710025803 0.000479599457597 0.000581335820042 0.000646845573377  0.00070174053181 0.000741924478791   0.0007792780092 0.000796846707751 0.000817460540419 0.000836463641638 0.000835940833454 0.000848847261953 0.000850983364802
1.72064225383e-05 0.000108485912501 0.000720025474608 0.000894219249627 0.000720664793355 0.000486186149983 0.000411251023769  0.00028944022577 0.000236883684994 0.000188470602874 0.000186121357681 0.000170407889598 0.000151084003221 0.000192756144849 0.000239863885293 0.000296485208395 0.000362841176678 0.000470783694952 0.000573826633497  0.00064347131881 0.000702793201616 0.000749830467392  0.00078651694818 0.000808937236214 0.000827149652868 0.000841548886526 0.000849500780861 0.000853363939775 0.000860181041311
 1.8178002895e-05 6.14262771096e-05 0.000675062382208 0.000841865937603 0.000672158510688 0.000454930261069 0.000387617738985 0.000270204604615 0.000219185115306   0.0001718209359 0.000169173803311 0.000153899437487 0.000135031354561 0.000176435831669 0.000222822724754 0.000278187987512 0.000338865064594 0.000450025082665 0.000551415140215 0.000620338525847 0.000674727611133 0.000717241471658 0.000756529408966 0.000774503097001 0.000801428578497  0.00081019216868 0.000824100212749 0.000829364026324 0.000833866590809
1.71958292771e-05 0.000108739982153 0.000718381450199 0.000886461816183  0.00070289795869 0.000458681546326 0.000378376669527 0.000252020024164 0.000197622750907 0.000149000972208 0.000146856139253 0.000131403080143 0.000111712735146 0.000152067914972 0.000197183560616 0.000250655900492 0.000308554749042 0.000423591816045 0.000524751220332 0.000592803892264  0.00064911396762 0.000690798252005 0.000730156852671 0.000747349880828 0.000769220490691 0.000786179065092 0.000788577986199 0.000797380658546 0.000797846707086
1.65007417011e-05 6.36001897164e-05 0.000677155338518 0.000842700524702 0.000672370020075 0.000455515794995 0.000384508289781 0.000268303894506 0.000217797498605 0.000173609436022 0.000172236089153  0.00016169818752  0.00015029032926  0.00019388772342 0.000244268403206 0.000304198300794 0.000371521487734  0.00047913839419 0.000581959082885 0.000651766284096 0.000708832212355 0.000753185860844  0.00079138975789 0.000811302316966 0.000832786301262 0.000846733597228 0.000854670521307 0.000862964264501 0.000862793439259
1.84560128922e-06 6.92490777008e-05 0.000698606580085 0.000874463471719 0.000701381792149 0.000472645014585 0.000400235388727 0.000279506819767 0.000228207923385 0.000181734411129 0.000181250388651 0.000167237415581  0.00014906637313 0.000190745289897  0.00023686813135 0.000291787660962    0.000350619896 0.000460085964169  0.00056229049597 0.000630215989878 0.000686873525249 0.000730438526261 0.000767861452458 0.000786601673064 0.000808042252079 0.000822642478924 0.000830433139016  0.00083678669343 0.000844561669917
1.79343292351e-05 0.000112743342924 0.000723726026463 0.000898614419215 0.000727638646099 0.000496178103094 0.000423753757579 0.000304833355544 0.000254393740424 0.000207986004687 0.000206828026677 0.000192206429168  0.00017316035443 0.000214442025446 0.000260335122929 0.000315174531843 0.000376082468606 0.000486659906998 0.000589172148994 0.000658231939874 0.000718288405828 0.000763777897809    0.000801623459 0.000825235178466 0.000847205077649 0.000863206878538 0.000872844077846 0.000877334544667 0.000884166085722
1.74941145864e-05 6.30598823396e-05 0.000678301818849 0.000852065648708 0.000691182635521 0.000482353988903 0.000420443565779 0.000309168354711 0.000262419035232 0.000218911804898 0.000217483061522 0.000203439201916 0.000185991522637 0.000224534896733 0.000268306982549 0.000321402782257 0.000383705538874 0.000495521508984 0.000598480682688 0.000667421934832 0.000724897741239 0.000769735147082  0.00080821383385 0.000827670109273 0.000850890363654 0.000863842664771 0.000868542080118 0.000876664678041 0.000882146478354
8.97805008595e-07 7.15053918018e-05   0.0007032594147 0.000884332045436 0.000717567114037 0.000495011944106 0.000426225587913 0.000310269723214 0.000262103607985 0.000218220246336 0.000217813053307 0.000203628475078 0.000183982894509 0.000222033877415 0.000264296106358 0.000315154649122 0.000370328157671 0.000484758843034 0.000584973857875 0.000649612326625 0.000703474185803 0.000744375617118 0.000783021228206 0.000799477411309 0.000822453707351  0.00083605248641 0.000844124441855 0.000852952394313 0.000857204722063
1.17727243775e-06 7.62250014756e-05 0.000703945908102 0.000880339204857 0.000710376820905 0.000485542466668 0.000415404568358 0.000296408948046 0.000245047851971 0.000197532672442 0.000195269373997 0.000180333354653  0.00016304678701 0.000205998744963  0.00025526880545 0.000315308910405 0.000379139492129 0.000484014784295 0.000587125740689 0.000654481560314 0.000713089692336 0.000753241227122  0.00079408212263 0.000811732744053 0.000833214695486 0.000849472464074 0.000855422727376 0.000860882519148 0.000864931369214
2.92695706444e-06 6.84837338681e-05  0.00069615636266 0.000868722190705 0.000691154127964 0.000459467570308 0.000385219747647 0.000261816628796 0.000207996560195 0.000158296988157 0.000155458582305 0.000138655264941 0.000116902099025 0.000158272367982 0.000203861599003 0.000257568297628 0.000317206612696 0.000429627040771 0.000530343814269 0.000597426037911 0.000651327307038 0.000697038697487 0.000734605011022 0.000749048595997 0.000771237532207 0.000786172277164 0.000794738510607 0.000800712328466 0.000806839308166
1.90882428262e-05 0.000112745512135 0.000723353542351 0.000890470044266 0.000709341957871  0.00047104671306 0.000391701321724 0.000271065177385 0.000219739943667 0.000175227991352 0.000168210049646 0.000156432665752 0.000142587658696 0.000184497811615  0.00023361132928 0.000292633965107 0.000359448291455 0.000470714750315 0.000573797963532 0.000645153643902  0.00070263886921  0.00074736569445 0.000785702062124 0.000813439831035 0.000834967371881  0.00085013598732 0.000860299942276 0.000867686190295 0.000872627508621
1.54232357803e-06 0.000101591576832 0.000696086382992 0.000860210819828 0.000687085037818 0.000459929257174 0.000388584075677 0.000267411146964 0.000214225494333 0.000165192632652 0.000167781058573 0.000151277097431 0.000130543303911 0.000170934315812 0.000215752224368 0.000268876007306 0.000324835515028 0.000440807016903  0.00054218595094 0.000607355957975 0.000664814056614 0.000709534414772 0.000747492817481 0.000765390190673 0.000787226179264 0.000801680407363  0.00080725538585 0.000815425010833 0.000817548584119
 1.7812801768e-05 6.00202961594e-05 0.000672530274553 0.000840500844807 0.000671442748249 0.000453135505619 0.000383970571069 0.000265497845409 0.000213896090199 0.000166402901674 0.000163867859394 0.000149014893359 0.000131010926927  0.00017332294045 0.000221133489222 0.000278778877107 0.000343651721341 0.000450765917615  0.00055310935004 0.000621466295637 0.000677349670755 0.000722113499748  0.00075920011062 0.000775924117883 0.000797697139775  0.00081118354266 0.000816879943606 0.000822685968432 0.000827916332629
5.03962414257e-07 7.10026534963e-05 0.000698894383033 0.000871592493366 0.000694561021149 0.000463119182293 0.000387522684309 0.000265714498821 0.000213581657572 0.000167571088363 0.000167094074081 0.000155148930836 0.000141868217518 0.000186931300092 0.000237885466274 0.000298018347338 0.000364493989462 0.000471367285472 0.000574757470256 0.000645979566539 0.000705535297216 0.000750194403579 0.000786539169181 0.000811911557458 0.000832259697978 0.000848629140606 0.000856412764211 0.000863329669798 0.000868058642869
1.50817005486e-06 7.22759220194e-05 0.000701611239385 0.000877665544646 0.000706938052441 0.000482197422661 0.000410998713985 0.000293117079924 0.000242685684781 0.000196873152466 0.000195577094104 0.000181999270816 0.000164266299654  0.00020460773878 0.000249164323508 0.000302140225257 0.000361161364094 0.000477323373213 0.000579071721197 0.000645141462385 0.000702161238058 0.000744429275025 0.000782918446137 0.000801640443771 0.000826383874387  0.00083934942546 0.000847959071083 0.000855555585512 0.000859677701387
 3.7251703243e-07 7.15961456947e-05 0.000702183035928 0.000881693361318 0.000715050097136 0.000493088070866 0.000425133157451 0.000307645100009 0.000257191829305 0.000210060423524 0.000207224065119 0.000191756636778 0.000173164623875 0.000214852647719 0.000262121795738 0.000319217273691 0.000380203219026 0.000485460644829 0.000588136695973 0.000659118742956 0.000718648633959 0.000764525894415 0.000804255435937 0.000823847147343  0.00084271471179 0.000859455679479  0.00086650738563 0.000872402640255  0.00088565858915
1.54057933544e-07 7.18965565395e-05 0.000702293881004 0.000880046988687 0.000710661323408  0.00048742456859 0.000418875563778 0.000302722409075 0.000254106188525 0.000209317331502 0.000208862677288  0.00019395820068 0.000173617365117  0.00021222014028 0.000255224197297 0.000306787551428 0.000363417174541 0.000478800951289 0.000579253462453 0.000642858466718 0.000694868567383 0.000733731012582 0.000771951404814 0.000784388183423 0.000806798456074 0.000821320211778 0.000829158708912 0.000836185929452 0.000833345456352
1.73482543531e-05 0.000107720967547 0.000720665254701 0.000893960692078 0.000719621900434 0.000484399421396 0.000409224961792 0.000286925786688 0.000233856558924  0.00018497556276 0.000181913603019 0.000165803492745 0.000145917973022  0.00018783943291 0.000234910344465 0.000291147061501 0.000354591087049 0.000462707371807 0.000565110230979 0.000632228239503 0.000690972468359 0.000734247996364 0.000775136664863  0.00079437587176 0.000819213774256 0.000829553403216 0.000836557766488 0.000843167621411  0.00084463243603
1.72612223817e-05 6.42287420633e-05 0.000679231257604 0.000845184805978 0.000675115045722 0.000458650357543 0.000390331505339 0.000274430718954 0.000224458950145 0.000179435847413 0.000178557130102 0.000166559336783 0.000152469163071 0.000195130307813 0.000242565144467 0.000298274152255 0.000360251829965 0.000475472984997 0.000577177587279 0.000645923319676  0.00070113828372 0.000743837383589  0.00078051264458 0.000796596787494 0.000818336985924 0.000834083950687 0.000839238723309 0.000845215767479 0.000850436964672
1.74256782017e-05 0.000107905283107 0.000721314710174 0.000894438714282  0.00071769724411 0.000479137638939  0.00040140090302 0.000277538514059 0.000224232786523 0.000176117540583  0.00017414581853 0.000159293989258 0.000140982747114 0.000183568407863 0.000231254260957 0.000287575101277 0.000350081003885 0.000461461777996 0.000564222062939 0.000632593531419 0.000689662068055 0.000733773237649 0.000772868745731 0.000797263913459 0.000817294728911 0.000834664693486 0.000842281494091 0.000850531223312 0.000854896856326
1.76548219289e-05 6.24450617522e-05  0.00067690467422 0.000845146371471  0.00067820808386 0.000463652761206 0.000397099457778 0.000281431476396 0.000231599137053 0.000185832844676 0.000184589425705 0.000171281368321 0.000155778324017  0.00019801850964 0.000245662047903 0.000302822349564 0.000366987678183 0.000477845980944 0.000580581496301 0.000651675735946 0.000711407367826 0.000762141799638 0.000798295671412 0.000821234142468 0.000845051449701 0.000860396506966 0.000874553325858 0.000882022939658 0.000887401387692
4.16422739315e-07  7.1484866522e-05 0.000702085807959 0.000879766706431  0.00070876394033 0.000481983040047 0.000410361522614 0.000291143179623 0.000240602268412 0.000194589219241 0.000193514901698 0.000178700655855 0.000158510042734 0.000197973101055 0.000241635745641 0.000293760465187 0.000353625144811 0.000466490666265 0.000567720917641 0.000633856958334 0.000689253645138 0.000729225020032 0.000768258277787 0.000785611219643 0.000806414713971 0.000817533230465 0.000819641127989 0.000824230758941 0.000828138932534
 6.0160100349e-07 7.42127562778e-05 0.000700405920278 0.000873759809441     0.00069894693 0.000469445134608 0.000396587129196 0.000273874438589 0.000219741741392 0.000169537519337 0.000163929229221 0.000147386393655 0.000128376151783 0.000171113452438 0.000219650874229 0.000277672257445 0.000342440823733 0.000450235530756 0.000552808132795 0.000621875268778 0.000680436570819 0.000724328480886 0.000763258960125 0.000783529391879  0.00080638657425 0.000820450263823  0.00082740902217 0.000835139543068 0.000845334644468
1.85350176632e-05 0.000111015253825 0.000721689375712 0.000893089471682 0.000716277374371 0.000480593441251 0.000403329408998 0.000282748190391 0.000231086168238  0.00018499402446 0.000185651379595 0.000172652209102 0.000155613487702 0.000198066998886 0.000244859037582 0.000299537406883 0.000359035324456 0.000474436854899 0.000575889761667 0.000642756870767  0.00069961705964  0.00074202327274 0.000780485929623 0.000796741002497 0.000817653933814 0.000836009238279 0.000841981693767 0.000849833977695 0.000846772258905
1.76372072101e-05 6.44823427571e-05 0.000678797002427 0.000847809274246 0.000681478878585 0.000467442730577 0.000401726307963 0.000286580589261 0.000237083203156 0.000191882594849 0.000190695686989 0.000177621415003 0.000162280452497 0.000204061205858 0.000250897249126 0.000306693234861 0.000369345404338  0.00047996843552 0.000582710877082 0.000651467520304 0.000708974374425 0.000753264136662 0.000791252082711 0.000812155558366 0.000833947426594 0.000844547763305 0.000852034942474 0.000857453908174 0.000863610838562
1.60715663882e-06 7.01537713458e-05 0.000701301962598 0.000879032392328 0.000706973664099 0.000479355401472 0.000407329301859 0.000287517296811 0.000236693993955 0.000190129816247 0.000188722429665 0.000173509482126 0.000152810679247 0.000192731955209 0.000236990939814 0.000289844850244 0.000349234568253 0.000461686987983 0.000562841224484 0.000628639484362  0.00068419211086 0.000727213419885 0.000763087872198 0.000783214729507 0.000804701691761 0.000821057448399 0.000829823737873 0.000837619739979 0.000843271290168
8.03466375563e-07 7.20486421315e-05  0.00070289354822 0.000878559044987 0.000706447408894 0.000480503351904 0.000408322003844  0.00028867431044 0.000236567793114 0.000189215235667 0.000185760577333 0.000172314162789 0.000157609449625  0.00020154562066 0.000251430711402 0.000310515594679 0.000376454340882  0.00048411771058 0.000586683440521 0.000656052977253   0.0007137713329 0.000755903897568 0.000796164078164 0.000815731469609 0.000838446416838 0.000852634925569 0.000860119613255 0.000867158711849 0.000871144549315
1.76716733482e-05 0.000109272007405 0.000723303884911 0.000898032091779 0.000725967141924 0.000493160470035 0.000419321618855 0.000299542800674 0.000248641178977 0.000202309254024 0.000202469770729 0.000187902483766 0.000168975449795 0.000210018689867 0.000255986110839 0.000310954278124 0.000374449169641 0.000486092507519 0.000589075597037 0.000659212260711 0.000718251799177 0.000765087551576  0.00080375245085 0.000825579065106  0.00084738431024 0.000864382972996 0.000873416817938 0.000880131209171 0.000883562371564
1.74219044687e-05 6.60925818679e-05 0.000681886363276 0.000852988638863  0.00068999513097 0.000479455885555 0.000416664650758 0.000304276751673 0.000257252592544 0.000213457116865 0.000213044848243 0.000199728140485 0.000181865770948 0.000221749573124 0.000265190520347 0.000316387059892 0.000370046387281 0.000483864388829 0.000583380174629 0.000643346096504 0.000693692416804 0.000729633122686 0.000768252196007 0.000774497776789 0.000797216923621 0.000808458842871  0.00081042652623 0.000817469580245 0.000821146158142
4.54560355121e-06   6.536955866e-05 0.000696237415215 0.000870210471336 0.000691460471166 0.000457058748177 0.000381118450514 0.000255998775692 0.000201333773888 0.000150908861864 0.000139926456682 0.000122332348853 0.000101709715463 0.000142374434971 0.000188783975345 0.000244866017592 0.000313462182645 0.000423628693266 0.000527140887712 0.000601824623883 0.000664457296291 0.000715024007043 0.000752831751853 0.000783808761976 0.000805525862522 0.000819814272984  0.00083152989412 0.000838296296147 0.000843499277125
1.91629884478e-05  0.00011275880309 0.000724476217086 0.000893182848248 0.000713555737727 0.000475373025645 0.000396009241878 0.000273884266198 0.000220902752147  0.00017473010108  0.00017914563795 0.000166230577825 0.000150279726903 0.000191746406693 0.000239147130743 0.000295883190698 0.000360100217996 0.000472542522322  0.00057478816491 0.000642621818844 0.000699471757533 0.000742447068276 0.000780624888032 0.000800210362117 0.000822682138338 0.000837964282146 0.000846443373918  0.00085346850652 0.000856949342245
1.76779647309e-05 6.13315421227e-05  0.00067777905037 0.000845652129701 0.000678012216458 0.000463337973824 0.000395842762965 0.000280457743184 0.000230806776756 0.000186015505985 0.000185400204937 0.000174248280379 0.000161812385195 0.000205552939043 0.000254198693584 0.000310928003719  0.00037317020288 0.000484394650953 0.000585719780353 0.000651471862353 0.000704894112199 0.000744566505752 0.000782852077583 0.000794414227328 0.000817328671671 0.000831838311367 0.000836337670145 0.000842811271597 0.000847404999484
1.62792548441e-06 7.02829262878e-05 0.000701316050465 0.000877691900824  0.00070466804706 0.000475589743893 0.000403478377907 0.000282459734373 0.000231137681896 0.000183808477107 0.000176213928277 0.000160036572213   0.0001387885604 0.000178268815744 0.000222344540517 0.000275230534176 0.000336578227266 0.000448116447169  0.00055020873571  0.00061901081095  0.00067785291873 0.000724451831122 0.000763392980379 0.000789520803374 0.000810471493056  0.00082666045396 0.000838204943972 0.000845873204826  0.00084916892187
2.02168587259e-07 7.17786932305e-05 0.000700828100543  0.00087476278076 0.000700074720107 0.000470982383079 0.000397713370096 0.000275390232649 0.000221404389102 0.000171789847855 0.000173829446928 0.000157250655305 0.000136607426537 0.000178089643674 0.000224306547389 0.000279005785964 0.000340651781202 0.000452863235914 0.000554828202721 0.000622556026619 0.000681527035964 0.000725930281513 0.000763547510384 0.000782493014462 0.000804488981547 0.000817275226405 0.000819274584304 0.000826433669474 0.000832778565794
1.87291340062e-05 0.000111423238579 0.000724047246351 0.000895649787635 0.000719695943447  0.00048482758487 0.000407853137331 0.000287430680071 0.000235621903459 0.000189281459606 0.000188036015965 0.000175331259735 0.000159694639249 0.000202745139889 0.000250833636196 0.000307291602879 0.000366476150083 0.000481265698359 0.000582524508198 0.000648336717383 0.000701690850818 0.000741615022837 0.000780198995647 0.000791908659586 0.000814125469385 0.000828034943092 0.000837220434155 0.000841950487861 0.000845543556875
1.69875118178e-06 0.000100781591069 0.000696054034169  0.00086023253427 0.000688495812171 0.000462977931667 0.000392707259131 0.000272859261289 0.000220491351095 0.000172045233062 0.000168423356565 0.000152080455494 0.000132415057065 0.000172916208722 0.000218374287854 0.000272683749481 0.000336378386069 0.000449938397912 0.000552050222111 0.000621253674937 0.000679550340837 0.000724845049516 0.000762436530239 0.000787175567382 0.000808348512209 0.000823688001656 0.000832117161805  0.00083973820798 0.000843367298509
1.72148570813e-05 6.16317027658e-05 0.000675344262015 0.000844332416577 0.000676688728379 0.000459946933036 0.000391428281956 0.000274520409989 0.000224507499433 0.000178888819335 0.000172047151676 0.000159369605877 0.000144563052829  0.00018798768138 0.000236710289657 0.000294510910489 0.000356951173303 0.000466698442857 0.000569570322384 0.000637062520404 0.000695483406492 0.000740607689218 0.000779255418558 0.000800929548589 0.000821915512019  0.00083842776188 0.000848649529913 0.000855899867019 0.000860632207853
3.31095534229e-07 7.21715305548e-05  0.00070116365151 0.000876719286975  0.00070348647405 0.000474744621699 0.000401365268477 0.000280796690604 0.000229576505672 0.000183711769391 0.000189336498814 0.000176669718838 0.000160217125558 0.000203421851999 0.000251450364198 0.000307919338393 0.000370291712098 0.000477978771852 0.000580012764928 0.000649165381337 0.000704148985863 0.000745727503762 0.000784194245753 0.000797365379418 0.000819626283452 0.000831162342915 0.000834746724937 0.000840974444318 0.000845545339509
8.82398370271e-07 7.08377180359e-05 0.000699103913392 0.000874271078813 0.000701648886841 0.000474328446519 0.000402802037258 0.000282070585398 0.000229691610725  0.00018099104252 0.000178205852621 0.000161621308212 0.000140718140747  0.00018108630113 0.000225769986219 0.000279142593785 0.000336680250497 0.000451726205632 0.000552763711758 0.000617912670791 0.000673469544151 0.000715509146289 0.000753835019019  0.00077088861598  0.00079368541814 0.000807202796138 0.000810544134991 0.000815380972163 0.000821998011968
 2.9149343021e-07 6.92030748676e-05 0.000697737780156 0.000869046138591 0.000690563897401 0.000459095282453 0.000383210960094 0.000260886479131  0.00020700945348 0.000159202099246 0.000156130447924 0.000142198613019  0.00012656816466 0.000166312785735 0.000212446888317 0.000268107253122 0.000334508053562 0.000447899103156 0.000550907565923 0.000623278229781 0.000683200772751 0.000729541647981 0.000767812991361 0.000792354918904 0.000814482115296  0.00083014362113 0.000841123858308 0.000848694605077 0.000851568884052
 1.9021278366e-05 0.000113483349699 0.000724814167437 0.000895888515496 0.000719934567094 0.000484656074104   0.0004074920078 0.000286322275961 0.000234056228117 0.000187569028786   0.0001865431112 0.000173993562579 0.000158592534155 0.000202577980073 0.000251523287891  0.00030903453974 0.000368888212849 0.000479633155279 0.000581079384588 0.000643696111456 0.000697546935363 0.000736926189711 0.000775350138465 0.000788320126296 0.000809861530627 0.000823399094607  0.00083008215871 0.000838693987134 0.000843220569921
1.84886679052e-05  6.1439988609e-05 0.000676026014137 0.000845691184089 0.000679586265667 0.000466128833638 0.000401871464468 0.000287807479869 0.000239581503236 0.000195854037407 0.000183524239755 0.000169784903298 0.000151428296767 0.000190209578653 0.000233659557727 0.000285875952891  0.00034598692125 0.000458209015064 0.000559538444075 0.000627580172768 0.000684132352952  0.00072913008913  0.00076746447165 0.000789721093991 0.000812158833376 0.000827365602329 0.000835186527265 0.000841440288873 0.000844711598099
6.86370153649e-07 7.12159575722e-05 0.000701661976352 0.000878440519481 0.000705059327002 0.000476114766655 0.000403309140218 0.000281936258685  0.00023000027364 0.000181329272251  0.00018986399914 0.000173928765285 0.000154062863024 0.000196268904249  0.00024376749504 0.000300224237761 0.000363446865531 0.000470529982964  0.00057356892087 0.000643583611038 0.000702209125771 0.000745289574648 0.000783772528993 0.000798962276667 0.000821729266644 0.000832295198742 0.000835245430227 0.000840482419471 0.000844833892834
1.84140645167e-05 0.000111357816723 0.000724827107601 0.000898963535355 0.000727620926774 0.000496663082294 0.000422261776785 0.000304602371904 0.000254635003225 0.000210661322713 0.000200755934976 0.000189412774589 0.000175673860699 0.000217592681961 0.000264166485166 0.000319840366988 0.000383522659412 0.000499191409048 0.000601334332162 0.000670179952103 0.000725700400274 0.000771117831429 0.000809113813276   0.0008314457426 0.000853572594028 0.000871869540541 0.000883519310519 0.000893018309804 0.000898908506836
1.89077587422e-05 5.94025331286e-05   0.0006765795771 0.000849856195705 0.000688039889558 0.000477771707429 0.000416338680607 0.000303216204595 0.000255309697724 0.000209706873328 0.000216175878831 0.000200849637648 0.000182176865324 0.000222482464354 0.000268064954012 0.000321714857763 0.000379834049071 0.000485895409658 0.000588257437563 0.000655991021281 0.000715830762749 0.000760391740007 0.000798908334517 0.000821727523731 0.000842038976524 0.000857917129508 0.000865496416118 0.000870367535015 0.000875387330433
1.07592655168e-06 7.23942372543e-05 0.000704661846624 0.000882589407501 0.000712040494403  0.00048661702075 0.000415886738768 0.000298889071008 0.000250197047522 0.000206047227873 0.000205961989372 0.000191827299737 0.000172628488339 0.000211431952882 0.000255027138871 0.000308482928897 0.000370661674539 0.000483328714875 0.000584889046412 0.000651497025655 0.000706289416055  0.00074743531378 0.000785524770922 0.000799532948624 0.000822590022703  0.00083492378401 0.000839256939907 0.000846937492545 0.000850327743943
8.51199371952e-07 7.29557142086e-05 0.000704444214817 0.000881785008068 0.000711846182053 0.000487343814585 0.000415883217925 0.000296880685418 0.000245012851949 0.000197835621277 0.000195705429842  0.00018187410803  0.00016575567007 0.000208829940158 0.000257270297413 0.000314144390619 0.000377832506464 0.000488992543079 0.000591280588715 0.000660579568417 0.000717762333794  0.00076203713964 0.000800361517117 0.000823058664042 0.000844564926334 0.000860098963075 0.000869990889442 0.000877763957596 0.000882334635804
3.99397751235e-07 7.29471066544e-05 0.000704426184421 0.000881214766247 0.000710637344028 0.000485765932068 0.000415148028112 0.000296797128116 0.000246308264086 0.000200246524082 0.000198799222451 0.000184754016749 0.000167414751919 0.000208781734424   0.0002550902375 0.000309993573545  0.00037207353168 0.000483931302936 0.000585718377743 0.000653039542484 0.000709552476961 0.000752411768186 0.000790289808934 0.000807361675441 0.000828199506149 0.000843406723917 0.000849708402353 0.000856120703884 0.000861516842111
1.06598117873e-06  7.2062514042e-05 0.000702852741183 0.000878326692371 0.000705391128337 0.000478321966321 0.000407030370246 0.000286787335891 0.000234890533562 0.000186788387762 0.000184398357794  0.00016828449166 0.000148159183238 0.000189358219622 0.000235782993154 0.000291375591859 0.000354934801865 0.000463595210659 0.000566056756511 0.000635684925657  0.00069728645628 0.000745686429794 0.000783970563367 0.000813115266879 0.000835915557963 0.000851719173718 0.000862472242621  0.00087088659929 0.000874332569279
1.83608147429e-05 0.000108605568485 0.000724890118524 0.000899052592904 0.000725990059842 0.000493208772213 0.000417758993337 0.000298745726787  0.00024794961295 0.000202356912352  0.00020175390885 0.000189169755102  0.00017309685155 0.000215435070595 0.000262083578278 0.000317159632978 0.000379117737626 0.000494209588581 0.000595356865184 0.000661740478104 0.000715140475395 0.000755537872102 0.000793570303215 0.000807401186991 0.000829188228373 0.000842460087288 0.000848432301791 0.000854854571843 0.000859202458919
1.82983661674e-05 6.46830057727e-05 0.000680735732282 0.000848566528056 0.000681229376247 0.000466215725061 0.000400620101397 0.000284412691716 0.000234077120026 0.000187072530932 0.000183998881882  0.00016826767439 0.000149512340866 0.000189815648363 0.000235395940384 0.000290020549618 0.000351618615445 0.000464377601834 0.000565747224647 0.000628576639342 0.000683532481517  0.00072246160035 0.000760433821676   0.0007730716585 0.000792404656267 0.000805244206877 0.000806485274712 0.000810921386682 0.000814869603096
3.18396608083e-06 6.83934864461e-05 0.000698654343792 0.000871110623851 0.000690452095477 0.000454611347968 0.000377553066547 0.000251406787071 0.000196121165343  0.00014570225279 0.000142369589875 0.000125411978478  0.00010379989841 0.000144823228655  0.00019057711839 0.000245095523316 0.000307365977025 0.000419276096391 0.000521107989564 0.000593197723389 0.000653180390579  0.00070200493238 0.000740709905143 0.000768348504734 0.000792691263178 0.000808769077764 0.000823065431175 0.000831232065675 0.000836301907674
1.90903287975e-05 0.000110763723851  0.00072375186615 0.000891114761543 0.000709959732076 0.000471224273906 0.000390726883089 0.000269758172658 0.000218108053291 0.000173762167952  0.00017216801497 0.000160068251449 0.000145243959733 0.000184798118791 0.000231496660272 0.000287959581161 0.000351874088022 0.000464961635254 0.000566846519039 0.000633227417017 0.000686510791883 0.000725036997547 0.000761669880911 0.000773230659785 0.000793141756877 0.000807279820661 0.000809528818908 0.000816181966473 0.000820259853068
 9.9633667241e-07 0.000101900657943 0.000697547114503 0.000859795602264 0.000685812246677 0.000458351818534 0.000385834525752 0.000264763285645 0.000211604926771 0.000163214712872 0.000160887677611 0.000146354591826 0.000129093985392 0.000171964342469 0.000219854066798 0.000276293041431 0.000339326308971 0.000451131012139 0.000552765787038 0.000620831456412  0.00067781637318 0.000722745370069 0.000761737306337 0.000785856153175 0.000809776999949 0.000824469176535 0.000837771510095 0.000846392300654 0.000850165057101
1.88402686664e-05 5.92384645914e-05 0.000671632568418 0.000839196991549 0.000670145181502 0.000451648128834 0.000383483651742 0.000264944686288 0.000213883117505 0.000166979130942 0.000164250363268 0.000149969491767 0.000133528843592 0.000176294818475 0.000225327958504 0.000283464500615 0.000348788906458 0.000456512955503 0.000560020439861 0.000631131572249 0.000692145069933 0.000739100818536 0.000777420338609 0.000798886992927 0.000821705004759 0.000834773527672 0.000840614098387 0.000845972607783  0.00085156446901
 4.3277741792e-06 7.54299827039e-05 0.000704769811272 0.000882854198675 0.000707722883864 0.000479876477119 0.000406081143967 0.000287298765729 0.000236857910336 0.000191955525396 0.000192679112335 0.000179819689649 0.000162094203918 0.000202905554222 0.000247101119984 0.000299753136699 0.000357314334872 0.000476111514678 0.000577064635915 0.000643127959473 0.000696605369035 0.000737398115409 0.000775218514601 0.000791333611426 0.000811534447601 0.000828275703783 0.000835042101166 0.000843502894314 0.000845888639899
4.77854882548e-06 6.84630045158e-05 0.000694876512978 0.000866933096794 0.000695879195848 0.000467247257381 0.000394638500353 0.000270425135916 0.000214839215014 0.000162611507184 0.000156401712359 0.000138175553585 0.000117340030106 0.000159321267593 0.000207003894896 0.000263799657469 0.000328426255197 0.000436837887075 0.000539035278259 0.000607659619342 0.000665302249007  0.00070916765472  0.00074858497385 0.000765983790701 0.000788130237786 0.000799083993704 0.000806661380898 0.000811334055412 0.000816836339018
4.57928194746e-06 7.86752807145e-05 0.000704362765464 0.000875124265796 0.000698898979725 0.000470880866038 0.000396554699599 0.000278318046016 0.000227645182381 0.000183044418445 0.000182790645179 0.000170843440205 0.000156742551948 0.000198947227185 0.000246720243576 0.000303666373131  0.00036836883726 0.000481253421848 0.000583301196376 0.000651692990086 0.000708095834632 0.000751297020182 0.000788542482735 0.000806753477456 0.000830890534308 0.000846921963386 0.000849351534941 0.000859874083345 0.000864656932954
 6.6613486472e-07 7.45316373221e-05 0.000703339131306 0.000880950269289 0.000711520406005 0.000487100481173  0.00041652475224 0.000298327897975 0.000247934203824 0.000201914484565  0.00019610205052 0.000183210287588  0.00016726123194 0.000210016413747 0.000257510597381 0.000312944353051 0.000372591778519 0.000482589129318  0.00058479200082 0.000651926370324 0.000708058931754 0.000749486487611 0.000789771594506 0.000808965057083 0.000828998266707 0.000843440725439 0.000852098838134 0.000854675162651 0.000858859075668
1.66790362265e-05 0.000106581646363 0.000719824865733 0.000895733923654 0.000724301358042 0.000491886608142 0.000419846227269 0.000299940108538  0.00024920252057 0.000202106032383  0.00020486779221 0.000187886274253 0.000164791969852 0.000203134320644 0.000245696876335 0.000297230606274 0.000356438033503 0.000469085898394 0.000569940439425 0.000635567557374 0.000691863633255 0.000734803425828 0.000772224598923 0.000793303134034 0.000815827220713 0.000830703843525 0.000840655157707  0.00084817359402 0.000852934265859
1.86118759332e-05 6.00565739228e-05 0.000674323828466 0.000840801312235  0.00067058891751 0.000453336973893 0.000385983358884 0.000268137426703 0.000216385946473 0.000168260699324  0.00016378073855 0.000148559096767 0.000132054191587 0.000173997651929 0.000222105291038 0.000279862225502 0.000346659877753 0.000458297121931 0.000561443897327  0.00063265025627 0.000690986887875 0.000737978878632 0.000776686475187 0.000798792257928 0.000818134361132 0.000835331012616  0.00084538867798 0.000853034594044 0.000856535589287
3.88823922224e-06 7.77112177244e-05 0.000707626603517 0.000883378141818  0.00071005807704 0.000482013176717 0.000407660239041 0.000288953692777 0.000238613394976 0.000193883308406 0.000189673999057 0.000177377438328 0.000160334409832 0.000201620370675 0.000246229854646 0.000298597545129 0.000355954441787 0.000472422364729 0.000572751555927 0.000636950982317 0.000692977598581 0.000734596812158 0.000771087119836 0.000785322889783 0.000808331880505 0.000822084263171 0.000827803161313 0.000833372425607 0.000838557100751
1.62026065497e-05 0.000105293366088 0.000716954541553  0.00088900821717 0.000711710833809 0.000473087550846 0.000396065616485 0.000269997150702 0.000214074085319 0.000162736707953  0.00016362572857  0.00014660260851  0.00012679442295 0.000170341471902 0.000220671386877 0.000281638551955 0.000345337810304 0.000450967704071 0.000554542749999 0.000625070438976 0.000684312690247   0.0007287521517 0.000768123730764 0.000787631742949 0.000807823195635 0.000821473081504 0.000825473699944 0.000831853588004 0.000835212663237
1.68538606732e-05 6.52885656936e-05 0.000680292316747 0.000847394479078 0.000679673081027 0.000465589410962 0.000398519056906 0.000284954089083 0.000236726190846 0.000193228639085 0.000189235037696 0.000178038638812 0.000163956096062  0.00020539091788  0.00025119814677 0.000305934831214 0.000368708225575 0.000485245116568 0.000587159751085   0.0006560136069 0.000711386387161 0.000756900128815  0.00079527233145 0.000817366223179 0.000841537822918 0.000853862890641 0.000866557171464 0.000873662230467 0.000878756901515
1.05186997577e-06 7.18319136565e-05 0.000702856661483 0.000881044435696 0.000710243822461 0.000483456563199 0.000411733241324 0.000291866778984 0.000241183330877 0.000195372017769 0.000198860174312 0.000185886644925 0.000169928639876 0.000213013235962  0.00026101637765 0.000317064357027 0.000378260647055 0.000484291538348 0.000586918259154   0.0006556792426 0.000716099833971  0.00076140589663 0.000799658926026 0.000824643613037 0.000846824254767 0.000863855358021 0.000871925772644 0.000879890692765 0.000885201711481
1.07221847686e-07  7.2630156214e-05 0.000702787818148 0.000880577727971 0.000711465594499 0.000487436887975 0.000418209229801 0.000300182969822 0.000249786829338  0.00020286306099 0.000200336836409 0.000184002284314 0.000161850806412  0.00020050280155 0.000243433281646 0.000295224036675 0.000353752315318 0.000466296738013 0.000566892893786 0.000631197973562 0.000686030111594 0.000727122670305 0.000765154295144 0.000779488194164 0.000800986791741 0.000814095904381 0.000817283120606 0.000822411200283 0.000824301361851
1.71610031135e-05  0.00010715260268 0.000719541180715 0.000890698803645  0.00071314507197 0.000475456808971 0.000398339315692  0.00027454646493 0.000220373085181 0.000170469398889 0.000167270927456  0.00015071192966 0.000130476508978 0.000171481758824 0.000217356578703 0.000272020423339 0.000330519808838 0.000445867460688  0.00054688189186 0.000612051251681 0.000663831473302 0.000702043180842 0.000738661348164 0.000750597986912 0.000775015151636 0.000784982432351 0.000789479058211 0.000796879124521 0.000803244237414
1.44762735192e-06 0.000102766196118 0.000696335490259 0.000856350859695 0.000679521600747 0.000450439972366 0.000376192065309 0.000255246717005 0.000202581279085 0.000156234668775 0.000153908904367 0.000141190177341 0.000127014130612 0.000168498880178 0.000217071515764  0.00027572876591 0.000345015962376 0.000454635930467 0.000557847955323 0.000629403682535 0.000690634057643 0.000738733748997 0.000778476900067 0.000804741806639 0.000824565515108 0.000843913811257 0.000854805721055  0.00086207931468 0.000866690367324
1.70935484827e-05 6.39171209192e-05 0.000675482130675 0.000842082118048 0.000672335410464 0.000453858780251 0.000383885022285 0.000266700133086 0.000216626104792  0.00017161262928 0.000166578672373 0.000154764894869 0.000140302378174 0.000183827560963 0.000231926654518 0.000288133471449 0.000351153763098 0.000461926772718 0.000564560516771 0.000633925075247 0.000692498090818 0.000737500259272 0.000776027957262  0.00079651617419 0.000818492620788 0.000831783017296 0.000839350362606 0.000846051781826 0.000852407251464
1.27119869905e-07 7.07500293599e-05 0.000700476880405 0.000877449471881 0.000705609900509  0.00047858827305 0.000405855458416 0.000286275882074 0.000235553316992 0.000190492222249 0.000194890838601 0.000182468919413 0.000166474638441 0.000208839499411 0.000255867207138 0.000311434627322 0.000373649134754 0.000485453692613 0.000587563763577 0.000655850643786 0.000711497464723 0.000752903636855 0.000790262851673 0.000805702340148  0.00082879839239 0.000842941139111 0.000848244754514 0.000855522436956  0.00085758832346
2.34364402134e-07  7.0994472282e-05 0.000701264354463 0.000879637743729 0.000711478026682 0.000488082450698 0.000418754892322 0.000300654872342 0.000249670864096 0.000202164729756 0.000199763804152 0.000183866425698 0.000164306578179 0.000204258015423 0.000249285164663 0.000303330640306 0.000364977137254 0.000476953789014 0.000578843664564 0.000646324444302 0.000704679571636 0.000750768872268 0.000790969047204 0.000814863677293 0.000835832455908 0.000852737478009 0.000864776180141 0.000871112027199 0.000876521456546
2.41825115872e-07 7.17494812666e-05 0.000701796418448 0.000879974189626 0.000711159062103 0.000487664423705 0.000418831417337 0.000300940976573 0.000250491594558 0.000203430089826 0.000199561733822 0.000183605750789  0.00016389408544 0.000204201756962 0.000249615627804 0.000303553521319 0.000364566262961 0.000475690520157 0.000577255583112 0.000644040283385 0.000698620041527 0.000738541780459 0.000776583398762 0.000790857107666 0.000815043771412  0.00082549683686 0.000828215550204 0.000835625688929 0.000839625420456
9.99761064408e-07 7.23685538011e-05 0.000702706378263 0.000877977411864 0.000705223957346 0.000478772196377 0.000406639686835 0.000287945358973 0.000236851588155 0.000190465510929 0.000183647225724 0.000169362286763 0.000151407021825 0.000192378802746 0.000238283284167 0.000293750468478 0.000358242763485 0.000471372009013 0.000574023306459 0.000643485937642 0.000700745944667  0.00074972699685 0.000785684014658 0.000808867922735 0.000828129438087 0.000845126966628  0.00085364998761 0.000861082388671 0.000864282704731
