0.000309076062083 9.97360418961e-05   0.0013415503639  0.00427687287478   0.0065723301027  0.00806431841428   0.0085338845653  0.00814689184765  0.00681689940486  0.00574270065204  0.00529010844403  0.00505036567825  0.00491266116497  0.00463839014334  0.00442836031098  0.00428149886461  0.00422207346087  0.00405758491871  0.00394720488807  0.00390366627955  0.00383961241878  0.00379809631068  0.00374026161581  0.00373159604178  0.00369597127959  0.00367535883966   0.0036768971991  0.00365987971237  0.00364080884142
0.000181024513506   0.0004844736734  0.00265536285192   0.0053240967668   0.0073166054725  0.00856786736919  0.00890965663451  0.00852023537662  0.00734172916376  0.00589050557322  0.00487346243912  0.00448012616578  0.00433576670569  0.00404924398877  0.00383687184077  0.00370826704054  0.00368571526847  0.00353014489036  0.00342705892282  0.00344299520426  0.00342680393856   0.0034182382091  0.00336185325865  0.00344001175374   0.0034087455254  0.00340343406793  0.00344393497992  0.00343707396852  0.00343147093614
0.000247748676439 0.000974062023518   0.0033352923228  0.00548888042458  0.00700719918347  0.00791739900007  0.00815237079142  0.00791298504369  0.00714978038846  0.00601673984331  0.00471595219372  0.00384899404528  0.00352486273537   0.0032199433597  0.00296985864388  0.00276977451831  0.00263961597044  0.00246535333965   0.0023456612851  0.00229782584713  0.00223805641217  0.00219618201155  0.00213773219476  0.00215064322137  0.00212065868919   0.0021124378715  0.00212432359362  0.00211827630087  0.00211977350861
0.000187789943515  0.00120571374324  0.00296260913849  0.00417797246308  0.00498557680865  0.00543999992106  0.00552818105136  0.00537566886615  0.00497717108169  0.00437833105899  0.00363692469706  0.00284594681631   0.0022943547309  0.00198978997215  0.00168729192833  0.00140989142281  0.00116492129126 0.000912634498873 0.000688079706395 0.000471487398382 0.000291418952068 0.000134982399542 4.18561744984e-05 0.000135529901675 0.000263236125051 0.000346369337913 0.000445591257939 0.000529286707892 0.000598891077397
0.000190211287866  0.00292407691145  0.00414612018628  0.00314845294224  0.00285215066469   0.0027939928569  0.00268632382736  0.00254157385792  0.00235720252499  0.00216617310065  0.00199387163664  0.00192369103606  0.00180373315666  0.00154569625195  0.00132366790552  0.00113030326789 0.000987858794759 0.000893124299352 0.000859384698115 0.000878410243558 0.000917301457146 0.000987776990686  0.00105805443296  0.00113481911052  0.00119928889265  0.00128374811142  0.00136415568682  0.00141866850182  0.00145905719295
0.000188361312992 0.000747918875026  0.00258255711677  0.00394112605336  0.00403970013935  0.00358526738839  0.00301141292289  0.00247498238657  0.00202822266788  0.00170658966828  0.00151509760041  0.00152847022521  0.00146781406871  0.00123096044684  0.00102185671636 0.000854805163067  0.00074749756331 0.000732596656128 0.000769836390747 0.000839739903715 0.000945463383003  0.00103965901738  0.00115609634873  0.00126710467251  0.00135614644101  0.00144002590053  0.00149965955124  0.00156785074045  0.00163840809326
0.000189806649784 0.000846857815851  0.00239834545037  0.00345799993826  0.00396489786573  0.00400890969971  0.00376611651603  0.00338973587464  0.00297500803333  0.00255219314274  0.00213625166534  0.00160437758752   0.0011483374626 0.000910152011386 0.000715698892116  0.00060135051714 0.000593918068295 0.000656916228351 0.000782341914038 0.000936287138128  0.00107714445864  0.00121478922326  0.00133573518826   0.0014447815848  0.00154814249655  0.00163293580259  0.00172132898175  0.00179089326519  0.00185965099959
 0.00026735007276  0.00112302968402  0.00252498754215   0.0026534412073  0.00269765833978  0.00288705242124  0.00295147111084  0.00284560196698  0.00256527104379   0.0021755474214  0.00172809878084  0.00127204866386  0.00088958750594 0.000593729635643 0.000324232943675 0.000117392902021 0.000223406717329 0.000457033624842 0.000666139885007  0.00085201320678   0.0010280411416  0.00119604952694  0.00131934602257  0.00145951736299  0.00157034519395  0.00166977703206  0.00175354346967  0.00183961573526  0.00189106314633
0.000234631571015 0.000705316301223  0.00269435050291  0.00408644577992  0.00418123880046  0.00374754563756  0.00323366508961  0.00278550541774  0.00236823725579  0.00195329531254  0.00152166064497  0.00106088078271 0.000640569565619 0.000341636430752 5.47725582944e-05 0.000219975245753 0.000474188611597  0.00070737838173 0.000931186680038  0.00112609519595  0.00129564879606  0.00144065714572  0.00158667217221  0.00172182357559  0.00184713382233  0.00195087090217  0.00205341408157  0.00212801363352  0.00221049808025
0.000253233631323 0.000464143406635  0.00347001519831  0.00350412103503   0.0026872008503  0.00288108560263   0.0030636488009  0.00294391178098   0.0025840051241  0.00206397614877  0.00146459677915 0.000796294336142  0.00030447380318 0.000221358894125 0.000398703908648 0.000625643476998 0.000845898822155  0.00107385909642  0.00126831830283  0.00145248166787  0.00162652726075  0.00177841433564  0.00191966155096  0.00204029498842  0.00214681354567  0.00223981978539  0.00231330023864  0.00238852899906  0.00245003429429
0.000292836473204  0.00125540046446  0.00211861932934  0.00556779120451  0.00721566299766  0.00695443021805  0.00611981509803  0.00509505625394  0.00410050334027  0.00314851395041  0.00233375711416  0.00170129874897  0.00153494268064  0.00171788672033  0.00189666226248  0.00206123951335  0.00220016269227  0.00237417783511  0.00252816016111   0.0026488156559  0.00277618331834  0.00289016047626  0.00300301653184  0.00309091228934   0.0031980273231  0.00328178288799  0.00334246988922  0.00340215936563  0.00346235616228
0.000237223142102 0.000560177207701   0.0017317378483  0.00196464518004  0.00145273577163  0.00149648963967  0.00177364212838  0.00194431772478  0.00192468957171  0.00174164985354  0.00150192718359  0.00140865431674  0.00160701407933  0.00182021251505  0.00204346172466  0.00228397246434  0.00255275244286  0.00272475619605  0.00290214464908  0.00311080540463   0.0032671791063  0.00342692565904  0.00353648370709  0.00365128154321  0.00374350951025  0.00383695827701  0.00392357490688  0.00398667131196  0.00402147717977
0.000347167108051 0.000999831637312  0.00566312362124  0.00682303919424  0.00508569727984  0.00351593734428  0.00235137196365  0.00151783400913  0.00127607437992  0.00134878111372   0.0015075816284  0.00160517233839  0.00165188871792  0.00181966353675  0.00202766809694  0.00221189298518  0.00236306493544  0.00254795470351  0.00271899730606  0.00285894501212   0.0030085724284  0.00312020350413   0.0032466066345  0.00335010098643   0.0034390533632    0.003519468749  0.00358116296426  0.00364637605422  0.00372487170366
0.000281185191851    0.001132881278  0.00493462004661  0.00486377855128  0.00279675834121  0.00148753087242 0.000909739413633  0.00112369409061  0.00135560631039  0.00136908518997  0.00132283623105  0.00132271187297  0.00145468125435  0.00170361561633  0.00191801619093   0.0021324595001  0.00234013430353  0.00254286620583  0.00272435007358  0.00289391056277  0.00304333707406   0.0031911013004  0.00330274716317  0.00344007952876  0.00354137474223  0.00362990393836  0.00372099472442  0.00379514236554  0.00387254642451
0.000288040953444  0.00084420534626  0.00392663432798  0.00360735499264  0.00235512055011  0.00172724272688   0.0014617120222   0.0014641530469  0.00160716553179  0.00178361647354  0.00197508562448  0.00219716115214  0.00244974992929  0.00268305347244  0.00290115841726  0.00311205416637  0.00330728972527  0.00347695293829  0.00363486643522  0.00377648433982  0.00390819130499  0.00402298615885  0.00413221886419  0.00421809354043  0.00431212151183  0.00438668646613  0.00447095004783  0.00453687933619    0.004573946776
0.000589261400403  0.00046749964638  0.00124278401912  0.00134908764624  0.00170270779302   0.0017927683626  0.00161617719778  0.00124876755056 0.000992233400183  0.00103884751735  0.00131009656553  0.00159339471533  0.00180572539332  0.00201323340557  0.00225033652276  0.00247300265698  0.00270057806835  0.00289593063531   0.0030762761988  0.00326095443238  0.00343101778207  0.00357454137953  0.00370247998467  0.00382488796965  0.00391585509426  0.00401034823346  0.00408592394308  0.00415800057717  0.00421968471187
0.000160386514891  0.00105954402132  0.00327907815738  0.00372566045223  0.00637732326523  0.00661782754353  0.00610154326598  0.00506053374931  0.00409435038534  0.00331312943006  0.00285592425815  0.00258568511313  0.00251632978846  0.00279087258014  0.00298435888715  0.00313598720079  0.00323878440326  0.00340930000879  0.00357284483737  0.00367739361715  0.00377397399707   0.0038777256813  0.00400065312653  0.00407506766324  0.00417217032698   0.0042575284077  0.00432264145926   0.0043891431558  0.00443934768776
0.000206192786324 0.000876041484261  0.00250228355498  0.00365516995404  0.00399680022304  0.00401126252371  0.00425144046028  0.00473602679581  0.00502891867002  0.00495409492889   0.0045808820557  0.00415325955235  0.00392362042752  0.00406817174373  0.00430609123026   0.0044986428733  0.00468889285453   0.0048536962662  0.00498556172164   0.0051220225459  0.00526007905004  0.00537605526281  0.00547347907808  0.00556424644215  0.00564388521978  0.00571363700002  0.00577700543398  0.00583579292653  0.00590045111752
0.000167251115499 0.000490130738254  0.00163743742297  0.00254092307259  0.00334710587842  0.00356687765607  0.00354929873377  0.00360891001564  0.00370866251584  0.00382459498234   0.0039170017861  0.00405587458529  0.00428312765456  0.00440405038079  0.00457090910388  0.00480372059339  0.00507716042853  0.00522482557831  0.00539944843785  0.00561041786899  0.00576346594754  0.00590852014541  0.00599545146558  0.00615737508289  0.00623113452034  0.00631183130406  0.00641213343895  0.00646323949565   0.0065054855368
0.000216474473761 0.000644036230046  0.00137432650452  0.00196985240273  0.00232059428569  0.00204358921812  0.00246835496903  0.00308717888598   0.0035802378777  0.00392074286375  0.00409342590513  0.00412791276318  0.00403950407366  0.00405058731443  0.00420701638105   0.0043674917571  0.00451233462576   0.0046697470949  0.00480046540597  0.00491657058674  0.00503339545961  0.00513573581118  0.00524792307793  0.00532438715085  0.00541171407727  0.00547141152879  0.00552899353839  0.00559765740511  0.00565858501561
0.000173860420949 0.000966989116743  0.00256719801895  0.00414446652154    0.004688753599  0.00412889579753  0.00355584380787  0.00310997854268  0.00290956974754  0.00291533746247  0.00304137467751  0.00323508776041  0.00345682853942  0.00366995749316  0.00386989155271  0.00405307683354  0.00422591700657  0.00438219751909  0.00453367054768  0.00466620189754  0.00478408969225  0.00489670009911  0.00499923559235  0.00507221233422  0.00515844586925  0.00512254567996  0.00465761941165  0.00440803581663  0.00427217130998
 0.00019705429412 0.000868183071177  0.00227258550643  0.00412188115967  0.00444308230355  0.00334070365946  0.00363042364949  0.00403231795092  0.00422285316878  0.00412009964863   0.0039541327525  0.00373787114895  0.00355371924382  0.00367454219977  0.00382269382366  0.00393992438645  0.00400970423587  0.00416624039453  0.00428920169457  0.00391140839678  0.00358060318614  0.00348865359815  0.00346943574725  0.00342292201213  0.00342509892196  0.00342699771208  0.00341058161436  0.00341469760499  0.00341794052731
0.000179830022833 0.000486938608527  0.00134445805623  0.00186192141381  0.00248683241862  0.00300506833124  0.00326712502382  0.00350130734008    0.003679418785   0.0038368200372  0.00394393252036  0.00406340454064  0.00422302029674  0.00436780316954  0.00453443564238  0.00471254620328  0.00427198796728     0.00423336349   0.0042557250667  0.00429829079894  0.00433306971317  0.00436375031455  0.00438038073282  0.00441945170167  0.00443416269351  0.00445385015278  0.00448036017692  0.00449189588644  0.00450136124548
0.000204262328618 0.000524340443068  0.00119701523047  0.00216731190836  0.00326730879579  0.00373329626868  0.00371011724266  0.00363557054299  0.00361335173298  0.00370036065177  0.00384854235965  0.00406256258783   0.0043125622782  0.00441156977937  0.00410360804472  0.00414914374262  0.00420365453099  0.00422598801839  0.00425465072704  0.00429747315067  0.00432167388255  0.00434914662422  0.00437261090089   0.0044033835738  0.00442729530007  0.00443435834135  0.00445220992126  0.00446974400851  0.00447652052336
0.000185875338788 0.000508819406231  0.00129119671958  0.00208546044505  0.00297348866239   0.0027750747669  0.00268779087673  0.00309907737573  0.00338028632747  0.00364390799371  0.00391395632295  0.00420227355405  0.00402532046608  0.00409452118398  0.00413741929412  0.00418079053622  0.00421894081929  0.00424288010673  0.00426979518704  0.00429802639949  0.00432078876207  0.00435157672853  0.00437222043923   0.0043911429784  0.00440410166803  0.00442846744081  0.00443788459354  0.00444465879665  0.00446244245806
0.000193577278808 0.000436719719505  0.00100195877655  0.00155163227988  0.00214263398039  0.00225529831407   0.0028198135907  0.00324918690504  0.00329187882225  0.00324129616764  0.00323628299484  0.00323387298804  0.00325099016013  0.00331240895325  0.00338840292447  0.00343527136482  0.00347574323455  0.00349799565974  0.00351968627118   0.0035439835326  0.00357496819124  0.00359253201251  0.00361173234905  0.00364047152534  0.00364789922999  0.00366930906735  0.00369854210008  0.00370897101139  0.00371824730593
0.000177257446256 0.000446943642819  0.00120341469513  0.00225531255655  0.00360652446498  0.00365872655976  0.00324811128241  0.00318771412594  0.00327437958689   0.0034014268711  0.00368429529846  0.00365579553401  0.00352787496351  0.00333281241939  0.00323826744958  0.00326290311447  0.00326685781205  0.00329261085051  0.00330411797483  0.00330121108445  0.00329591644743  0.00330294077563  0.00332312248153  0.00331147883465   0.0033359548386  0.00333982578416  0.00333318269715  0.00334995955485  0.00335796036544
0.000193492499428 0.000424844376234  0.00107929882272  0.00171559939355   0.0022324663851  0.00256436997516  0.00303181125369   0.0033116611937  0.00343995647903  0.00395991122509  0.00358756560966  0.00318306066036  0.00287994167504  0.00268485578837  0.00264064026384  0.00267445642615  0.00272635821626  0.00273005614849  0.00275523965939  0.00281110481868   0.0028518346211   0.0028783782411  0.00288443946201  0.00293262564598  0.00294562030444  0.00296212864499  0.00298404642771  0.00298992476262  0.00300625743335
0.000215638851702 0.000375601602287 0.000998715473642  0.00144941605401  0.00209412792171  0.00243140535693   0.0025739026121  0.00262241473703  0.00337933043921  0.00336518443943  0.00323264388298  0.00304306866284  0.00280101961073  0.00248874994081  0.00229736105196  0.00226553114662   0.0022234671574  0.00221227295771  0.00219140362463  0.00215135943783  0.00213680061542  0.00211766459677  0.00212073414145  0.00211192359693  0.00211533566153  0.00211960700003  0.00212801303754   0.0021429151908  0.00213964841683
0.000215210098982 0.000492108690096  0.00122007717947  0.00144119639811  0.00194075183557  0.00263376974023  0.00296489553465  0.00365685913647  0.00377439300812  0.00359609443261  0.00335840607275  0.00309386476015  0.00281814343019  0.00252304827864  0.00232840379474   0.0023052682851  0.00230581651742  0.00230495038439  0.00230737499819  0.00231406224814  0.00231710929504   0.0023342767081  0.00233264397628  0.00233924657513  0.00234986028488  0.00236309302906  0.00237121795751  0.00237734741673  0.00239006130796
0.000192956007431 0.000462712587008  0.00122905754539  0.00153686198024  0.00195809891331  0.00262284901121  0.00311504287944  0.00395149734241  0.00397852821467   0.0038639431214  0.00366573663557  0.00342631015446  0.00316937118454  0.00289558037978  0.00264045786129  0.00255493039754   0.0025982635936  0.00262381322371  0.00265301017124  0.00268685668679  0.00270836642249  0.00272879545926  0.00275516637546  0.00277449165768  0.00279193239189  0.00280588180193  0.00282096821899  0.00283722170083  0.00284984895172
 0.00018707908988 0.000528987529273  0.00130434927925  0.00173544679946  0.00214305296158     0.00265664471  0.00314916838356  0.00355813049378  0.00353378405038  0.00343501116124  0.00329788540064  0.00313662195536  0.00296505299493  0.00282586291585  0.00270363430097  0.00267422137649  0.00269846380211  0.00274346812817  0.00277424188513  0.00278266771044  0.00280563862729  0.00281831678894  0.00283988789809  0.00284789534394  0.00286501794159  0.00288325435522   0.0028931810898  0.00290296529386  0.00291542307341
0.000198962307375 0.000435947108575  0.00122825669698  0.00153408662178  0.00179392540668  0.00215850895619  0.00274311252048  0.00286975114964  0.00285711809241   0.0027989053872  0.00269007178688  0.00258070616244  0.00250139698685  0.00241498345335   0.0023938614826  0.00244242719672  0.00253861326666  0.00257932325234    0.002624481777  0.00268993787924  0.00272933793386  0.00277019697535  0.00279452577818  0.00283583897176   0.0028583336544  0.00287915611405  0.00290739016522  0.00291759653617  0.00292711553425
0.000214304928798 0.000359165060293  0.00118928685933   0.0015960595059  0.00206630752514  0.00248927614403  0.00311744687077  0.00298148465959  0.00276318897244  0.00253702797448  0.00233623767367  0.00218116009835  0.00207802206147  0.00203056620197  0.00201195814893   0.0020065119901  0.00200453096296   0.0020131140635  0.00202075464199  0.00202174291746  0.00202821293224  0.00203204521768  0.00204463262188  0.00205003747176  0.00205619438542  0.00206441439499  0.00207230957871  0.00208782091743  0.00209720054395
0.000360746434002 0.000470291984188 0.000866720141259  0.00101120349681 0.000861372844445 0.000910892956638  0.00100271891086  0.00116320009802   0.0013336291764  0.00144142790148  0.00147435361666  0.00141959579671  0.00126800651691 0.000960745688877 0.000603049990703 0.000557339133973 0.000675068246308 0.000667631714611 0.000699484086963 0.000759545463271 0.000808215649207 0.000827579665056 0.000834689189509 0.000875131737941 0.000895651072423 0.000898394812628 0.000903841465278  0.00093215891777 0.000932168647903
0.000319325808184 0.000380473494672 0.000802852230821  0.00113071466088 0.000926248143726   0.0005238158687  0.00123393919688   0.0017447629738   0.0022615896381  0.00258139167909  0.00263971281725  0.00237214580984  0.00173899920319 0.000762750735276  0.00018313013031 0.000202837980643 0.000261772880547 0.000261113045489 0.000275213829876 0.000315656373271 0.000323084116622 0.000336097405466 0.000339468579089 0.000350868780105 0.000353780942645 0.000356704200836 0.000365179699852 0.000346491721656 0.000359131187824
2.74277765356e-05 0.000333082310268  0.00069281776179 0.000617691914639  0.00060166481923 0.000594882878087  0.00124179954373  0.00172590913829  0.00222641271988  0.00252438074086  0.00253165196755  0.00217338428493  0.00145092555957 0.000527921790651 0.000135828425606 0.000154080327718 0.000199556368542 0.000199390713525 0.000207862540321 0.000248108900399 0.000256312307717  0.00028810117964 0.000274097854918 0.000318007217166 0.000299031067445 0.000299705697442 0.000318246446732 0.000308531815648 0.000311613118515
8.32058799283e-05 0.000390543304292 0.000730676462616 0.000844091345385 0.000615664043738 0.000458681425262  0.00105214025816  0.00147976871741  0.00184622969698  0.00198873495612  0.00183809690199  0.00133853793703 0.000494138014288 6.59176719557e-05 8.43995352936e-05 0.000107018492373 0.000166017503628 0.000175526058007 0.000176323138422 0.000209030536174 0.000220977365668 0.000231200946732 0.000233988479401 0.000256391456702 0.000265778180434 0.000265188861728 0.000280099368826 0.000285330149313 0.000279648945575
0.000138355144315 0.000780580187346  0.00103699713436  0.00116641795292 0.000928856545687 0.000342613477405 0.000731159531484  0.00117422525022  0.00155951009105   0.0017324308539  0.00162228338987  0.00117838781965 0.000449339039204 7.80766312251e-05 9.47548896499e-05 0.000117314251988 0.000143433082915 0.000135464086256 0.000145848395126  0.00016731938431 0.000183201414104  0.00018304382192 0.000191550652267 0.000213463619488 0.000206569285537 0.000220871767003 0.000230124691896 0.000232281673317 0.000222414292712
5.51493660922e-05 0.000512236845443   0.0008208054481  0.00100186482934  0.00082263413622 0.000441715192244 0.000887236814004  0.00135877100712  0.00171569759934  0.00183323626519  0.00159802750121 0.000948099878312 0.000262728082325 3.49376191553e-05 4.23560339427e-05 7.24447810099e-05 0.000107022302683 0.000109168259233 0.000116511488544 0.000141733003147 0.000151163990078 0.000187558741791 0.000174362029321 0.000196473632152 0.000189601869699 0.000195885453661 0.000203738972992 0.000203384433795 0.000203627154916
7.47576576729e-05 0.000397745361976 0.000707934258401 0.000896871205844  0.00070140445963 0.000504649679849  0.00111023490822  0.00147498635719  0.00179213577034  0.00181123004228  0.00142656207099 0.000553803034444 1.72261739414e-06 5.58886923177e-06 1.89612872812e-05 3.82520210001e-05 7.31618441282e-05 7.28814499366e-05 8.49003254273e-05 0.000109278699616 0.000121306523143 0.000135015764078 0.000133875697697 0.000154593183923 0.000161015287984 0.000158706335842 0.000171658665749 0.000172992719706 0.000170956440141
 4.1621303003e-05 0.000458053966642 0.000775852485144  0.00104186972431 0.000913777130552 0.000594771123433  0.00110526534767  0.00153086399386  0.00187089833151  0.00190824761356  0.00150884792649  0.00059859084456 2.38821110487e-05 2.45363870417e-05 2.44484286912e-05 3.80480340544e-05 7.63428314088e-05 7.63041018955e-05 8.37456607353e-05  0.00010744750804   0.0001241922134  0.00012254629806 0.000128698147796 0.000139860165224 0.000134712649552 0.000141408732487 0.000145455894944  0.00014731105572 0.000145278297717
9.81659528302e-05 0.000424353286758   0.0010853875513  0.00185482762489  0.00260076011269   0.0034437287421  0.00311125939877  0.00272799335255  0.00260956125711  0.00218194380641  0.00114178907693 0.000238068572522 2.08725681769e-05 1.79536488434e-05 1.87363782161e-05 3.84213923767e-05 6.91133029115e-05 6.95986470523e-05 7.76340788198e-05 0.000100286493146 0.000112131819182  0.00011553785872 0.000117265978217 0.000126032799577  0.00012434192595 0.000126390459011 0.000129676466398 0.000130375391731 0.000131682231743
9.86532216734e-05 0.000470515150818 0.000785280195131  0.00103292341455 0.000982338449586 0.000840978340305  0.00120322273873  0.00150392373242  0.00153275499725  0.00122794683569 0.000562888964569  0.00013644248311 7.42190284465e-05 5.13810214177e-05 5.42235714413e-05 5.43399647867e-05 6.81321829393e-05 6.86838487847e-05 7.22185788173e-05 8.37076997554e-05 8.86896735134e-05 9.26625099497e-05 9.34611770705e-05  0.00010137090752 0.000104261034315 0.000106793636598 0.000108319837005 0.000111876092301 0.000113108353331
5.17649636293e-05 0.000434182661622 0.000871428983007  0.00134063893525  0.00154580566369  0.00127479934491   0.0009818603102  0.00078339685067 0.000798086548676 0.000737119195135 0.000351732885916 6.59195945778e-05 5.08430829661e-05 5.11680998809e-05 5.43475671373e-05   6.140242589e-05 6.40113041292e-05 6.72170834923e-05  6.8318067007e-05 7.27356252015e-05 7.47499103067e-05 7.86816756975e-05 7.72810250432e-05 8.72291321362e-05 8.78629529354e-05 8.87481749136e-05  9.8288895107e-05 9.91798464691e-05 9.91205630333e-05
2.27895609523e-05 0.000370613882879 0.000707978068787  0.00100186221862 0.000919370576859 0.000484587377047 0.000919197310464  0.00134809244667  0.00154785414179  0.00140475584409 0.000617859009564  8.5101476032e-05 4.08594102068e-05 1.36561354764e-05 1.91336545689e-05 3.13846368621e-05 5.14668851333e-05 4.95522225228e-05 5.16950641015e-05 5.97924091445e-05 6.64075460615e-05 6.91898254421e-05 6.98361468079e-05 8.09020819835e-05 8.05605464696e-05  7.9417457742e-05 8.15040721363e-05 8.26280889837e-05 8.24219433778e-05
 2.0237661081e-05 0.000407737214447 0.000848565304615  0.00135355757379  0.00152156111513  0.00113841808562   0.0013544000072   0.0020480572234  0.00201625304863  0.00163475506711 0.000636932455945 7.41892386984e-05 3.58717775259e-05 1.72168537054e-05 1.45959371242e-05 2.26805857383e-05   3.734263112e-05 3.78855627983e-05  4.2071169135e-05 5.07928741015e-05 5.71004408635e-05 6.27079389609e-05 6.32073253364e-05 6.87086725666e-05 6.75083470433e-05 6.90526948366e-05 7.09773764289e-05 7.22989860575e-05 7.26885317684e-05
3.36647016572e-05 0.000358913396676 0.000728096767314  0.00114167164665   0.0014494204129  0.00153176762143  0.00181631193605  0.00226259909323  0.00166239765941 0.000745321819957  0.00012010814401 3.77744253044e-05 6.18198934916e-06 4.15119093759e-06 1.79532791332e-06 1.18220597651e-05 2.82106217044e-05 2.80000115017e-05 3.13376521717e-05  4.3520901904e-05 4.77514703013e-05 5.05058740619e-05 5.11614676878e-05 5.92745360657e-05 5.84784447517e-05  5.8785328319e-05 6.30285299366e-05 6.04523066913e-05 5.98302757836e-05
1.81879016958e-05 0.000297652153569 0.000661805414267 0.000992877196938  0.00117283284229  0.00122880834603  0.00155392171232  0.00204825332928  0.00155846509691 0.000717484119977 0.000103846344088 3.08598290912e-05 6.43129139167e-06  4.7736151817e-06 7.31366355805e-06 1.42831888663e-05 2.82599923865e-05 2.77382784558e-05 3.01034474195e-05 3.95536889894e-05  4.3018640713e-05 4.66455854626e-05  4.7402729811e-05 5.23708470277e-05 5.07875667309e-05 5.16777512237e-05 5.36148335411e-05 5.71825745998e-05 5.77984541597e-05
7.86160215842e-05 0.000393655371883 0.000695279609005  0.00105948864501   0.0011421521526  0.00106174975283  0.00140887316914  0.00193732629621  0.00152367413839 0.000678201616047 7.62781034416e-05 2.26077321297e-05 3.40328511657e-06 4.30282799551e-06 6.38528339084e-06 1.08516884691e-05 2.07605212031e-05 2.07371971483e-05  2.2788801399e-05 2.93246523381e-05 3.25639709327e-05 3.58617210149e-05 3.70197420334e-05 4.35716578284e-05 4.28261161487e-05 4.52678441781e-05 4.94719718605e-05 4.91432705479e-05 4.90256446413e-05
5.80874353156e-06 0.000325385077491 0.000705476198857  0.00112836382234  0.00116670875175 0.000920957824674  0.00120604803256  0.00179860857474  0.00122548844189 0.000352170387458 2.30898016362e-05 4.30384836892e-06 5.68290905724e-06  6.0510534061e-06 7.63842741831e-06 1.11352264609e-05 1.69325719071e-05 1.65529299894e-05 1.81531924828e-05 2.36406300196e-05 2.75501475945e-05 3.03440076918e-05 2.99015219618e-05 3.44595401644e-05  3.4647301899e-05 3.49141584151e-05 3.64408955717e-05 3.66965502758e-05 3.71612852751e-05
3.98656360132e-05 0.000253730588567 0.000710011355102  0.00108921100061  0.00101314188295 0.000799730933031  0.00118270287777  0.00167665469298  0.00130410640845 0.000271004482768 2.08762007083e-05 6.53495176534e-06 3.27233274362e-06 5.04772062275e-06 5.69023594015e-06 8.60167556318e-06 1.62951949153e-05 1.64588705449e-05 1.79661849174e-05 2.28280342643e-05 2.48252316966e-05 2.64747342057e-05 2.69763537061e-05 3.05323047503e-05 3.03397339235e-05 3.12342130438e-05 3.25872962341e-05  3.3366944203e-05 3.32580565293e-05
3.35982429082e-05 0.000302587644356 0.000713406388559 0.000980572068253 0.000974303360547 0.000853000630816  0.00140390935812  0.00166452156562  0.00129905120566 0.000164107054559 1.94552429238e-05 6.28001078488e-06 1.84818081171e-06  2.4665906147e-06 3.22058417874e-06 5.72483970513e-06  1.1526527528e-05 1.16857411017e-05 1.28784746006e-05 1.64632409724e-05  1.9035917035e-05 2.13055602196e-05 2.13143076148e-05 2.48331550875e-05 2.50867631784e-05 2.56673658633e-05 2.73954677436e-05 2.74622215508e-05 2.75739656546e-05
6.07429765775e-06 0.000301882137794 0.000737053521567  0.00106964982308 0.000993671703075 0.000828119937845  0.00137402736297  0.00163531926569  0.00127245763335 0.000142262958627 2.32407369907e-05  1.0486720693e-05  3.2630968218e-06 3.08884032538e-06  1.2791581284e-06 3.95498887185e-06 1.01566473785e-05 1.02357420726e-05 1.16466088212e-05 1.57677945367e-05  1.7637417514e-05 1.87113555415e-05 1.90606530456e-05 2.10691248407e-05 2.11786131449e-05 2.20697415643e-05 2.31898839347e-05 2.39443067995e-05 2.39552515206e-05
3.56087504199e-05  0.00032095095799 0.000799819431808  0.00123599565614  0.00116098174202 0.000879069522331   0.0013855129597  0.00165047433876  0.00127327516355 0.000154070707279 2.07237730601e-05 7.96637252264e-06 1.89705306446e-06 2.53390798168e-06 1.08696393549e-06 1.65429788341e-06 6.26318708708e-06 6.16915278407e-06 7.15946137749e-06 9.94826342767e-06 1.14458476011e-05 1.30660073832e-05 1.29683000391e-05 1.77231444537e-05 1.75797582023e-05 1.82107797553e-05 1.99510912138e-05 1.97928316087e-05 1.99690683001e-05
6.63950715938e-05 0.000239612005059 0.000737038178011  0.00109140229666  0.00101321807294  0.00103056589424  0.00146406097504  0.00148652061563  0.00120509383264 0.000145176838632 2.65674498532e-05 1.71584069381e-05 8.11122910909e-06 7.18633240305e-06 5.84142119615e-06 2.96199620536e-06 3.14866168997e-06 2.99717147187e-06 3.76751928627e-06  6.8617865449e-06 8.83055687506e-06 1.03763880534e-05 1.06432684783e-05 1.34437546286e-05 1.27170389408e-05 1.34418137915e-05 1.51449247689e-05 1.55454181468e-05 1.55833448437e-05
3.32472218855e-05 0.000359355375251 0.000844449155102  0.00114123582933  0.00104129311683   0.0012492057244   0.0016326082415  0.00149675823356  0.00119334626031  0.00017880292695 2.20048474789e-05  1.7014923411e-05 1.06223540691e-05 1.08804408002e-05 9.27790227015e-06 6.25855760205e-06 1.33944770872e-06 1.78241804975e-06 1.40703580158e-06 4.77767574663e-06 7.47010534636e-06 9.20809778174e-06 8.96174467018e-06  1.0987896405e-05 1.08123302084e-05 1.08499385336e-05 1.07288360609e-05 1.14637200509e-05 1.15644147803e-05
5.69172382605e-05  0.00029722975259 0.000816502096559  0.00109321884597 0.000993102863615  0.00123804543729  0.00162918168306  0.00150387061764  0.00118958197904 0.000290407222552 2.22253866837e-05 1.70680717442e-05 1.11529395125e-05 1.12601904692e-05 1.01837120441e-05 7.42527891988e-06 2.91667125373e-06 2.71892083959e-06 1.76142815254e-06 1.22416464611e-06 2.72740102671e-06  4.3011473297e-06 4.36034050602e-06 6.55585050224e-06  6.5943320704e-06 7.11310016265e-06 8.16213739936e-06 8.11938280205e-06 8.11226934274e-06
3.54379874996e-06 0.000285904714444  0.00080667333878  0.00107228966157 0.000950489605335  0.00118647518217   0.0015851392541  0.00148968961599  0.00117661822675 0.000498077325404 1.47068623082e-05 1.25766767475e-05  8.5943214192e-06 8.95096651534e-06 8.18255965269e-06 6.30634172614e-06   3.367958782e-06 3.27147509369e-06  2.6236624381e-06 6.55651074094e-07 6.28680689273e-07 1.92824711388e-06   2.008563776e-06  4.1323528848e-06 3.83142440048e-06 4.14993995329e-06 5.25400659479e-06 5.48492292053e-06 5.72640980989e-06
1.83285824693e-05 0.000262831192252 0.000788742788034   0.0010512560508 0.000931598933476   0.0011274113805  0.00154303578685  0.00148243836397  0.00116053085123 0.000861466390125 1.91721276116e-05 1.66261659669e-05 1.28376394691e-05 1.24995838282e-05 1.14944149666e-05  1.0039975525e-05 6.30812069243e-06 6.45013752482e-06 5.66440154995e-06 3.04917227736e-06 1.80051414742e-06 5.60925305632e-07 5.41591099217e-07 1.80814401337e-06 1.81794166773e-06 2.29381101352e-06 3.22361404623e-06 3.58523920296e-06 3.55088762106e-06
3.17988139269e-05 0.000276087838716 0.000828984695067  0.00106881115821 0.000916196703084  0.00101814826944  0.00140627548631  0.00142469498465  0.00113412089482 0.000872713444673 1.91713744387e-05 1.62844287436e-05 1.24711970411e-05 1.16530037993e-05 1.14121332113e-05 9.42461413987e-06 5.99174885913e-06 5.64006477574e-06  5.1268873313e-06  3.7923967341e-06   2.972025289e-06 2.39204251493e-06 2.32458114204e-06 1.43678414649e-06 1.43245041378e-06 1.20772969068e-06 8.86086745982e-07  9.3105431436e-07 9.59361707676e-07
 2.2232093941e-05 0.000271470540665 0.000797824196313  0.00107164395348 0.000957378400291 0.000896988401722  0.00119934656099  0.00133503430932  0.00113790711494 0.000915570337514 2.21491795265e-05 1.12960390504e-05 1.16088689322e-05 1.23613332443e-05 1.15199164123e-05  1.1046894546e-05 9.27648395997e-06 9.57207945021e-06 8.91997244825e-06  6.8383992064e-06 5.74218908764e-06 4.77862837538e-06 4.77267700087e-06 3.29045847277e-06 3.23437589924e-06 3.04425289117e-06 2.50769321275e-06 2.28260304246e-06 2.26659348362e-06
1.85873068336e-05 0.000306491231907 0.000817532565869  0.00112117424278  0.00101527472482 0.000818234954557  0.00101015889151  0.00120926353587  0.00109898480618 0.000938887510507 2.47653270605e-05 1.45187809807e-05 1.23684311605e-05 1.16566397373e-05 1.12394498202e-05  1.0037010063e-05 8.08243371029e-06 8.02032750138e-06 7.63311885431e-06 6.79769020843e-06 6.33088945202e-06 5.78750434346e-06 5.72701079367e-06 4.77676937031e-06 4.77267700297e-06 4.59110555753e-06 4.11728009147e-06  3.9962902992e-06 4.05322540963e-06
4.91783603371e-06 0.000177683235907 0.000722154514777 0.000981046320559 0.000785442370886 0.000859417891727   0.0013418830714  0.00143035886579  0.00118672686824  0.00086159350198 3.09768827354e-05 2.47226332184e-05 1.81065706098e-05 1.91349545831e-05 1.78822332347e-05 1.55853568414e-05 1.08033411186e-05  1.0640691459e-05 9.80506590805e-06 8.22545444942e-06 7.27671166483e-06 6.85649368818e-06 6.97603554367e-06 6.08434684204e-06 6.14146617569e-06 5.90133017719e-06 5.60410464792e-06  5.5452344455e-06 5.66512674624e-06
1.94068883864e-05 0.000223176398186  0.00074701286578 0.000935062885005 0.000754876473717  0.00096576813134  0.00152776323444  0.00159558180085  0.00129424002164 0.000897143217849 8.44713663577e-05 2.06587962409e-05 1.49989889299e-05 1.45781745913e-05 1.43923770286e-05 1.32866510673e-05 1.13798921097e-05 1.15942618973e-05 1.11848079468e-05 9.15280701155e-06 8.43484699872e-06 7.87142467623e-06 7.81122223608e-06 7.27214833886e-06 7.27396485996e-06 7.27361380376e-06 6.91824823645e-06 6.85921345906e-06 6.85558686678e-06
 1.8923774525e-05 0.000249600004344 0.000700744752533 0.000890633963903 0.000811419955212 0.000953806206719  0.00151131620104  0.00162002829217   0.0013005476311 0.000899828694963 0.000160832413625 1.67403266583e-05 1.92979301401e-05 1.91896167325e-05 1.75327469321e-05  1.5824332113e-05 1.23110367496e-05  1.2228987916e-05 1.13703182509e-05 9.12652023585e-06 9.15237033999e-06 8.96580715543e-06 9.12652026274e-06 8.52722773535e-06  8.6445230914e-06 8.46574822514e-06 8.16931615453e-06 8.10973708592e-06 8.10624538437e-06
1.55491039721e-05 0.000221115945203 0.000750077314203 0.000968260321428 0.000820858107465 0.000867992918462  0.00143965340349  0.00161764808971  0.00129425944709 0.000897280701103 0.000283212759638 1.52006571196e-05 1.38207416635e-05 1.49089274035e-05 1.45859213633e-05 1.42941825582e-05 1.40492335995e-05 1.42179253065e-05 1.43625241492e-05    1.42550539e-05  1.2985402287e-05 1.21256362219e-05 1.21079981006e-05 1.10304933562e-05 1.10285607012e-05 1.08500510874e-05 1.03150913769e-05 1.03134229626e-05 1.01934834636e-05
2.47384580869e-05 0.000235496907616 0.000749919339044 0.000958743110831 0.000766789313872 0.000877215178852   0.0014767483563   0.0016052012296  0.00128113748749 0.000887112721124 0.000493840135348 2.01660594423e-05  2.2163095277e-05 1.99230716027e-05 1.94145614726e-05 1.82735042676e-05 1.68867685652e-05 1.67261996534e-05 1.63420361916e-05 1.55132753342e-05 1.51427253923e-05 1.45043420609e-05 1.43722684569e-05 1.28186021182e-05 1.26385742727e-05 1.25180485933e-05 1.19222699827e-05 1.17445352633e-05 1.18017290718e-05
4.30670075857e-05 0.000193741738867 0.000710170872094 0.000907057860695 0.000747813790185 0.000939234426931  0.00147854044778  0.00158146216606  0.00128933756302 0.000885614657507 0.000581493741297 2.27294595387e-05 2.48422601185e-05   2.538298927e-05 2.50033031183e-05 2.40827571945e-05 2.17235250104e-05 2.15465479718e-05 2.09911033405e-05  1.9044127029e-05 1.80920471115e-05 1.71331993535e-05 1.71771095609e-05 1.56252371183e-05 1.56215987723e-05 1.53203649383e-05 1.45446325481e-05 1.44268176083e-05 1.44254323429e-05
2.22184022282e-05 0.000235190599982 0.000717374044546 0.000875737148693 0.000757847862837  0.00107370575078  0.00151814055198  0.00155270708182  0.00131361997586 0.000891887226472  0.00058046787833 1.91205869029e-05 2.72114566191e-05 2.69624245748e-05  2.5960847264e-05 2.41473134885e-05 2.05846723253e-05 2.04435509554e-05 2.02202606676e-05 1.86134113453e-05 1.82799049561e-05 1.78497314673e-05 1.78956928238e-05 1.71135992547e-05 1.71715760137e-05 1.69301915295e-05  1.6630503685e-05 1.65718063991e-05  1.6690531167e-05
 1.9795991688e-05 0.000196834314006  0.00066167977612 0.000823675319529 0.000735714975189  0.00106414026585  0.00150544873587  0.00155957636481  0.00132172054985 0.000891373257097 0.000580821762394 1.12168952479e-05 2.66704846276e-05 2.76505441789e-05  2.6648110501e-05 2.45189816518e-05 2.07972196082e-05 2.15423016025e-05 2.10854957268e-05 1.88228268489e-05 1.82993600461e-05 1.77328138127e-05 1.74060935202e-05 1.68238267329e-05 1.66570189434e-05 1.66932382346e-05 1.70474559284e-05 1.71074675913e-05  1.6929398036e-05
2.78842748039e-06 0.000176524233621 0.000711517451872 0.000900364438576 0.000761065991659  0.00104137605193  0.00148556071309  0.00157142010803  0.00133417861282 0.000893701587573 0.000582646267175 9.14629979084e-06 2.85989169009e-05 2.92011913588e-05  2.8331674435e-05 2.71925487961e-05 2.39841503058e-05 2.43317522634e-05 2.38474636505e-05 2.18299366332e-05 2.02391617254e-05 1.97611702844e-05 1.98848779841e-05 1.90937376597e-05 1.89673052169e-05 1.87812393702e-05 1.81268935796e-05 1.80608220896e-05 1.81810776926e-05
6.71180377789e-05 0.000352902505717 0.000739429395412 0.000906391126861 0.000844721378288  0.00105733250443  0.00146150678428  0.00159746034535  0.00137412727875 0.000910242068054 0.000595047292961 4.30876308298e-05 2.48556546014e-05 2.44240092455e-05 2.49697916117e-05 2.52581860777e-05  2.4975306467e-05 2.48451463897e-05 2.49706470775e-05 2.33599691435e-05  2.2908668348e-05 2.21655761866e-05 2.24595648081e-05 2.10140188307e-05  2.0766429531e-05 2.07437865561e-05 2.00874340601e-05 1.99085090241e-05 1.99086261331e-05
1.76815381544e-05 0.000199977509549 0.000670197078518 0.000828385431085 0.000758361358837 0.000962157684716   0.0013993610074  0.00159441027492  0.00137590923654 0.000901763139099 0.000591624905919 8.32833610908e-05 2.69979470138e-05 2.91969755806e-05 2.81110114363e-05 2.52568143541e-05 2.26314638847e-05  2.3639671031e-05 2.31376599631e-05 2.28883581449e-05 2.25770639683e-05  2.2272331504e-05  2.2411762547e-05 2.22461161685e-05 2.24809537752e-05 2.21771384345e-05 2.18771427358e-05 2.18160328182e-05  2.1875899373e-05
2.20307257095e-05 0.000303598499051 0.000783111440046 0.000983207650447 0.000840117195589 0.000943029053482  0.00134008936321  0.00160736446305  0.00140194954161 0.000905687968698 0.000600424470841 0.000161068722595 2.37225620162e-05 2.60340895526e-05 2.63405206079e-05 2.77516427744e-05 2.86769516468e-05 2.65955787065e-05 2.70341067535e-05 2.68227688917e-05 2.60475025243e-05 2.55727587819e-05 2.54012354759e-05 2.38586158223e-05 2.37836770461e-05 2.36092005961e-05 2.30697696689e-05 2.29490267418e-05 2.30085557997e-05
 1.0473469426e-05 0.000211570252134 0.000687763992108 0.000902078492022 0.000853083004808 0.000929898679991  0.00128451812869   0.0016367366336  0.00144190997337 0.000906387890183 0.000604115307221  0.00028216121763 2.47680393164e-05 2.77836126305e-05 2.77288547928e-05 2.54946249996e-05 2.33820784984e-05 2.43181687253e-05 2.39267177184e-05 2.46981115754e-05 2.45350096196e-05 2.44265668351e-05 2.45216480405e-05 2.46360542405e-05 2.49760220374e-05 2.49208411528e-05 2.46168084911e-05 2.39635876602e-05 2.36634240076e-05
7.91238734777e-06 0.000231874015795 0.000710956395812 0.000935916825108 0.000922457239066  0.00110799859035   0.0014179115758  0.00147995371789  0.00125946006256 0.000869306285756 0.000584650827814 0.000393314063099 2.89368857288e-05 3.36193948008e-05 3.51560479853e-05  3.5120103996e-05 3.25423679954e-05 3.16621573606e-05 3.05780683468e-05 2.78280171711e-05 2.64329337149e-05  2.5463115393e-05 2.57070253262e-05 2.39652600959e-05 2.34286110201e-05 2.33487882405e-05 2.25441912844e-05 2.31269142104e-05 2.29302291127e-05
9.86432229089e-06 0.000249195021975 0.000732265740712 0.000914210526573 0.000909645908708  0.00115982107049  0.00144568064685   0.0014170931099  0.00121768804207 0.000884674002405 0.000607405024649 0.000391735543353 3.76852023159e-05 4.40066115533e-05 4.09698392395e-05 3.66001513279e-05 3.10512310419e-05 3.23194074925e-05 3.17793836584e-05  2.7853805869e-05 2.68557125448e-05 2.55357038889e-05 2.55122197139e-05 2.39827233995e-05 2.41896475409e-05 2.41232127513e-05 2.34350548339e-05 2.38973746036e-05 2.37558721666e-05
 2.6839132369e-05 0.000254416385867 0.000741130845827 0.000925133998742 0.000904136595319  0.00112324549122  0.00141041898616  0.00140273368298  0.00121912192176 0.000904178227192 0.000626583810644 0.000404099327684 2.20016345146e-05 3.36817547144e-05 3.28140747875e-05 3.52472295189e-05 3.48236476871e-05 3.33678467908e-05 3.30215274834e-05 3.19318671332e-05 3.07876922211e-05 2.95123807882e-05 2.93420323489e-05 2.62738362625e-05 2.64458334637e-05 2.55813143184e-05 2.42185313988e-05 2.41481259537e-05 2.46048811089e-05
2.79868995833e-05 0.000278974476611 0.000735699263086 0.000917535349014 0.000868410131214   0.0010954060976  0.00140540670381  0.00138536393192   0.0012045706179 0.000912175978502 0.000647884769789 0.000416695266288 1.62610947111e-05 3.08667703913e-05 3.05449858234e-05 2.96572272795e-05 2.65120520822e-05 2.69466077676e-05 2.74253427176e-05 2.83514434915e-05 2.85324553086e-05 2.87093097308e-05 2.86192308503e-05 2.85331985413e-05 2.86302304105e-05 2.87236415807e-05 2.88147002447e-05 2.90502331844e-05 2.90789164349e-05
9.23747057106e-06 0.000159982668681 0.000703042710748  0.00092477301479 0.000904617151657  0.00109751132598  0.00134066245298  0.00135482808616  0.00120707294571 0.000913237559117 0.000626526761515 0.000397690552902 2.24460968403e-05 3.61509822868e-05 3.62195579567e-05 3.12180228208e-05 3.00258787466e-05 2.93619130041e-05 2.90097856952e-05 2.84006123422e-05 2.79353813437e-05 2.80742661756e-05 2.80937160487e-05  2.7597694768e-05 2.73060190744e-05 2.73493105046e-05 2.58601914169e-05 2.58644713578e-05 2.67809355092e-05
2.84774620453e-05 0.000370083971168 0.000697551336442 0.000844043113642 0.000880913716787  0.00105182091742  0.00131039815355  0.00144932151029  0.00135767709888  0.00102890175497 0.000670403189444 0.000424397311455 4.92881071798e-05 2.78070703564e-05  2.8943186123e-05 3.21695116042e-05  2.7335187765e-05 2.70110331686e-05 2.85973269785e-05 2.83892109415e-05 2.84436157415e-05 2.78619081008e-05 2.76714884219e-05 2.74602324486e-05 2.78122299825e-05 2.80406478437e-05 2.69281093393e-05 2.76092782456e-05 2.87257287084e-05
2.67158253923e-05 0.000220698659296  0.00072284596837 0.000919301063676 0.000719475232117  0.00088034423317  0.00125422503664   0.0014168656793  0.00132997521429  0.00102824001756 0.000671122383937 0.000421458532381 8.86674650358e-05   3.093130389e-05 3.25030844461e-05 3.38911413483e-05 3.76134650975e-05  3.7567275554e-05 3.46323013068e-05 3.18643134059e-05 3.10198979017e-05  3.0062792625e-05 2.97367596547e-05 2.89433528222e-05 2.91240555659e-05 2.90930051311e-05  3.0050968989e-05 3.02996014078e-05 3.10942677368e-05
6.85224995739e-06 0.000228637686216  0.00065302987207 0.000795148656179 0.000794226940936 0.000955036216178  0.00124436265496  0.00141323654359  0.00134371377252  0.00104293017075 0.000684645003925 0.000422117847683 0.000156293490778 3.28572265988e-05 3.41750598288e-05 3.51451495913e-05 3.53520637234e-05  3.4396598361e-05 3.44275766604e-05 3.31716881729e-05 3.22661033002e-05 3.26702819032e-05 3.26986892664e-05  3.1251255812e-05 3.09632217675e-05 3.05880771186e-05 2.97714050655e-05 2.96165517609e-05 3.04380355567e-05
6.86297679599e-06 0.000180782606854 0.000659282618248 0.000846793071938 0.000768287748541  0.00087312138228  0.00116073273128  0.00136892566744   0.0013265158924  0.00104574341775 0.000695393487153 0.000423634131993  0.00028342863989 3.26149947609e-05 3.50394856881e-05 3.41358754275e-05 3.00651005158e-05 2.91879726874e-05  2.9181254976e-05  2.8291419063e-05 2.72604963285e-05 2.77561237697e-05 2.76041105128e-05 2.77530876883e-05  2.8287698932e-05 2.77135479855e-05 2.87214035495e-05 2.84820406805e-05 3.03299254009e-05
 1.9302513465e-05 0.000174448723702 0.000618777000784 0.000782828131421 0.000746168357085   0.0008578797687  0.00114056806612  0.00135906909276  0.00133147271327  0.00106710080963 0.000710343877051 0.000436193940144  0.00029168414986 2.52377729803e-05  2.9879117859e-05 3.11506340638e-05  3.1896248452e-05 3.22198685411e-05 3.17029182816e-05 3.17578842286e-05 3.16411306304e-05 3.22431930188e-05 3.26720217835e-05 3.17024191713e-05 3.18217916975e-05 3.19075896198e-05 3.23458322196e-05 3.26106354942e-05 3.42596103037e-05
1.98504758906e-05 0.000199605031999 0.000648700753781 0.000822115059341 0.000777106248776 0.000848693999053  0.00109548701835  0.00132452413289  0.00131836812489  0.00107570576626 0.000730053375945 0.000442578593378 0.000291895033652  2.3016186275e-05 3.14747383692e-05 3.23829524412e-05  3.2053219667e-05 3.16137769325e-05 3.24873180626e-05 3.34119286977e-05 3.33201292101e-05  3.2992557281e-05 3.31183595633e-05 3.21801607529e-05 3.21745884868e-05 3.14947842296e-05 3.06745678415e-05  2.9515830257e-05 3.01326092505e-05
3.45208628889e-06 0.000174653577759  0.00061062230083 0.000746248013942 0.000654771276363 0.000679848525326 0.000945881485826  0.00127629399518  0.00133036829008  0.00111722948049    0.000715457998 0.000485880155969 0.000289281668991 3.95402314097e-05 3.80371967995e-05  3.3535093459e-05 3.20937072594e-05 3.15545600616e-05 3.06620288908e-05 2.90291634781e-05 2.81084406362e-05 2.87199925688e-05  2.9093966761e-05 2.78929995898e-05 2.84424721259e-05 2.78072277429e-05 2.74575639294e-05 2.70768491193e-05 2.85846532542e-05
1.95894374786e-06 0.000165210414152 0.000564617549412 0.000636640713953 0.000542041733865 0.000652343075933  0.00100542443465  0.00137874868305  0.00142829943636  0.00120598598527 0.000683022768595 0.000509789616851 0.000307334706837 5.83224135354e-05 3.61917541571e-05 3.26479215537e-05 3.18799527053e-05 3.16277225083e-05 3.15306743398e-05  3.1520759987e-05 3.18575673173e-05 3.17947623127e-05 3.26782192978e-05 3.09963781522e-05 3.16519885894e-05 3.06028822787e-05 2.94048657934e-05 2.89069046654e-05 3.06055522534e-05
 1.5941974038e-05 0.000155225993182  0.00055126285539 0.000628158990324 0.000553301154895 0.000690919138194  0.00106512744385  0.00143877396038  0.00149009664502  0.00125148654522   0.0006668915118 0.000500125176335 0.000282864021271 3.36640441346e-05 5.24141518738e-05 4.71315389895e-05 3.74432584252e-05 4.04360175624e-05  3.8776462419e-05 3.58729502811e-05  3.4823567204e-05 3.33733319781e-05 3.33948952191e-05 3.18948381941e-05 3.12076602284e-05 3.09873686649e-05 3.13702393824e-05 3.12009998189e-05 3.26558157104e-05
 1.3190725629e-05 0.000175947291835 0.000588789839702 0.000680239883455 0.000622029749963 0.000787331813116  0.00118625493176  0.00155452013229  0.00160673341492  0.00135191518503 0.000715784262299  0.00050606760763 0.000302478016666 5.01520778292e-05 4.92870198042e-05 5.01121299262e-05 4.86575899042e-05 4.67300333012e-05 4.61732574273e-05 4.06535349206e-05 3.83507052943e-05 3.56645027702e-05 3.46046448559e-05 3.33483892554e-05 3.29454429646e-05 3.29254332624e-05 3.29607218469e-05 3.15324098372e-05  3.2735409349e-05
1.20550343034e-05 0.000198266360333  0.00059987204237 0.000727614328012 0.000728614775804 0.000879781856835  0.00123328119845  0.00155616044546  0.00158473665916  0.00129919216244 0.000702506916114 0.000549561385991 0.000312700858022 9.39244484744e-05 3.02163970817e-05 3.81032654611e-05 4.15908386888e-05 4.06480010546e-05 4.07969484369e-05 4.08616593538e-05 4.01445577054e-05 4.04575746221e-05 4.07268362994e-05  3.8549165755e-05 3.98573389384e-05 3.86345501456e-05 3.80050106821e-05 3.75113226346e-05  3.7957501842e-05
6.87376279612e-06 0.000171996097673 0.000604005325213 0.000769964645868 0.000775737489857 0.000913615639045  0.00126706772467    0.001574127955  0.00158280702591  0.00126334971318 0.000694388522312 0.000552810568359 0.000328461456055 0.000171068017613 2.78043032163e-05 2.99309674281e-05 3.09439849139e-05 3.08813398243e-05 3.24268909362e-05 3.58333599406e-05  3.7381617122e-05 3.91949375106e-05  3.9018388235e-05 4.13360494356e-05 4.12247134977e-05 4.01584745956e-05 4.01708885175e-05 3.94309644124e-05 3.92910364299e-05
5.16989579625e-06 0.000218668935067 0.000647008588926 0.000814530837993 0.000841490932339  0.00096220496475  0.00129938863481  0.00156657061257  0.00153331146107  0.00119450347521 0.000706905895036 0.000588707159934 0.000334909003931 0.000231201747948  1.7938683249e-05 2.30025167263e-05 2.80854455731e-05 2.52581488978e-05 2.64021563657e-05 2.97423728529e-05 3.24529225168e-05 3.36111041535e-05 3.28808632247e-05 3.50100173834e-05 3.48197796532e-05 3.59786986379e-05 3.67133435348e-05 3.62685937303e-05 3.79306914169e-05
7.90304664199e-06 0.000190137260883 0.000633003872686 0.000820150107719 0.000841672247188 0.000963268914792  0.00118054976009  0.00138681831314  0.00144343812289  0.00125412985564 0.000795391071983  0.00050967584684  0.00036865118824 0.000193111488285 4.09988093279e-05 3.94986931498e-05 3.60616644488e-05 3.72384463095e-05 3.54547972961e-05 3.19767235567e-05 3.11263675152e-05 3.07461764395e-05 2.87242599699e-05 2.98700791588e-05 3.00725516954e-05 3.03481345153e-05 3.34642394114e-05 3.36441458615e-05  3.4568616093e-05
1.10286457422e-05 0.000230383310681 0.000613622863656 0.000742450021899 0.000736826274438 0.000841903431963  0.00109087281291  0.00135684956349  0.00145955283218  0.00129936175551 0.000855003529854 0.000568574342403 0.000424145282641 0.000209163509133 3.28633496773e-05  4.2128643789e-05 3.90316004288e-05 3.93536444594e-05 3.83297814522e-05 3.70892963106e-05 3.58120753134e-05 3.36728920914e-05 3.52339618178e-05  3.1088093701e-05 3.04802769512e-05 3.10096887872e-05 3.12799793624e-05  3.1771879066e-05 3.29363531398e-05
1.23449761156e-05 0.000211084405805 0.000585815672607  0.00071268219615 0.000710119721312  0.00081002678562   0.0010521007668  0.00133643855067  0.00145833525108  0.00131159615391 0.000871798475706 0.000535451058227 0.000417195227034 0.000216809265405 4.05153505278e-05 4.90297332098e-05 4.27032948842e-05 4.21119500675e-05 4.11594127314e-05 3.75830891039e-05 3.51217677394e-05 3.40276881048e-05 3.43960117798e-05 3.46447895717e-05 3.60681121408e-05  3.6969564696e-05 3.64946474059e-05 3.59543528664e-05 3.53248047376e-05
1.35328198985e-05  0.00019755276497 0.000611102573485 0.000768414870744 0.000745427329857 0.000831442642914   0.0010478499563  0.00131450774005  0.00143823236341  0.00129392683693 0.000849678961622 0.000558894377187 0.000455872807953 0.000216935429942 7.41985707492e-06 3.75262314601e-05 3.76201013017e-05 3.67231477112e-05 3.66980551689e-05 3.66826999756e-05 3.64737686306e-05 3.54982596316e-05 3.59361915673e-05 3.50699896933e-05 3.28100695782e-05 3.48596606908e-05 3.54920510656e-05 3.42266795211e-05 3.38973873438e-05
2.29218175726e-05 0.000228474171634 0.000582073535454 0.000720083839644 0.000762228271977 0.000856404129673  0.00105668130891  0.00131640808764  0.00145269178289  0.00132196156393 0.000883748572836 0.000545427922565 0.000451092492632 0.000232335282057 2.10123362787e-05 3.20066862342e-05 3.06536794435e-05 2.94249706647e-05 2.97666530561e-05 2.92999835042e-05 2.97050259169e-05 3.01249186354e-05 3.29814775907e-05 3.38410586838e-05 3.08122145244e-05 3.12802065146e-05 3.18325077232e-05 3.30123413708e-05 3.31853142069e-05
5.16183329257e-06 0.000228982955877 0.000592923310146 0.000745689149345 0.000808878871883  0.00091739774348  0.00110412058701  0.00134403146418  0.00147528740343  0.00134320343115 0.000891237961575  0.00053263029203 0.000440996324324 0.000233080057523 5.45068277091e-05 2.48814983911e-05 2.82161742281e-05 2.99348638534e-05 2.97034959323e-05 3.39634415241e-05 3.71810957304e-05 3.73104126349e-05 3.52446956265e-05 3.50042485615e-05 3.47633711303e-05 3.48863903254e-05 3.46335428596e-05 3.46558885058e-05 3.49537189559e-05
3.04860983591e-05 0.000227325303627 0.000596770146001 0.000781944187284 0.000864501749112 0.000982536735276  0.00115745340333   0.0013862367522   0.0015273198588  0.00141125968735 0.000966068965396 0.000539135262625 0.000457108427761 0.000261577307348 0.000114686701354 2.33780745185e-05 2.49014163821e-05 2.53355218729e-05 2.89023612601e-05  3.2006757834e-05 3.23474512042e-05 3.31927368605e-05 3.34448454341e-05 3.58250722278e-05 3.45837428563e-05 3.48654693466e-05 3.41546869403e-05 3.41914084274e-05 3.38986482902e-05
2.13008701636e-05 0.000242393845649 0.000607403456136 0.000809228370177 0.000914627787845  0.00104307688609  0.00119190851665  0.00137054380014  0.00149402185843  0.00137711358211 0.000932133617187 0.000538238934131 0.000462322703665 0.000258886442337 0.000182769918394 1.60312260697e-05 2.38184887586e-05 2.25732731107e-05 2.22253480997e-05 2.42310435463e-05  2.6669285115e-05 3.08938157738e-05 3.07876921855e-05 3.67165095316e-05 3.99924763971e-05 3.63230559699e-05 3.62155486861e-05 3.55062153561e-05 3.53584680058e-05
2.17372267416e-05 0.000239548588094 0.000600090404478 0.000806110378274  0.00091340443889  0.00100726344053  0.00106097874591   0.0011746911667  0.00132312847522  0.00126572407858 0.000896800774761 0.000573006894476 0.000463636577927 0.000279077814192 0.000204220442111 1.00701934273e-05 9.44931119538e-06 9.02339238765e-06 1.12263447599e-05 1.94018559125e-05 2.38137930822e-05 2.43157179861e-05 2.35502893072e-05 2.62613466654e-05  2.6665805931e-05 2.68738465767e-05 2.82981525494e-05 2.92295155437e-05 2.91392692909e-05
2.20208841292e-05 0.000243769725105  0.00057295059394  0.00077724643457 0.000880199145324   0.0009726342767  0.00102056036244  0.00113856365106  0.00130244898376  0.00126125604622 0.000904543973212 0.000567602148197 0.000462997952615 0.000281391810305 0.000199743536616 1.11921952502e-05 7.44035704843e-06 6.81316536203e-06 9.23931574882e-06 1.41431030215e-05 1.63615816475e-05 1.87092190081e-05 1.84299413591e-05 2.21551805238e-05 2.28683115872e-05 2.36695412208e-05 2.44685052632e-05 2.43972057417e-05 2.39822049201e-05
1.24649269758e-05 0.000246155961882 0.000626941629663 0.000860655720417 0.000989553588438  0.00109999527918  0.00113528421356  0.00118494608015  0.00129247626526  0.00122172800674 0.000837392918099 0.000526306586891 0.000470232624597 0.000263159143362 0.000186655574145 4.68217148512e-06 9.78684264479e-06 1.02030163654e-05  1.0883658964e-05 1.35328692299e-05 1.48505878751e-05  1.6698690499e-05  1.6104846484e-05 1.85397274573e-05 1.84611435447e-05 1.88939202612e-05 1.94659361662e-05 1.98811871151e-05 1.98962589845e-05
1.06273079439e-05 0.000253993575334 0.000618683443701 0.000878961289989  0.00105772109463  0.00121943640651  0.00126694787494  0.00125739640357  0.00130963100479  0.00121460514092 0.000814276590771 0.000511427302154 0.000447981680693 0.000269753922512 0.000191863909818 1.73762322101e-05  7.5648779076e-06 7.21221297437e-06 7.96162804507e-06 1.08679795659e-05 1.30236460105e-05 1.42949591834e-05 1.39506703839e-05 1.66984050117e-05 1.71118280952e-05 1.73212330838e-05 1.78362915792e-05  1.7992632287e-05 1.81944581617e-05
1.47238816957e-05 0.000225792922666 0.000608049333621 0.000880376452031  0.00107846974073  0.00125182474664  0.00125864219271  0.00117370740607   0.0012321136452  0.00119738411985 0.000890343745125  0.00054590547371 0.000440916528929 0.000252581526459 0.000146970960298 9.29294901281e-06 1.67109142862e-05 1.63275001408e-05 1.58814014816e-05 1.19130333021e-05 1.12929630021e-05 1.26700265655e-05 1.25868864204e-05 1.29593505955e-05 1.35575674521e-05 1.38709322008e-05 1.42131224836e-05  1.4376037647e-05 1.44976888525e-05
1.33916903943e-05 0.000249718663862 0.000572138165306 0.000779277497017 0.000882727229151  0.00096527924785 0.000878666511604 0.000844382494035  0.00109062422127  0.00121429973427  0.00100322158939 0.000681408829833 0.000463687074027 0.000310169630705 0.000130217644915 1.53561056118e-05 3.78223496693e-05 3.89434382691e-05 3.62094037602e-05 2.92622710233e-05 2.68516605298e-05 2.24266824809e-05 2.19421405598e-05 1.81385818617e-05 1.84274051557e-05 1.79644050962e-05 1.67548698813e-05  1.6946970802e-05 1.65903401641e-05
 6.8256710368e-06 0.000204923392265 0.000517100678871 0.000720771652618 0.000831374507255 0.000913863094813 0.000823149797839 0.000792400453131  0.00106039807786  0.00120308241111  0.00102363852821 0.000703767587315 0.000481683876329 0.000324679182063 0.000143807072357 4.20258387703e-05 4.34499721163e-05 4.23108122914e-05 4.19590847519e-05 3.60034906509e-05 3.34666520684e-05 3.02944812348e-05 3.01960071133e-05 2.57658441812e-05 2.60864989698e-05 2.48953410527e-05 2.15774782639e-05 2.12133979534e-05 2.09282392658e-05
9.97006284393e-06 0.000207862971817 0.000518019887068 0.000684585995401 0.000716014007569 0.000747492066099   0.0006018964025 0.000615522821955  0.00105201205733   0.0012941405911  0.00117516670992 0.000885225592387 0.000520524094818 0.000374664158631 0.000147297839806 9.90028160027e-05 3.82487476643e-05 4.42933531335e-05 3.99018587745e-05 3.53353380934e-05 3.34122107307e-05 3.16463362415e-05 3.06959288565e-05 2.68642809873e-05 2.77034067529e-05 2.78379216424e-05 2.55125286877e-05 2.62048051762e-05 2.57908108095e-05
 1.1069795448e-05 0.000200759916462 0.000469256686207 0.000509144883154  0.00035433333763 0.000251578799857 0.000254008269665 0.000564914347299  0.00107008299103  0.00132496144231  0.00115723086116 0.000744935784597 0.000598081974264 0.000473265039131 0.000173106803328 0.000115793905699 3.23075545504e-05 3.41492054483e-05 3.32203575266e-05 3.19496129518e-05 3.37948680022e-05 3.30055290991e-05 3.28031690253e-05 3.20012592366e-05 3.32775225671e-05 3.24576161243e-05 2.92998247663e-05 2.92136077554e-05 2.89644384744e-05
1.31561778306e-05 0.000192282287347 0.000455289429439 0.000449883810256 0.000333761232872 0.000360119567177 0.000492814008432  0.00073582719302  0.00112339782391  0.00138487434441  0.00121900074144 0.000694428281202 0.000719089465739 0.000610585410477 0.000196365239508 0.000127030406886 2.38381261475e-05 2.85470104256e-05 2.99795832533e-05  3.1121530288e-05 2.95340289721e-05 3.13049938371e-05  3.0995278187e-05 3.20102226669e-05 3.24696849159e-05 3.44769239044e-05 3.38077399284e-05 3.36805933073e-05 3.39479194851e-05
1.83912869869e-05 0.000155387549753 0.000399146782556 0.000425125355003 0.000343616632837 0.000306852641921 0.000394733852137 0.000670711271248  0.00112722052567  0.00141054004685  0.00121881851093 0.000673527490853 0.000692540390469 0.000595755473937 0.000219792126512 0.000147284024059 1.99369838282e-05 2.39887264954e-05 2.53354585828e-05 2.91509821249e-05 3.07610772585e-05 2.99890466589e-05 2.92406534108e-05 2.90976336054e-05 2.96825894205e-05 3.08409545827e-05 3.00658023003e-05 2.96889211357e-05 3.00627446407e-05
1.43410570816e-05  0.00025054406863  0.00050189051292 0.000524740807588 0.000378781718862 0.000287494856207 0.000384864211493  0.00070594566526  0.00115833342211  0.00143243300956  0.00125800030382 0.000739605347287 0.000548713029378 0.000522457281756 0.000285424903483  0.00021076044431 6.49805346451e-05 3.84369379842e-05 2.50215093425e-05 2.57440495785e-05 2.68417520801e-05 2.65826833118e-05  2.6345121868e-05 2.62675308161e-05 2.65156648136e-05 2.78402984848e-05  2.5936963905e-05 2.67166641976e-05 2.65263605972e-05
5.05181565444e-06 0.000182760486702 0.000469065720259 0.000558153842445 0.000427673096509 0.000317869306074 0.000373185380905 0.000694378860266  0.00113447483233  0.00140705592069  0.00126597916703 0.000757683916619 0.000553012433706 0.000556635559303 0.000255300289733 0.000167155692644 1.95474926987e-05 9.55633620243e-06 9.90288782537e-06 1.74405946279e-05 1.95383443637e-05 2.10892833534e-05 2.13601006276e-05 2.39645696839e-05 2.34000425971e-05 2.53972140626e-05 2.49275049323e-05 2.52231590586e-05 2.55014948023e-05
 9.8547136815e-06 0.000158824653086 0.000424121178799 0.000530004951758 0.000494568952145 0.000400348097912 0.000387889007769 0.000647129245356  0.00113956005519  0.00144764037243  0.00131077265211 0.000757194098333 0.000503403427996 0.000540528711928 0.000321632683434 0.000223890751108  4.6355483193e-05 1.90812045626e-05 1.00975459359e-05 1.02223607515e-05 1.29527075554e-05 1.54992952975e-05 1.50664291957e-05 1.88384624756e-05 1.77653840508e-05 2.10936081772e-05 2.30854914169e-05 2.39180301688e-05 2.43711987642e-05
1.48092857314e-05 0.000192526705837 0.000438462958863 0.000561302327075 0.000553730251603 0.000498263928222 0.000508521505644 0.000734659576034  0.00125714411171  0.00160769470573  0.00149282783695 0.000905949737715 0.000496018935736 0.000709226474581 0.000542789806426 0.000276038585887 7.27216312507e-05 4.06336494066e-05 3.06067219534e-05 2.49318920693e-05 2.34289411004e-05 2.22090445485e-05 2.16448218886e-05 2.07747838294e-05 2.23577858176e-05 2.02239501517e-05 2.01469485474e-05 2.02099796874e-05 2.04529931822e-05
1.31379508099e-05 0.000216805797314 0.000548207027195 0.000718314371132 0.000670445016485 0.000642301177246 0.000682594501756  0.00086062109999  0.00136586915005   0.0017307692728   0.0016019004062 0.000968442375717 0.000505819255938 0.000739257728481 0.000567345187673 0.000303379250027 0.000100604911026 4.26170060118e-05 2.60517561147e-05 2.49422212672e-05 2.59691711543e-05 2.57223199382e-05 2.55714032047e-05 2.54343570142e-05 2.51515047787e-05 2.50350905154e-05 2.11575972511e-05 2.16090523659e-05 2.21134236199e-05
1.18718404748e-05 0.000230343306026 0.000528295709138 0.000735335524051 0.000825041265846  0.00086153047787 0.000950136354334  0.00109714095216  0.00153886054819  0.00187770563954  0.00171691869997  0.00102472433171 0.000461104620135 0.000731994170189 0.000561813540916 0.000316183928721 0.000123642624244 3.70861720298e-05  2.8154847222e-05 2.31365736558e-05 2.40484840572e-05 2.42331879132e-05 2.38422710867e-05 2.33242538128e-05  2.3175248542e-05 2.28987555157e-05 2.26862238966e-05 2.17565985731e-05 2.22782875097e-05
1.24685365449e-05   0.0002004872891 0.000519316976604 0.000774653291583  0.00090467291163  0.00100558664025  0.00115362543757  0.00130297248608  0.00170838310531  0.00202851701974  0.00185071043256   0.0011089784266 0.000457080112402 0.000777206677032 0.000650742315342 0.000260254925407 8.55020009281e-05 4.87775298202e-05 4.76214519102e-05 3.89301462547e-05 3.46354505372e-05 3.13599386067e-05 3.06157351002e-05 2.57009089366e-05 2.58323565828e-05 2.50743818736e-05 2.32449899599e-05  2.2207235066e-05 2.29106455757e-05
1.80460398847e-05 0.000138865629436 0.000507072099044 0.000806382536697 0.000931982273802  0.00105144681109  0.00122424175228  0.00140848918161  0.00187012899856  0.00226169898603  0.00217011311033  0.00140939300969 0.000590897121521 0.000816142164525 0.000783025626487 0.000169941880536  4.6116944364e-05 7.30217166897e-05 7.38478904541e-05 5.63133742734e-05 5.32620879063e-05  4.8598100942e-05 4.81868629807e-05 4.03588835025e-05 4.08184883149e-05 3.91073700542e-05  3.5485856897e-05 3.22736482386e-05 3.04165990261e-05
9.83916090076e-06 0.000238866800984 0.000581738214875 0.000873468856997  0.00103815754316  0.00119216710361  0.00142920251458   0.0016848725703  0.00214932680972  0.00250877295204  0.00233864864279   0.0015596102579  0.00061408324788 0.000886992306032 0.000827548249549 0.000161320454179   5.282593643e-05 6.72563304521e-05 7.57555325813e-05 7.13845443251e-05 6.21275801235e-05 5.53582449946e-05 5.54032764576e-05 4.46106244827e-05  4.4810801955e-05 4.36224793724e-05 4.00944810569e-05 4.11965555926e-05 4.23629739523e-05
5.04596817206e-06 0.000199728465399 0.000558497726809 0.000910932497793   0.0011446134792  0.00136016757671  0.00163788110575  0.00186849434012  0.00220221408585  0.00242865888519  0.00216413138074  0.00144667810244 0.000475167115059  0.00102152541757 0.000996239574229 0.000282875971208 0.000117043916792 5.44170043072e-05 6.45440937495e-05 6.24383858221e-05 5.92157776301e-05 5.63770562537e-05 5.58489449171e-05 4.99611930678e-05 4.95986240267e-05 4.99933846595e-05 4.82417032971e-05 4.97148921648e-05 5.14854505442e-05
7.17574846308e-06 0.000187515905625 0.000633818349952  0.00105364233386  0.00127357736464  0.00150576576403  0.00182839293959  0.00208988094231  0.00237586998675  0.00253512820964  0.00222222050509  0.00144511163135 0.000367516576779  0.00106873800764  0.00104340747596 0.000274731866209 0.000135573130986 4.55583247602e-05 6.25011472322e-05 6.45582259914e-05 6.35789173605e-05  6.2007451475e-05 6.09854011493e-05 5.85337331602e-05 6.02539281203e-05 5.95495520256e-05  5.8413253199e-05 5.77962624153e-05 5.86060680607e-05
1.22593441821e-05 0.000200856755302 0.000612851543555  0.00103676929751  0.00137747202098  0.00171652913115  0.00213150017903  0.00244024297038  0.00265444432276  0.00269410362493  0.00227262921869  0.00143911383752 0.000306273644851  0.00104938505827  0.00104510633405 0.000333921975156 0.000192542784965 8.36296586353e-05 3.01410932088e-05 3.30919224529e-05 3.91900764571e-05 4.16277330309e-05 4.24072655166e-05 5.14914873033e-05 5.24402517431e-05 5.47077133023e-05 5.39504540785e-05 5.43232821509e-05 5.61736700695e-05
1.22633493358e-05  0.00016703211539 0.000626368679095  0.00113948565266  0.00153287374917  0.00192587575185  0.00240173796085  0.00277125942437  0.00295292168573  0.00290016819388  0.00240221642973  0.00150858613519 0.000320954853452 0.000958479488931  0.00094486886129 0.000397071233663 0.000260514187797 0.000107651632683 2.76204172796e-05 2.13933885269e-05 2.79763029446e-05 3.50438556438e-05 3.07263800619e-05 4.25781631142e-05 4.45679978699e-05  4.7275398672e-05 5.17028293397e-05 5.19897734187e-05 5.41714761249e-05
 1.2982879647e-05  0.00022006513423 0.000707486138689  0.00125097179517  0.00164899181517  0.00205346702227  0.00254389933681  0.00291617108153  0.00306152919792  0.00296179798508  0.00249078710367  0.00172423260165 0.000768064434949 0.000391492640145 0.000608213862149 0.000370390141828 0.000199178702024 9.60811693645e-05 1.56001226617e-05 1.56825061887e-05 2.21866695014e-05 2.62814891424e-05   2.638190413e-05 3.18817184287e-05 3.01004043825e-05  2.9913827725e-05 3.25376945888e-05 3.32001215331e-05 3.33143611468e-05
1.36966691213e-05 0.000203620836964 0.000765663067293  0.00133501166827  0.00168499204943  0.00204348135701  0.00249525574219  0.00289487257405  0.00312348131372  0.00311480762527  0.00275078157526  0.00211588373067  0.00121099116111 0.000454023504385 0.000387115969028 0.000347865754759 6.87512988142e-05 2.88636862441e-05 7.73643000006e-05 6.37916662145e-05 5.34043263278e-05 4.94908250141e-05 4.90210424196e-05 4.03340509769e-05 3.97622064208e-05 3.91028984718e-05 3.52681525247e-05  3.3487587443e-05 3.45902173216e-05
1.74585007456e-05 0.000210513164484 0.000829487619526  0.00141581573017  0.00175581359014  0.00210907263103  0.00256840614463   0.0029672628456  0.00315964268228  0.00310005412473  0.00273517790493  0.00208274966546  0.00117049724857 0.000470196907719 0.000648989946445 0.000537181513155 9.46520887388e-05 5.12171459586e-05 5.02603411743e-05 5.92922104226e-05 5.87165919288e-05 5.50054574192e-05 5.47151220055e-05 4.86204847527e-05  4.8487858429e-05 4.98339031861e-05 4.69270286524e-05 4.52933436504e-05 4.72725547106e-05
1.05931444731e-05 0.000189853860991  0.00081417252189   0.0012978297137  0.00144922080575  0.00164508671692  0.00200896607736  0.00224208598747  0.00230887348459  0.00229045062878  0.00207520074781  0.00165162220451 0.000969760448699 0.000487514617373  0.00133076450869  0.00113398749045 0.000242032747149 6.62931228672e-05 4.46000794384e-05 4.90594779538e-05 4.81548917315e-05  4.8781855805e-05 4.75028130281e-05 4.91528825019e-05 4.87961152677e-05 4.97863672123e-05 5.11423916333e-05 5.10482117487e-05 5.19590136375e-05
2.08422267454e-05 0.000214540234806 0.000769012937611  0.00118056123521  0.00127191209447  0.00136785893772  0.00161762445603  0.00182288071751  0.00199945331887  0.00211294466677  0.00198711139862  0.00162169432415 0.000949261059696 0.000443148106524  0.00141875064439  0.00120480632743 0.000275264302548 0.000138650657189 5.16057446477e-05 2.37237051557e-05 2.41715751057e-05  3.0059018781e-05 3.03072597222e-05  3.9954509576e-05 4.03856213134e-05 4.30947377103e-05 4.49562303463e-05 4.42272513857e-05 4.57166459676e-05
3.99577811873e-06 0.000187188637734  0.00084685080278  0.00129126920867  0.00133801817762   0.0014152028452  0.00165079633846  0.00186057082763  0.00204242313538  0.00215185466804   0.0020137368225  0.00162952764988 0.000928547358459 0.000325532761507  0.00135629992492  0.00119430862554 0.000337648040619  0.00019288154222 8.64934030932e-05 2.67330415842e-05 1.12560957515e-05 2.38544215866e-06 1.22672814852e-06 1.51734476403e-05 1.52589121809e-05 1.81256500809e-05  2.2971308364e-05 2.41112575957e-05  2.4842626745e-05
1.07795723698e-05 0.000190422997138 0.000858504629062  0.00134221594757   0.0014471653296    0.001569877622  0.00182411672879  0.00205990469232  0.00224422838452   0.0023194827513  0.00213501085099  0.00171833380694 0.000997948015476 0.000160049241194   0.0012285942503  0.00111953875092 0.000416547786343 0.000229099155434 0.000100360974441 4.22080734601e-05 2.97450785505e-05 2.15929719481e-05 2.11708687158e-05  4.4115531971e-06 5.00714562795e-06 1.79433758065e-06 5.98101124091e-06 7.06247445703e-06 7.08444832386e-06
3.75473215347e-05 0.000228043547058 0.000902487233043  0.00133825986797  0.00157820977544  0.00178607289357  0.00209021246244   0.0023817675574  0.00255776691657  0.00255287327683  0.00226153776164  0.00178194896762  0.00104080004004 0.000130890531842  0.00110148089456  0.00103842386986 0.000429837613187 0.000223192667105 0.000112923726728 5.02468914632e-05 4.17696850833e-05 3.39397747619e-05 3.38179640869e-05 2.22328572798e-05  2.2114047003e-05 1.95904429592e-05 1.44515837777e-05 1.35905125749e-05 1.35902593183e-05
1.52599321696e-06 0.000318821801447  0.00100734128606  0.00139442048858  0.00163222877239  0.00188903372038  0.00225699170839  0.00263637304741  0.00282350158459  0.00274790897398  0.00238086386583  0.00184720175761  0.00109474253876 5.02986967241e-05 0.000914644382011 0.000853152536499 0.000452091766323 0.000235879144168 0.000118807925993 4.31226358529e-05 3.75484253073e-05 3.52455197437e-05 3.47041501803e-05  2.9355173114e-05 2.97528701247e-05 2.89227510516e-05 2.65034484941e-05 2.59907393368e-05 2.60473661725e-05
4.19634208852e-06 0.000325230714034 0.000945295334941  0.00133422435341   0.0016269320719  0.00193435782532  0.00234472800899  0.00277155472128  0.00295542320811  0.00282027832531  0.00238539713479  0.00183669803922  0.00112259855955 0.000101382040337 0.000922473750235 0.000963265868751 0.000510392661211 0.000252729585127 0.000141148296745 4.45198384239e-05  4.0794812585e-05 3.86812803541e-05 3.78934109474e-05 3.32598575541e-05 3.31580315208e-05 3.23204265286e-05 2.86623516751e-05  2.8193158461e-05 2.76841118189e-05
1.77356663771e-05 0.000310639641024 0.000915983928128  0.00132203590669  0.00162177101415  0.00191696026349  0.00231839728959  0.00275531515748  0.00297685161488  0.00279550192792  0.00228303890032  0.00174711991887  0.00110699182105 0.000172177048698 0.000557979793253 0.000653588291518 0.000468854194467 0.000215749316396 8.03945567032e-05 2.10570937846e-05 1.28425649659e-05  1.3731812338e-05 1.18596844962e-05 2.19962700184e-05 2.17219542869e-05 2.33111751396e-05 2.43292113474e-05 2.52146361529e-05 2.56531399305e-05
2.77568358875e-05 0.000249960451076 0.000873573601086  0.00123539809866  0.00140713119116  0.00158326991075  0.00185687150764  0.00216743943453  0.00225416236942   0.0018762960882  0.00135296405105   0.0010613394859 0.000792223078929  0.00042299396533 0.000490629906316 0.000763922770327 0.000622808809781  0.00020902836729 3.24723916544e-05 4.86045930596e-05 3.54066253486e-05 2.33798504728e-05 2.31002703935e-05  4.3084573729e-06 4.23234759737e-06 1.48324538695e-06 7.86839173698e-06 8.29361743133e-06 8.22772174248e-06
1.66714023027e-05 0.000268023926614 0.000730655619184 0.000906081200363  0.00088796993692 0.000830858564236  0.00090107818469  0.00107377093754  0.00103762180173 0.000803720364204 0.000769100679601 0.000875443103627 0.000771964065396 0.000503841312389 0.000696724719913  0.00130319287298  0.00099554865204 0.000204093141672 3.37405603957e-05 4.91096299454e-05 4.84843271182e-05 4.05899520447e-05 4.10731028025e-05 2.70631526312e-05 2.81397664284e-05 2.47010014531e-05 1.73768304209e-05 1.55676631893e-05 1.50916397417e-05
1.41494916382e-05 0.000227277568149 0.000695248505111 0.000819465059086  0.00070565526499 0.000574668018196 0.000564428909593 0.000666508028325 0.000608238253746 0.000546156971486 0.000739100258218 0.000904808968984 0.000801668607389 0.000508561320642 0.000652091315315  0.00129610493042  0.00100770928949 0.000232235801718 8.28176590995e-05 3.41112095938e-05 3.35216959084e-05  3.3189090901e-05  3.2333842263e-05 2.95641796097e-05 2.94179538936e-05 2.93185216861e-05 2.65612768532e-05 2.59532373798e-05 2.52827040566e-05
1.71028009028e-06 0.000222167718806 0.000680937732266 0.000836699685172 0.000768747762502 0.000679062962594 0.000698193073593 0.000809425682043 0.000783729051222 0.000659582860988 0.000726165913597 0.000863032989892 0.000769024024964 0.000470132276536 0.000648640595887   0.0013125119509  0.00106312322654 0.000316494923223 0.000150760371599 7.02661205452e-05 2.21630016558e-05  6.4420952729e-06  4.8888435283e-06  1.4786372503e-05 1.51695833001e-05 1.75369632033e-05 2.18863717142e-05 2.24589518009e-05  2.3271950196e-05
 1.5490380057e-06 0.000219010707819  0.00068180318071 0.000861211045577 0.000829204790817 0.000758461926482 0.000773343053624 0.000865379051123 0.000841746614207  0.00067152173261 0.000704688204262 0.000860005314214 0.000792412819289 0.000478394059691 0.000484396162268  0.00104486340234 0.000880614216719 0.000283746430068 0.000151265166608 6.76332086091e-05 1.90161097158e-05  1.2121262009e-05  1.2219913072e-05 1.45028635485e-06 1.67132787767e-06 3.29514275456e-07 4.01568997373e-06 5.60523370185e-06   5.853425708e-06
1.49320116313e-07 0.000217837600613 0.000678163123886 0.000856253096749  0.00082272103252  0.00074062615987 0.000730073642536 0.000795087106545 0.000774590621703 0.000668325051779 0.000817004145497  0.00099668008769  0.00092902387043 0.000541026237606 0.000398937742277  0.00105394235669 0.000910300011662 0.000403044005542 0.000255871519431 0.000114403752784 3.65581042872e-05 2.68487338771e-05 2.63680940954e-05 1.57407698929e-05  1.5914620567e-05 1.44221773789e-05 1.06754005016e-05 9.95505757623e-06 1.00740666771e-05
2.99265439509e-05 0.000215398255456 0.000676433986763 0.000865317179902 0.000847166319086 0.000775441071486  0.00076841436158 0.000830969575085 0.000888589562598 0.000892210227348 0.000960787815908  0.00109156738701 0.000993332832469 0.000559233298225 0.000362898892271  0.00106836922475 0.000980569615977 0.000462081839664 0.000315796951333 0.000157004687339  4.3760397404e-05 3.17723147633e-05 3.20933637866e-05 2.53468819746e-05 2.48606157745e-05 2.47531757401e-05  2.1721702548e-05 2.09817292938e-05 2.11001284633e-05
2.65574185959e-05 0.000212651591287 0.000678356466931  0.00088807423203 0.000901019652021 0.000855667586656 0.000869765942145 0.000954767686398  0.00108274206569  0.00111684296784  0.00115109819056  0.00124617278693   0.0011212267988 0.000643962313246 0.000316014065094  0.00101516612275  0.00102466220534 0.000533645837984 0.000312774723163 0.000150111610029  5.4791786814e-05 4.41928330627e-05  4.4243375602e-05  3.8218259531e-05 3.76894772366e-05 3.66898558275e-05 3.30798397862e-05 3.22480959924e-05 3.21869255752e-05
1.16599605405e-05 0.000270317684152 0.000799738540284  0.00104692765084   0.0010336109903 0.000976761353922 0.000996139229414  0.00110261102251  0.00129261804566  0.00132149722001  0.00131979746257  0.00137845949403  0.00121652581471 0.000686542956003 0.000228117496888   0.0010162677599    0.001016435918 0.000587924409611 0.000378522271299  0.00018974225468 6.60831429225e-05 5.10133485553e-05 4.97202515057e-05 4.35545052649e-05 4.35321072428e-05  4.2647575436e-05 3.83952501855e-05 3.77950587146e-05 3.85023658945e-05
7.22441853687e-06 0.000231251437626 0.000720541101793 0.000969750056176  0.00106048156028   0.0010867690089  0.00116291047452  0.00130673507145  0.00151483872308  0.00157446334943  0.00150007236608  0.00149723245554  0.00132439428613 0.000781630271579 0.000194271773832 0.000975048892432  0.00106575564843 0.000620060916577 0.000340098321282 0.000144658314123 5.86408392056e-05  4.7274931998e-05 4.57155550748e-05 4.21576939287e-05 4.23119081015e-05 4.21853579178e-05 3.61140736018e-05 3.46069645157e-05 3.58155012643e-05
 1.0733317071e-05 0.000255147402464 0.000736382183838 0.000994110649829   0.0010819639029  0.00112226298135  0.00121672168626  0.00137271223236  0.00161626165373   0.0016733479142   0.0015766813171  0.00157563577354  0.00141693281435 0.000882312083829 0.000200021135546 0.000920107720494  0.00114216033389 0.000631062472056 0.000280829951648 0.000170398951449 7.88473698682e-05 5.20180123995e-05  5.2041056526e-05 4.68509754958e-05 4.60350151286e-05 4.64307966538e-05 4.20045845555e-05 4.11420710995e-05 4.23807886553e-05
1.07988058314e-05 0.000254633118618 0.000761076622801  0.00103759208746  0.00110175275131  0.00111195678468  0.00118456385938  0.00132673389523  0.00156138201598  0.00153382437817  0.00136920308157  0.00140520388748  0.00132928858589  0.00090443394853 0.000305306270094 0.000557601635989  0.00107494632126 0.000803028990786 0.000203570265876 5.14541790252e-05 2.59777497872e-05 1.56005916894e-05 1.67450651888e-05 1.20747995775e-05 1.29593802845e-05 1.79608978058e-05 2.92395609063e-05 3.15335366501e-05 3.25791356834e-05
9.30055962361e-06 0.000202838415741 0.000688400480001 0.000925913812011 0.000943246785794 0.000918161423733 0.000940607843277  0.00101597886135  0.00118649736057  0.00124108815189  0.00130060522079  0.00154818138105  0.00161386633776  0.00127775942271 0.000698515096776 0.000499892291969  0.00103444031678  0.00082165667781 0.000141056923171 1.82649680443e-05 3.92563055048e-05 4.64543508223e-05 4.95262982615e-05 2.25455202041e-05  2.1808383998e-05 1.75103754638e-05 3.82632036124e-06 2.19811052464e-06 3.24095969123e-06
1.62974239376e-05 0.000235720088093 0.000641296262324 0.000819329623684 0.000867751888762 0.000833954748671 0.000847758941271 0.000923308986947  0.00114193676148  0.00129128643242  0.00142907999269  0.00168880900369  0.00174718525887  0.00139138364098 0.000732618362442 0.000496574092178  0.00108937431872 0.000828536304446 7.96798747599e-05 2.58966329101e-05 2.56447548219e-05 5.19883661485e-05   4.979775752e-05 3.65241504776e-05 3.83435285269e-05 3.55678179274e-05 2.79634445271e-05 2.58263947382e-05  2.6341274495e-05
3.72600416141e-05 0.000243143081427 0.000738707975626 0.000980575873812  0.00094861884859 0.000891478847827 0.000899488035547 0.000976657478078  0.00118366620391  0.00131724767459  0.00141036662115   0.0016296095962  0.00170696474118  0.00137816536862  0.00072809045371 0.000404004571065  0.00100665019848 0.000745229693536 0.000100431062544 5.20706732293e-05 3.56867177936e-05   2.884551684e-05   2.915740655e-05 3.25300689321e-05 3.23656663096e-05 3.30370772839e-05 3.04960362718e-05 3.02212739848e-05 3.15526273144e-05
3.70193130374e-05  0.00022048880161 0.000689042734051 0.000929557312612 0.000996868994828 0.000981384357193   0.0010126116844  0.00109395492237   0.0012769433363  0.00132336303876  0.00133163088085  0.00158402973218  0.00168668625357  0.00138223275695   0.0007463128521 0.000334213616703 0.000915785294784 0.000692239901852 0.000186716610091 0.000113694778953 5.47220318211e-05 9.02668255793e-06 1.05403503038e-05 1.93547294442e-05 1.85443795191e-05 2.09944527958e-05  2.3232911349e-05 2.34307667803e-05 2.52071981338e-05
2.63333328167e-05 0.000264921718668 0.000741012706572 0.000989599180964  0.00103664888089   0.0010180809355  0.00103452916478   0.0010791053549   0.0012029948768  0.00124758947651  0.00129977225053  0.00156491730582  0.00167357010444  0.00137973089319 0.000746377897138 0.000280350517566 0.000808449570107  0.00063830614136 0.000207092897826 0.000138044982438 5.78956488735e-05 1.65970328173e-05  1.3699953594e-05 1.67143198867e-05 1.64345468166e-05 1.75988084307e-05 2.05320466171e-05 2.09361311527e-05 2.01485740396e-05
 5.4856932675e-06 0.000237424862246  0.00069621516033 0.000949941125924  0.00101414005669  0.00100968915253  0.00103899572557  0.00110128614858  0.00122715337586  0.00124582807124   0.0012695837772  0.00152764239286  0.00165017002899  0.00137576996986 0.000750156208926 0.000254366242689 0.000727128100268 0.000568061037604 0.000216940173453 0.000155457728883 7.08998483258e-05 2.65116112024e-05 1.57689744065e-05 1.13089512319e-05  1.0080596909e-05 1.13860320134e-05 1.27021606844e-05 1.33412664581e-05 1.35251412808e-05
1.21318271285e-05 0.000177711413579 0.000595236074506 0.000820031422185 0.000947892324937 0.000981077100381  0.00104195004281  0.00113353630108  0.00126837838004  0.00126238609389  0.00124964572386  0.00149222471582  0.00161761923265  0.00135550612239 0.000732461792626 0.000198698598425 0.000567822275995 0.000457697649283 0.000159244367523  0.00011282247155  7.2319090449e-05 2.08224799491e-05 1.00654875698e-05 9.66853477601e-06 9.09878803593e-06 9.37995039068e-06 1.09492587895e-05 1.09102548871e-05 1.11467059207e-05
2.12369755669e-05 0.000206191630789 0.000655209369894 0.000893803276483  0.00096504421746 0.000993468488051  0.00107095698784  0.00118711329846  0.00131601021673  0.00124969355909  0.00117606210792  0.00139463403959  0.00154036080963  0.00131198540968 0.000746210984461 0.000255582138768 0.000368954651524  0.00036352243293 0.000204145046358 0.000119100130359 5.01530967758e-05 1.03424398956e-05 1.65313217061e-05 1.31471712154e-05  1.3699006622e-05 1.26976166596e-05 1.25174068488e-05 1.25175424964e-05 1.25768006025e-05
1.31469454407e-05 0.000230340844285 0.000703607092417 0.000961496169639  0.00103701141337  0.00101538424951  0.00105228566518  0.00115672292528  0.00126656407457   0.0010303891283 0.000701854895498 0.000901337908627  0.00112134010648  0.00103667676007 0.000663318510683 0.000318112104493 0.000572021530426 0.000584984502673 0.000337030771098 0.000182725242103 7.44231012188e-05 2.16773839459e-05 7.28563496666e-06 1.22184851186e-05 1.18102759449e-05 1.27076416992e-05 1.34111735422e-05 1.33537013491e-05 1.33514735332e-05
1.06074613414e-05 0.000208690572118 0.000696915203057  0.00091990472094 0.000848987770299 0.000786554468876 0.000827659329445 0.000949129979055  0.00106052810912 0.000826733020911 0.000428513486789 0.000652499860852  0.00090189478473 0.000871596829721 0.000580713396962 0.000329590247252 0.000619083308603 0.000624676391898 0.000401759694315 0.000230384861011 9.95742581339e-05 5.19060432053e-05 2.00407958654e-05 8.51287722103e-06  8.6441735981e-06 6.49738022309e-06 1.96701477949e-06 1.14225038757e-06  1.2077298749e-06
5.05540443674e-05 0.000241971222127 0.000668918347013 0.000818964206221 0.000748025782267 0.000651624373879 0.000667612469494  0.00078263684676 0.000916244736432 0.000712925713286 0.000280706694981 0.000465317417969 0.000759123996878 0.000763432446527 0.000519125355022 0.000359835270601 0.000678758151901 0.000694611091514 0.000428845026893 0.000233442725727 0.000118265900803 8.11935290256e-05 2.94474614755e-05 1.93481038253e-05 2.06024434019e-05 1.91347321124e-05  1.5295429636e-05 1.43964662073e-05 1.46648021978e-05
4.04087102401e-06 0.000205827294271 0.000643760147554 0.000783724862646  0.00067156634959  0.00055619699155 0.000597652527797 0.000758828450659 0.000941827843233 0.000744732485861 0.000215383864684 0.000329120221997 0.000661213529564 0.000697575833625 0.000506931383565 0.000408385599354 0.000752155379395 0.000911342518678 0.000585266507629 0.000285188352783 0.000141300659103 8.89222228044e-05 3.36064166781e-05 2.87918183254e-05 2.77011240314e-05 2.69939857827e-05 2.48537336431e-05 2.38421012812e-05 2.34330605437e-05
4.80611643864e-05 0.000158273093298 0.000567999895261 0.000693427466776 0.000621181706831 0.000518307345771 0.000536853145554 0.000643136143677 0.000759690220873 0.000579101459275 0.000152216471352  0.00045579467811 0.000772595753604 0.000782553953712 0.000529590134542 0.000357202112092 0.000834277947972  0.00101841636454 0.000636011883127 0.000261150371432 0.000126783667784 9.20742092559e-05 3.56149384149e-05 2.92701011191e-05 2.93014926245e-05 2.84676235939e-05 2.68229784291e-05 2.62910556208e-05 2.64441334856e-05
2.59886269042e-05 0.000195886214107  0.00063075424016 0.000776677082349 0.000685075778661 0.000540060499393 0.000508323377179 0.000592018387121  0.00074297172596 0.000588236039621 0.000166629158193  0.00047154886396 0.000801994531384  0.00082822412608 0.000579874762542  0.00036932907937 0.000748758463462 0.000942467848299 0.000621464110455 0.000286715695592 0.000145018683655 9.90375114042e-05 4.39154884278e-05 3.50007924983e-05 3.46850301467e-05  3.4670700848e-05 3.33218659146e-05 3.33290763923e-05 3.34826973541e-05
2.68521086521e-05 0.000199724199405 0.000665828957958 0.000838304693051  0.00070924622562 0.000576855238958 0.000544219912881  0.00061861558853 0.000782616506469 0.000629104363836 0.000164788109392 0.000468950701175 0.000824781993226 0.000874730002363 0.000636323676895 0.000337865977981 0.000621826290224 0.000871120425321 0.000626951277843 0.000270717200357 0.000116943804195 7.12012735777e-05 2.75587446132e-05 2.70722498216e-05 2.46816841722e-05 2.62495887343e-05 2.98346624057e-05 3.02287404939e-05 3.01411895654e-05
1.30617043991e-05 0.000205771095193 0.000639218036916 0.000788523520954 0.000716761854221  0.00058492616615 0.000576906729977 0.000702304267574 0.000926668782569 0.000769332047802 0.000200803812257  0.00037975743341 0.000781663619474 0.000884278212021 0.000710193627464  0.00045423283126 0.000607991258094 0.000986577469174 0.000764942642468 0.000268202884446 0.000129521002621 2.21827477244e-05 3.10643632254e-05 1.55429658291e-05 1.62080288867e-05 1.18072907938e-05 1.84922129175e-06 6.75832259396e-07 9.03089467458e-07
1.33829529578e-05 0.000185981100492 0.000621404796829 0.000765253331855 0.000674357461324 0.000553968287462 0.000568083775878 0.000700903964305 0.000891827697247 0.000734628289516 0.000208169385652 0.000400021072557   0.0008012666843  0.00091401266819 0.000747035769495 0.000512879843878   0.0006946340937  0.00114711328334 0.000859934839219 0.000263728919973 0.000143452257273 4.16199794344e-05 2.49692774712e-05 3.04145913389e-05 3.07305141432e-05 2.96159669725e-05 2.40893213142e-05 2.24329112847e-05 2.29192254104e-05
1.16109185611e-05 0.000194652871242 0.000672092797179 0.000846036086693 0.000703088895117 0.000557425812044 0.000543057412429 0.000643904272775  0.00081760980646 0.000639720640123 8.42462447976e-05 0.000479210157272 0.000886346820701 0.000994727582808 0.000785163341146 0.000433059363531 0.000600598553648  0.00110342953658  0.00082422859338 0.000215974373538 0.000136615032427 5.88450587555e-05 1.96410225157e-05 3.16212118914e-05 3.22435130785e-05 3.05033717376e-05 2.80896865906e-05 2.69830647706e-05 2.76912525399e-05
2.86356747851e-05 0.000162859320313 0.000586181335443  0.00074098930548 0.000694555425943 0.000596997828672 0.000581625639179 0.000659480024458 0.000826959522841 0.000670609745351 0.000162235755385 0.000489010144992 0.000919559195387  0.00103461054014 0.000833734659507 0.000467495953348 0.000554786751753   0.0011187505985 0.000873043247844 0.000291041611869 0.000177660736352 6.24335335988e-05 2.10984025734e-05 2.78152150111e-05 2.95118928216e-05 2.94554404462e-05 2.89420081755e-05 2.76352812058e-05 2.98176992585e-05
3.08935581397e-05 0.000165623111361  0.00061706555166 0.000783386950304 0.000729679537509 0.000611435646459 0.000566954676483 0.000598855159485 0.000705027126148 0.000560435754154  0.00023562612475 0.000657204976169  0.00108638353598  0.00120115265264 0.000971211891571  0.00050155908287 0.000443911991595  0.00105692772977 0.000800995129376 0.000225160823646 0.000140542971288 5.89416523953e-05 3.41992756906e-05 2.35452447908e-05 2.24916733704e-05 2.41302678279e-05 2.70676698111e-05 2.75685582156e-05 2.88891964514e-05
2.89674660698e-05 0.000187871685026 0.000659534112668 0.000841838587388 0.000752086906841 0.000629031747156 0.000563505198412 0.000561989222855 0.000640885452715 0.000580305583547 0.000390753542535 0.000707143754424  0.00110775916591  0.00120898570269 0.000959365211688 0.000450101782548   0.0004254062331  0.00109282829757 0.000829463867263 0.000253987082897 0.000169736986545 7.83130245072e-05 5.25475125818e-05 1.59149003696e-05 1.00217646128e-05 1.06167179857e-05 1.55729221869e-05 1.65173610554e-05 1.68133691299e-05
2.11732858288e-05 0.000143980549806 0.000573473012847 0.000775058240439 0.000797529728571 0.000720506977595 0.000673244558482 0.000651476468767 0.000696621331645 0.000724720134769 0.000607675568547   0.0007758874151  0.00110932769051  0.00118086995666 0.000911292386786 0.000342189173244 0.000440050031479  0.00109272303592 0.000851112681945 0.000294695406871 0.000189710787247 7.96074878756e-05 5.35489606394e-05 1.18196391422e-05 7.02314436506e-06 4.16192374036e-06  6.4264619448e-06 7.58671265625e-06 7.70446062109e-06
1.76806877124e-05 0.000179999007604 0.000675011464134 0.000894168075533 0.000857224996476   0.0007855222439  0.00076156801393 0.000777033807137 0.000849127031906 0.000941801353151 0.000815773060962 0.000818529811076  0.00106683967532  0.00110182547743 0.000812920733393 0.000216906575747 0.000501906994066  0.00108124037623 0.000848445410279 0.000324548230237 0.000186997802852 8.22549839362e-05 5.21175449373e-05 1.12698928878e-05  6.5818346581e-06 3.18311037214e-06 3.40332482249e-06 3.47553381765e-06 3.52688580528e-06
1.31386236733e-05 0.000168378601222 0.000623952899914 0.000873570911758 0.000960001571994 0.000947747925977 0.000962730724718 0.000999468081138  0.00108551608904  0.00121837746326  0.00108776240957 0.000961128272844  0.00110014634681  0.00108456186512 0.000760909463519 0.000133544925158 0.000557515341479 0.000954093389506 0.000740856298943 0.000329894895448 0.000191514204178 0.000101701203424 5.78918261992e-05 1.35578157147e-05 5.64884097791e-06 3.17071389417e-06 2.19188427899e-06 1.91689204641e-06 1.97259229581e-06
5.27190102868e-05 0.000138981177945 0.000599166472058  0.00085680197737 0.000960229087613  0.00098220077534  0.00102976326444  0.00108550910329  0.00116803944114  0.00128430808012  0.00111922076461   0.0010542834195  0.00132582661151  0.00140482738562  0.00115268045372 0.000661067155445 0.000275518676034 0.000483579584049 0.000508679525209 0.000290688608771 0.000106338097195 3.71825849258e-05  7.0569029933e-06 1.02455099723e-05 2.07251899592e-05 1.90394833801e-05 1.16351501733e-05 9.33495152173e-06 1.06467276836e-05
5.16570080489e-05 0.000181253856749 0.000649594677207 0.000899710570516 0.000943923523015  0.00092899314937 0.000947082284118 0.000977221369474   0.0010304566122  0.00114940442981  0.00109602516052  0.00125604398865   0.0016020433603  0.00170274226911  0.00143283646294 0.000814146992643 0.000270793585532 0.000449425708356 0.000555501968253 0.000287497507287  6.3611044722e-05 1.08988732712e-05  1.5675780891e-05 2.46249117848e-05 3.92693273989e-05 3.77770403666e-05 3.32686146367e-05 3.17034142742e-05 3.16660117136e-05
