0.000387153514955  0.00116517000706  0.00220380133102  0.00279060589142  0.00497460868195  0.00781782223629  0.00918812021567   0.0102936110189   0.0101721447354  0.00986270422538  0.00922657709442  0.00860675198786  0.00797091680712  0.00743121762865   0.0075190999414  0.00776870014675  0.00722111172596  0.00686871426916  0.00694592772541  0.00659759169326  0.00655823513911  0.00640843943487   0.0065189173497  0.00602395834495  0.00532745376618   0.0058592675298  0.00623631569559  0.00595950712807  0.00591096263635
0.000157083936195 0.000694660701603  0.00240367865951   0.0038669126418  0.00588886327371     0.00790106011   0.0088149960894  0.00959055520903  0.00936731458169   0.0090217702829  0.00849340652772  0.00788356048785  0.00714667431004  0.00664066601876  0.00653249528861  0.00627469141394  0.00603637398349   0.0058396041011    0.005714250802  0.00553481032123  0.00530396104469  0.00522189347724  0.00499009096979  0.00488037274147  0.00470634022958   0.0046895763242  0.00456614436749  0.00448920778131  0.00445711175447
0.000164650447673 0.000626931589027  0.00254073883811  0.00363447702251  0.00485683740729  0.00611090525688  0.00652789718961  0.00707508089284  0.00687271326029  0.00671501833304  0.00646106914867  0.00620781679389  0.00574848352849  0.00555139808453  0.00531330655786  0.00459177759381  0.00469383143502  0.00464104413161  0.00434205146761  0.00430510306651  0.00391944480796    0.003909920871  0.00333773735558  0.00358564533967  0.00403632564231   0.0033830119944  0.00274973532585  0.00282522312324  0.00283156492755
0.000221176380757 0.000538225360033  0.00238663309584   0.0030534565318  0.00371685514544  0.00455690593746  0.00476605465567   0.0051776037109  0.00495770752216  0.00489922094162   0.0047186798266  0.00456015551875  0.00466100705622  0.00432578110641  0.00425360821519  0.00441468265019  0.00384382177968  0.00350306725297  0.00335752585641  0.00314033095471  0.00309692835587  0.00282038072522  0.00314347676286  0.00232928326775  0.00165614592705  0.00201273793003  0.00223080619935  0.00208424330795  0.00192814818646
0.000163639406457   0.0011455601316  0.00439558766869  0.00563793859919  0.00606447498751  0.00599806181642  0.00546728347552  0.00525869131761  0.00464757859711  0.00446459778497  0.00419798356689  0.00399309896725  0.00453248072845  0.00440516924019  0.00423746596162   0.0041925722056  0.00377336875997  0.00353588262399  0.00355777692015  0.00320472458909  0.00294870616297  0.00289003403055  0.00330898950769  0.00244333812851  0.00189477993138  0.00238195691274  0.00197775227045  0.00181484278165  0.00173982092424
0.000729623312549  0.00252355238367  0.00647048166215  0.00885919993659  0.00895087108177  0.00821317241142  0.00769244487399  0.00745506509341  0.00697490471199   0.0063944710737  0.00568768565418  0.00493868294369   0.0042077644237  0.00347930122898  0.00306500452263  0.00286513650618  0.00269033261438  0.00241841873706  0.00168180818133  0.00207754563822  0.00234119106994  0.00176018448486  0.00159998833417  0.00142879233772  0.00134515641744 0.000799775538095  0.00131052229001  0.00184877173655  0.00122018483053
0.000768625549479   0.0018578330166  0.00328143264807  0.00339037288485  0.00384661389915  0.00516327642154  0.00549120989179  0.00585033091453   0.0054835544208  0.00542008334453  0.00522039534103  0.00512604483854  0.00503142290592  0.00484862956972  0.00474144016311  0.00447131360503  0.00441447503063  0.00413323296585   0.0036738994483  0.00387767838779  0.00404037166642  0.00370779716157  0.00360794142659  0.00356612726039  0.00348259349401   0.0032343911508  0.00346301173748  0.00370701542119  0.00345164290374
0.000281326584743  0.00110278994176   0.0031402913302  0.00421458790095  0.00482355060603  0.00527493942434  0.00551645067182   0.0058908904299  0.00580379420132  0.00559537239109  0.00499555046089  0.00446743947529  0.00403056797835  0.00356731380072  0.00317520507479  0.00309543660923  0.00297200493742  0.00263075331497  0.00253099970984  0.00238842769385  0.00229654194521  0.00220637124458  0.00217834096841   0.0022925143216   0.0020680685734  0.00214418048836  0.00216714388085  0.00218791282687  0.00231676862266
7.59696024303e-05  0.00158356913807  0.00320530955676  0.00273962209483  0.00328029116396  0.00335309091144  0.00333318628508  0.00358105220374  0.00360828516237  0.00429223428819  0.00355349794487  0.00330406041927  0.00322933231272  0.00298648207722   0.0021710905324  0.00200778202004  0.00307890223628  0.00236495528411  0.00233256233843  0.00217156508104  0.00226163925019  0.00199643867738  0.00227608890978  0.00320974612015  0.00234489583424  0.00237354450781  0.00248982168107  0.00253594115917   0.0026225932662
0.000302006343106  0.00248191945553  0.00463702026637   0.0083127620402   0.0102272286062  0.00943432753112  0.00825905849197   0.0069154208244  0.00586253009214   0.0047176176523  0.00373409290419  0.00284346749803  0.00221582869556  0.00161403085915  0.00116990398674   0.0008389593572  0.00080605529791 0.000573224901673 0.000572391578407 0.000730538219377 0.000870125680723  0.00104965488719   0.0012221251161  0.00142917259294  0.00156445775896  0.00180285911691  0.00196153938579  0.00215516987501  0.00248904451909
0.000222549616388  0.00262296422055  0.00247862460891  0.00195219596452  0.00204487400531  0.00229508221226  0.00259194980452    0.003196350119  0.00329079197205  0.00349561976868  0.00339250758229  0.00325645833624  0.00298486338097  0.00269533220415  0.00255136772448  0.00230598617755  0.00224769720365  0.00213010997913  0.00207521706105  0.00205111746327  0.00206063513994  0.00212760975691  0.00218245149299  0.00226992319335  0.00223462014657  0.00243562964631  0.00257621267221   0.0026483235066  0.00284087883858
8.75713971428e-05  0.00275595669415  0.00327049235588  0.00240801574233  0.00185469508339  0.00210090181895   0.0023130698956  0.00257001893903  0.00232522864714  0.00232890541449  0.00209488907379  0.00200842892658  0.00190898456269  0.00165877688455  0.00151549216513   0.0013819215371  0.00134987856148  0.00122541597622  0.00127553512051  0.00143034430962  0.00155115304819  0.00170164789877  0.00183472827571  0.00204437454075  0.00213349201977  0.00236172520482  0.00252977698699  0.00270076000577  0.00289915694849
0.000302237940331   0.0033212594872  0.00211980918768  0.00418412526567  0.00690391924751  0.00688633165775  0.00579780293446  0.00449949392569  0.00354516510788  0.00249672785469  0.00174999505562  0.00124067812169  0.00108188359749 0.000782642463717 0.000922349143537  0.00122576020687  0.00116604147988  0.00128472505958   0.0014619389626  0.00171036412506  0.00188532492583   0.0020966395179  0.00229555247126  0.00250740064396   0.0026483245478  0.00287930616126  0.00305209146466  0.00326753902661  0.00363494398889
0.000546274047658  0.00267783542917  0.00297563541664  0.00377256996349  0.00450577632248  0.00428141515971  0.00340149918911  0.00238646462518  0.00129833286909  0.00146686333288  0.00172751265861  0.00155209265386  0.00144175803978  0.00180962492476  0.00113511858279  0.00105226092646  0.00147999208869  0.00150332797237  0.00154037394717  0.00172305576614  0.00190282434157  0.00208011249123  0.00225361644442  0.00243973666116  0.00252521941551  0.00281420982993  0.00334616815176  0.00319796976984  0.00350057155196
0.000287428895826  0.00326699062289  0.00216608267563  0.00110482962868  0.00269250730194  0.00274690431557  0.00241317465488  0.00182021878602  0.00124279753854  0.00109826837702  0.00113490369214  0.00133367366565  0.00148161325513  0.00148901145365  0.00156257827638  0.00160723649959  0.00173573741343  0.00195926560873  0.00212564604522  0.00225187848135  0.00254607462349  0.00274882727843  0.00293903333169  0.00316160934063  0.00331599249051  0.00352786258691   0.0036445980688  0.00391159437753  0.00413121777443
 0.00022096100759  0.00271337332367   0.0020278288998  0.00114247704702 0.000721512534376 0.000882588402766  0.00116675592068  0.00165224708663   0.0014098109389  0.00114533862555 0.000677085092087 0.000472905185115 0.000642785882235  0.00102500527566  0.00132930771891   0.0016940146235  0.00210143597009  0.00219838353799   0.0023573292004  0.00260298351243  0.00281333008381  0.00301101612431  0.00317921423914  0.00338668135617  0.00367908359958  0.00371434387068  0.00371168566559  0.00409806931256   0.0042554416103
0.000134362740014   0.0026796435512  0.00300506018654    0.002732351272  0.00253798171458  0.00156309738163 0.000241524305365  0.00086785422276  0.00135998680214 0.000971490147535 0.000463531671909 0.000366110519715 0.000913458326188  0.00125324912361  0.00163535717173  0.00192336123134  0.00210836430539  0.00209580482375  0.00254250008309  0.00305871273753   0.0029627250808  0.00321946290625  0.00343886019515  0.00363234909874  0.00365336219799  0.00402913934925  0.00433384978071  0.00443194562983  0.00472337467949
0.000230732413875  0.00282138991729  0.00224420805919  0.00125445712015  0.00180538588987  0.00234335189002  0.00233375015874  0.00234048372632  0.00209362533095  0.00204373908886  0.00189743703819  0.00187269020507  0.00191848555338  0.00199580879229  0.00224331072954   0.0024707761568  0.00270308885771  0.00281370287115   0.0031100575252  0.00343118999948    0.003547874627  0.00373265290259  0.00393817280298  0.00413222074924  0.00426598623707  0.00453762281529  0.00470915316272  0.00492867154904  0.00513461234855
0.000208087140171  0.00258561894957  0.00179532483441 0.000755098833777  0.00280519582662  0.00400016934301  0.00430206496427  0.00341736891644  0.00282907106283  0.00195007185916  0.00150717836042  0.00106358978946 0.000952975406994  0.00127099619856  0.00173185447196  0.00210300916137  0.00236950752489  0.00236451432856  0.00276073558744  0.00318789171227  0.00318727225948  0.00341734144157  0.00363861116329  0.00382716459681  0.00400895763461  0.00422906221405   0.0043729600214  0.00462508809766  0.00483519428314
0.000144729672735  0.00262473065101  0.00243306751392  0.00203343442013  0.00310055495687  0.00383039810928  0.00348252418065  0.00270598286537  0.00171886904126  0.00115706091095  0.00101125796811  0.00117545879427  0.00136747619415  0.00149811766536  0.00181336187612  0.00219299992543  0.00261500964894  0.00281768609957  0.00297228774191  0.00316206769508  0.00339173682636  0.00358950309607  0.00375177087711  0.00395353908614  0.00411406555396  0.00433037856737  0.00446489587884  0.00472549106915  0.00490843990266
0.000119522564082  0.00264007694762  0.00184627543866 0.000495639684891   0.0011394734033  0.00155404772187  0.00199965503617  0.00154161450882 0.000912351306794 0.000399211454182   0.0010799322744  0.00179448220112  0.00228149117288  0.00240939876291  0.00248570874231   0.0024997435379  0.00265843785988   0.0027743978456  0.00288950755828  0.00305698280219  0.00331376860924  0.00351419433319   0.0036682260855  0.00385929663522  0.00406400563799  0.00427506985378   0.0043765883587  0.00468366385618  0.00498135852717
0.000298211564586  0.00269849407692  0.00237827438507  0.00181934863171  0.00247576407857  0.00317601890723  0.00333411335812  0.00320082916211  0.00265305030373  0.00231305517631  0.00235102659413  0.00225786654642  0.00220907382947  0.00261716820297  0.00292655133071  0.00318560743841  0.00355545941344     0.00415882959   0.0038663513432   0.0035773227624   0.0042756573806  0.00439472469109  0.00450211599597   0.0046980687308  0.00486658863936  0.00515791878131  0.00530798426232  0.00554624507982  0.00475175607181
 9.5763749843e-05  0.00272547572101  0.00183270114551 0.000718274672648  0.00146767688652  0.00217695936709  0.00263501158798  0.00229001045417   0.0020520945009  0.00142550117155  0.00107866070336  0.00136876621941  0.00189360643648   0.0020972678172  0.00232595061306  0.00253890159603  0.00268978000769  0.00243300780148  0.00311594702579    0.003844174504  0.00352610993603  0.00377352257498  0.00401185360883  0.00303844013086  0.00332492371852  0.00339416119077  0.00337208236052  0.00341803469222  0.00347183829415
0.00031428383276 0.00249661885729 0.00210251060395 0.00126343036995 0.00144947297079 0.00174327070451 0.00218692967556 0.00226002017717  0.0022509636594 0.00247149045249 0.00291495314357 0.00295502167253 0.00290242922344 0.00337867771246 0.00368840478325 0.00386495323657 0.00421703639495 0.00493646305287 0.00452125933894 0.00406323928153 0.00403824934037  0.0040359038601   0.003995890486 0.00401511810339 0.00408678630819 0.00424569194506 0.00426150870469 0.00434983813072 0.00445296909208
0.000389003694567  0.00308264059489  0.00204922899646 0.000693666961234 0.000569134023384 0.000484862155604 0.000620452213997 0.000677987248835 0.000733324565478 0.000827740394677 0.000920271236215  0.00113576248602  0.00154422449912  0.00180910352823  0.00197601672785  0.00212929390784  0.00237052321731  0.00221850220953  0.00321234169074  0.00312438517234  0.00304552491388  0.00295413553663  0.00286713567795  0.00277875120473  0.00272146082789  0.00277735032561  0.00269772653265  0.00264411664666  0.00264526317882
0.000251115668538  0.00313500111848  0.00222166346915  0.00150218901938  0.00194089894779  0.00241997493943  0.00256636045747  0.00255013134455  0.00237950540391  0.00247462791725  0.00260409771031  0.00278704242951  0.00301643659409  0.00315776525746  0.00325164874323  0.00342334166537  0.00366296334372  0.00335920962866  0.00343181388452  0.00362352403096  0.00342477437007  0.00343675578423  0.00345835624422  0.00341922277328  0.00348678233605  0.00366371943604  0.00362986681049  0.00365387869068  0.00367696118014
0.00035799521676 0.00247693492373 0.00202299419054 0.00145197023143 0.00173025998237 0.00201626623229 0.00222694546319 0.00250550250227 0.00269023891806 0.00296626532508 0.00293829042424 0.00352323395653  0.0041209288016 0.00403453796851 0.00362933117035 0.00394172074214 0.00426485222079 0.00382131748573 0.00382090544896 0.00440127271447 0.00473898209101 0.00437155177828 0.00429766053207 0.00445705258689 0.00459911637575 0.00444857133026 0.00492488211251 0.00535319283256 0.00515951747127
0.00021776032429 0.00236635614439 0.00187398312652 0.00103853646344 0.00142250217918 0.00158489777854  0.0017828628134 0.00195595170476 0.00212175636995 0.00240268681493 0.00264007740395 0.00295944641143 0.00298404458195 0.00296580457812 0.00308256794652 0.00309122682273 0.00316584136995 0.00337561287868 0.00352939037855 0.00348235479258 0.00337578209398 0.00353814354302 0.00362035049198 0.00358041992456 0.00368695501218 0.00405393187606 0.00396962583224 0.00393037404021 0.00411064875311
0.000266340404274   0.0026428936732  0.00217082251716  0.00152198376783  0.00163612250812  0.00177009692145  0.00192724216307  0.00210767081257   0.0022647481554  0.00239033832234  0.00264897754028  0.00248319704159  0.00339678936182   0.0033008986681  0.00320135344093  0.00302777663077  0.00292798659748  0.00303280635605  0.00313513961185  0.00302823199622  0.00290136205648  0.00303532770895  0.00309530406015  0.00306033197338  0.00314269646542  0.00349113427154  0.00327638954441  0.00308103414316  0.00319280678132
0.000427061807742  0.00334069061592  0.00216516032661  0.00152878296732  0.00183217061383  0.00228442917983  0.00265169247312  0.00268981688506  0.00267120017591  0.00233787962744  0.00304554451143   0.0043432087721   0.0040003019509  0.00361418056034  0.00335378309929  0.00324902589937  0.00323686736992  0.00310589587078  0.00295257560038  0.00284369742891   0.0027226900575  0.00259231440068  0.00246689079751  0.00235097523989    0.002213692482  0.00230031340979  0.00213607568496  0.00195593958484  0.00183108157163
0.000284011713016  0.00270713132819  0.00184430772818  0.00168894690459  0.00242131440091  0.00278451091873  0.00314267476737  0.00343526095212  0.00374336495589  0.00505751977767  0.00609037723686  0.00603956222987  0.00586719317504  0.00540014373484  0.00492239648167  0.00401280819179  0.00344340035975  0.00287714880695  0.00278879123907  0.00267604593489  0.00294242608906  0.00260956750372   0.0024995988971  0.00249505068395  0.00247790738739   0.0021593956391  0.00254939028097  0.00300586000213  0.00258898441279
0.000215131817498  0.00261166190728  0.00178706470353 0.000906815924516  0.00126531450046  0.00253592707446   0.0034017611345  0.00372386052078  0.00346553205531  0.00196589069856  0.00260569239324  0.00327083517925   0.0038900282442  0.00433309562757  0.00443142184956  0.00413715471264  0.00365548095064  0.00338398156805  0.00320248355629  0.00309010435959  0.00301043237484  0.00313884486923  0.00321831344601  0.00320937476444  0.00330127314365  0.00358733593404  0.00352186749829  0.00342060856515   0.0034823084772
0.000477687008462  0.00326428059091  0.00201698476182  0.00180767647244  0.00259313976868   0.0029613148158  0.00345437511211  0.00344621013832  0.00313418422911  0.00419148142606  0.00305449988595   0.0020952691159  0.00156344472678  0.00105041425303 0.000910890354858  0.00120001255971  0.00175452018597   0.0021145006348  0.00256464476335  0.00249513559639  0.00246872480728  0.00248116989431  0.00254947377095  0.00246658782809   0.0025492016824  0.00320560776879  0.00287399018935  0.00241865128544  0.00263001142818
0.00021222877112 0.00340091451528 0.00184437613233 0.00223615686193 0.00320973039915 0.00335273528878 0.00285153605555 0.00244903880597 0.00381872992879  0.0038195735478 0.00380321528197 0.00367507236982 0.00347089604751 0.00329744748168  0.0031998276442 0.00319473903185 0.00321085964554 0.00313990943325 0.00301138767449 0.00283139208779 0.00270294587628 0.00257628500626 0.00243127553803 0.00225888107252 0.00206450218994 0.00186788946115 0.00173304897246 0.00173395458383  0.0014472702285
 0.00021301713534  0.00230037681743  0.00151760152607  0.00134301281269  0.00136957186437  0.00128205327848  0.00189041513878  0.00214315894391  0.00228739210376  0.00224794744029  0.00221467899744  0.00208379538378  0.00187974695972  0.00166258838265  0.00132694083415 0.000847550387974 0.000418245571537 0.000304125796511 0.000310839815838 0.000300860768021 0.000313927184666 0.000344482650539 0.000403049201948 0.000359153073437 0.000550959679402 0.000806470511342 0.000717576583094  0.00072555673075 0.000780657408219
0.000498513372561  0.00148202119815  0.00121825189359 0.000960903638131  0.00130396901152 0.000954673240507  0.00118946476729  0.00163639602118  0.00124428283486  0.00109614301835  0.00117099970641  0.00125594198369  0.00129162200104  0.00123366506214  0.00102874593234 0.000804508642757 0.000939657640099 0.000441466149482  9.3307617318e-05 0.000545189569835   0.0010689819993 0.000589752252092 0.000463005866036 0.000570049796989 0.000706385338034 0.000649535576126 0.000941252217761  0.00115852653877 0.000958577131074
 5.5753325314e-05  0.00164248967534  0.00140236643458 0.000630813708546  0.00082317460188  0.00061173893028 0.000607439071321 0.000804530763303  0.00125046039514  0.00104531098663  0.00125649397105  0.00166680942975  0.00176732552731  0.00154917644979  0.00118094481133 0.000504957130168 0.000423844360425 8.92918809635e-05 0.000362661674122 9.39138895648e-05 0.000576310726599 0.000266918271403 0.000309959471993 0.000190995353279 0.000382689457851 0.000465269416908 0.000618407482054 0.000802510004738 0.000614165439073
9.80192515176e-05  0.00158684480538  0.00140711934731   0.0010168714211  0.00227055810594  0.00467546342488  0.00615689900239   0.0060909409141  0.00400642107913  0.00333158957399  0.00278393898985  0.00236615695787  0.00223656210346  0.00216175931733  0.00243518275306   0.0014972619185 0.000627972301368  0.00131456541327  0.00186861176055  0.00106114828874 0.000309755676074  0.00106178870279  0.00134735013447  0.00109442215203   0.0012847221406  0.00190320002298  0.00141883402226  0.00104194642431  0.00133876136391
7.01819597216e-05  0.00148990225236  0.00124529994272 0.000396580586821  0.00108575943339  0.00106824580676  0.00116592664576 0.000882351262423 0.000789078604461  0.00220170799847  0.00243239909134  0.00288681942503  0.00305265972469  0.00282253187772  0.00226540450492   0.0011338979036 0.000684497756793 0.000246335311991 0.000731829331737 0.000166882846328 0.000969912343772 0.000217730897306  0.00033603559017 0.000282375115826 0.000288233404408 0.000314872093248 0.000671144486369 0.000988688350907 0.000687829716864
2.87617195338e-05  0.00153026191388  0.00125605314474 0.000662174844675  0.00132645521306  0.00117147932885  0.00118463127127  0.00134658509161  0.00180711148629  0.00229200646294  0.00288926140512  0.00343582165988  0.00324289355746  0.00245532901264   0.0013609759921 0.000348260805552 0.000157069619439  0.00012573214124 8.04604698227e-05 0.000104932937088 2.88420780354e-05 0.000140303943579 0.000283078365969 0.000182957027551 0.000182782121637 0.000523569814062 0.000640189460942 0.000558197243936 0.000584710364395
1.96669524289e-05  0.00148049140453  0.00113633113233  0.00117798411016  0.00202234920253  0.00330386099651   0.0037522220948  0.00269476501527  0.00197126355108  0.00122946561045  0.00119718282275  0.00167527967439  0.00140864714074 0.000865524226027  0.00101600413438 0.000203097273225  0.00102069373584 0.000222922251981 0.000697873838019 0.000242864499297  0.00121009330152 0.000278535323901  0.00037506265232 4.58913671898e-05 0.000352094753541  0.00112356728345 0.000728536720659 0.000449731201204 0.000728350877542
1.40347987508e-05  0.00147773195511  0.00116810151424 0.000608215888963  0.00117125797978  0.00166915660796  0.00221500469481  0.00241521728942  0.00248764321992  0.00301426893197  0.00262699704813  0.00235474305048  0.00176139381928  0.00117288409232  0.00123185118537 0.000483050195914 0.000911612596395 0.000124219995316 0.000776169999415 0.000114056209436  0.00110855850533 0.000262571113232 0.000342017674224 0.000177506545654 0.000194529291812 0.000409317993751 0.000695797244366 0.000959956157149 0.000658213350097
2.45215532051e-05  0.00144717887847  0.00120398683504 0.000499978967861  0.00078819288147 0.000822657651164  0.00105232118246  0.00115865596868  0.00131038133484  0.00138817241242  0.00160876015719  0.00195394800963  0.00167136904475  0.00105731983123 0.000402585508119 0.000206667023862 0.000145689146039 7.86560246087e-05 0.000102460618418 8.84180260941e-05 5.49525571229e-05 0.000248258122133 0.000286386704038   5.508775293e-05  0.00023450878437 0.000526022601101 0.000627435422076  0.00055301992956 0.000588264367643
 3.2621538736e-05  0.00155923602126  0.00134351511352 0.000903864320623  0.00149408104962  0.00197278013493  0.00224316553489  0.00216391070672  0.00215585739064  0.00189650407618  0.00218929073552  0.00225069439233  0.00155609795124 0.000847436666601 0.000282709205369 0.000147046882191 0.000174091005991 9.15501926052e-05 9.54632352391e-05 0.000114312316405 6.15600352241e-05 0.000251982910032 0.000328336394887 0.000109754554109 0.000208170627724 0.000459384445388 0.000532197083188 0.000502550991799 0.000522947977313
4.12683845528e-05   0.0015028385095  0.00147485555875 0.000703544458094  0.00103713812729   0.0016581574456  0.00206862228055  0.00231946246571  0.00233878512914  0.00263580858412   0.0013974899054  0.00121402106111 0.000752486698561 0.000401754372851 0.000160698923252 8.30771917096e-05 9.74120819868e-05 8.25082718049e-05 0.000104620521087 8.55876053748e-05 0.000104895292998 0.000325021067374 0.000329220308455 7.79940840904e-05 0.000202934637788 0.000465411131662 0.000511011706462 0.000568140709168 0.000565537542013
3.23818994039e-06  0.00156342511386  0.00149439462882 0.000668081163131 0.000919152155619  0.00153374131649  0.00185735514479  0.00203121629885  0.00206034737985  0.00242761510306  0.00123489334135  0.00111176087457 0.000884864118937 0.000355113253756 0.000556685346116 0.000373633170587  0.00117180871659 0.000277453150313 0.000516707583814 0.000393003018539  0.00121621611103 0.000517081506536 0.000411235597799 7.75336900779e-05 0.000314763963083 0.000897896842498 0.000683884317596 0.000630650577606  0.00077608895235
4.17086356974e-05  0.00149102933739   0.0013993992911  0.00041951903003 0.000575332087805  0.00113665016291   0.0015192260398  0.00179625446843  0.00195931329218  0.00238205257726  0.00155570346162  0.00085627863996 0.000599626116264 0.000180280601759 0.000131508059502 0.000249176189139 0.000318706878628 9.04573195283e-05 0.000210580996211 0.000228608628988 0.000215990186529 0.000364023918961 0.000397955306446 9.72627636439e-05 0.000265381831491 0.000571158805896 0.000600820659291 0.000626028214711 0.000681236739459
1.36904484809e-05  0.00152456305288  0.00141657130825 0.000286290113278 0.000473583429402  0.00090431181402  0.00122220984084  0.00162589718376  0.00182649160723  0.00234168795221  0.00251308526643 0.000742625630326 0.000667089893775 0.000242472766376 0.000183789646972 0.000227689762546 0.000203750483645 9.58170445976e-05 0.000230294742718 0.000202539435547 3.91525961631e-05  0.00025079963087 0.000313937324533 0.000153686993529  0.00029075568842 0.000431696362208 0.000558585551812 0.000648723904991 0.000644950860177
7.18877983354e-06  0.00152705791394  0.00146655195789  0.00044991429038 0.000549078250239 0.000832160335075  0.00118630246207   0.0016185587947  0.00183869113837  0.00228675783887   0.0024184103318 0.000706350090391 0.000647379937443 0.000228404337707 0.000221906596074 0.000285559441287 0.000225626394141 9.60012152634e-05 0.000211188757135 0.000214789743966 7.52736180553e-05 0.000232446682955  0.00033735990451 0.000141281931954 0.000254610414768 0.000472042929247 0.000619593152287 0.000706585532422 0.000711077133327
0.000205327841683  0.00182116335462  0.00180268980397 0.000833031219617 0.000802186664665  0.00144329365899   0.0018822195305  0.00236188447095  0.00255698220632  0.00289393294777  0.00308252011655  0.00153060421251 0.000798886447034  0.00013285164077 0.000258201938273 0.000318903350126 0.000271577004767 0.000164823885294 0.000264548092071 0.000242812711603 8.66663743345e-05 0.000278913644872 0.000309350736328 0.000161561853095 0.000328469319273 0.000451203538988 0.000608132719132 0.000706330835014 0.000668726938967
0.000105964599661  0.00194244258065   0.0017627346962 0.000672640914573 0.000808099927119  0.00156139437234  0.00190001307976  0.00226253123264  0.00230282692307  0.00258922642539  0.00260516623791  0.00237653557856 0.000245991572456 0.000125654172356 0.000155659519065 0.000228449853889 0.000220182409737  0.00013657069911  0.00029387544874  0.00026094551545 7.63466865066e-05 0.000210630181581 0.000310611231941 0.000145128020983 0.000261027172585 0.000473055221328 0.000582517112037 0.000587986682353 0.000616947654715
5.75067191852e-05  0.00181319852663  0.00157556730547 0.000401067654094 0.000440139597768  0.00100374178983  0.00142988552242  0.00198409193345  0.00220072246339  0.00264816549005  0.00264553768616  0.00248972638128 0.000141941533041 7.88683219269e-05 4.16484256538e-05 0.000193002442751 0.000148191196254 0.000680604139705 0.000366099261201 0.000886511063932 9.04193276894e-05 0.000140626763832 0.000201268569364 7.31886061815e-05 0.000116793648382 0.000332765747205 0.000565073787276 0.000667841486697 0.000600105368519
1.57812655586e-05  0.00180699158467  0.00164044792931 0.000477843193356 0.000475241473083   0.0010380897518  0.00144037761751  0.00193049072782  0.00208723744322  0.00249140768764  0.00250817012773  0.00241426129051 0.000205879642273 0.000165169215096  0.00013693460165 0.000192826388004 0.000203039760661 9.65327907277e-05 0.000191532301905 0.000189272353363  4.1512968968e-05 0.000192968944897 0.000225180494703 7.12530602803e-05 0.000145898431995 0.000269451125225 0.000347684377341 0.000475023255231 0.000447280216423
 3.2256595996e-05  0.00180215338269  0.00160084124927 0.000277216513487 0.000235173431966 0.000886399700106  0.00137469185747  0.00192768955967  0.00208955337277  0.00249357528119  0.00250036306376  0.00239581028119 0.000187676089394 0.000220612296962 0.000145499892399 0.000155960043556 0.000210075798921 8.14741261641e-05 0.000198140717982 0.000111229773378 8.90730343742e-05 0.000202490909553  0.00019106815553 9.69185087125e-05 0.000162460725702  0.00038114157856 0.000548822638341 0.000534508214664 0.000557438372408
 3.9894209012e-05  0.00185881756684   0.0016135914897 0.000316340245977 0.000274993083928 0.000771813867657  0.00126178136961   0.0018701608556  0.00212547280842  0.00250981160066  0.00242885377711  0.00229917780586 0.000274647692182  0.00024622760249 0.000267341197656 0.000178046904115 0.000345960413475 0.000776057257181  0.00018392265672 0.000645593913455 0.000131903062199 0.000193706936389 0.000179672332193 0.000172295734847 0.000320915117517 0.000451475333899 0.000542767102237 0.000612574777212  0.00058566267444
4.61730547443e-05  0.00177051096364  0.00151991852737 0.000274930713219 0.000412236886629 0.000759756398606  0.00120561294192  0.00190940737269  0.00222650518715  0.00260685037633  0.00251185837732  0.00238092413925  0.00194007027162 0.000248885988274  0.00011126064326 0.000217538183281 0.000236469330855 0.000510932927199 0.000317671252683 0.000767914008179  7.5219863228e-05 0.000208752069053 0.000216380779664 3.08425708808e-05 0.000153641762948 0.000398539048705  0.00053945592174 0.000597533759215 0.000585464231872
8.93255818052e-05  0.00193933438796  0.00166995896881 0.000544821117361 0.000589018124659 0.000864611635351  0.00130622382353  0.00199100673489   0.0022526641152  0.00259195040864  0.00250993053776  0.00237741922697   0.0019060560197 0.000278571412953 0.000193590988162 0.000211089944143 0.000335522630262 0.000144549245466  0.00019275132326 0.000121149146695 9.61097785748e-05 0.000146749595818   0.0001570126778 0.000149915724745 0.000266673125796 0.000469192159027  0.00060102757871 0.000607639773339  0.00061404443116
  3.481248885e-05   0.0019020046027    0.001545804333 0.000348213490536 0.000596214838152 0.000748259156619  0.00119071725791  0.00188837413955    0.002131125116  0.00243658449208  0.00236118909993   0.0020416478435   0.0019051864327 0.000543784185687 0.000359513829139  0.00119859698076 0.000525017986934 0.000296697500996 0.000357285246042 0.000266058999626 0.000153737241426 0.000136196939376 0.000217886065576 8.60134070358e-05 0.000664601600051 0.000189192809488 0.000864479837445 0.000916371520674 0.000837999431941
6.19725281652e-05  0.00167587346889   0.0011740018157 0.000562035129055 0.000731774184626 0.000803818673847  0.00121020945792  0.00180709202368  0.00213768944496  0.00265962669725  0.00218910261366   0.0021557086228   0.0018013557246 0.000417904546914  0.00108002046477 0.000474920803894 0.000613272318446 0.000341169516507 0.000157763134076  0.00017754397142 4.77773359213e-05 0.000220414510966 0.000129561098734 0.000749436720901 0.000304335100047 0.000483566366807 0.000584005757635 0.000600663059819 0.000579239953521
9.56140502416e-05  0.00165683656832  0.00161277183412   0.0002782556221 0.000315941103091 0.000829212568989  0.00130146653845   0.0020972489013  0.00224594094104  0.00221286355669  0.00231458550464   0.0024588390559  0.00192612384637 0.000398425502608 0.000533279522373 0.000328857296866 0.000834489673544 7.79157253637e-05 0.000152483509687 0.000184031454646 2.36012614409e-05 0.000300418496637 0.000195006878234 0.000445691802274 4.59551062294e-05 0.000173740099004 0.000320135194579 0.000371600154415  0.00040601103859
7.75032965636e-05  0.00170156287796  0.00119184799948 0.000657157205255 0.000904104501065 0.000776838310334  0.00112349588582  0.00175671019953  0.00203576392381  0.00238961181438  0.00218807889532  0.00228691789465  0.00187555973082 0.000344175117873 0.000893500519907 0.000385444041399 0.000602923816414 0.000346660026332 0.000920480874999 0.000258849098334  0.00061177744148 0.000192612647069  5.2440918809e-05 0.000574380919396 9.47202306487e-05 0.000412300476806 0.000544452612432 0.000811949468417 0.000594422889085
3.75420084468e-05  0.00159325798798    0.001231262133 0.000279229501133 0.000412378095472 0.000850139756786  0.00131194439842  0.00199396071377  0.00222623843857  0.00220929765836  0.00220637134025  0.00239739592118  0.00196095346459  0.00144589153043 0.000341276167945 0.000277750510898 0.000284607118994 7.53054857304e-05  0.00088263510433 0.000283346583175 0.000447054652927 0.000163097924609 0.000165550739347 0.000295614450147 0.000346174212066 0.000683729111305 0.000351499243512 0.000328663459565 0.000429858953989
0.000104446760189  0.00179942469943  0.00133809019395 0.000366967658842 0.000435175469421 0.000777552380209   0.0012847204716  0.00211728964628  0.00238504334018  0.00238349057983  0.00238930728866  0.00247481793815  0.00199786921218  0.00148661267912 0.000355486354917 0.000291670767341 0.000253190024908 0.000116543387782 0.000151111117363 0.000197978364725 4.47765612335e-05 0.000103383427324 0.000112458616317  6.7414593993e-05 0.000169319859378 0.000350156831968 0.000449155365899  0.00050205805014 0.000525135972174
9.48201505397e-05  0.00153626390158  0.00116198519151 0.000309157530965 0.000538734443822 0.000729646592677  0.00118693454949  0.00198211798894  0.00229566129685  0.00230865589119  0.00228834489376  0.00239680369719  0.00198257139774  0.00146396897821 0.000348890438892 0.000331132345518 0.000314695325873 0.000104162613876 0.000132428832804 0.000158270967659 6.85049101678e-05 7.33750365976e-05 8.55760804754e-05 6.32477904258e-05 0.000168048961708 0.000337400385611   0.0004593231626 0.000534917876343 0.000556889432381
8.67372829949e-05   0.0018050668193  0.00176923549731 0.000493265414834 0.000611749412717 0.000928222004231  0.00136583495261  0.00220268253622  0.00207500510698  0.00210215216608  0.00241955871842  0.00258351610498  0.00210636382079  0.00162834721745 0.000752360760224 0.000421784335117  0.00097413940302 7.90914964633e-05 0.000115445416104 0.000231785291501 6.42146000758e-05 0.000284945068376 0.000207598556129 0.000694330782008 7.92262608783e-05 0.000153126420548 0.000277803956303  0.00044749333889 0.000487292173432
1.18927408332e-05  0.00184409086594  0.00150690706201 0.000676258240367 0.000895136048624 0.000979134891884  0.00137665567286  0.00198888185237  0.00212599710801  0.00218491147701  0.00205781185434  0.00213836161384  0.00184128696483  0.00134266659959 0.000591958265903 0.000528436148951 0.000392200941874 0.000231759687236 0.000161425418151 0.000206443912297 0.000129451200446 0.000132062367262 3.13330603797e-05 0.000145713213376 0.000158100514815 0.000343973495146 0.000468217374649 0.000578724247229 0.000643641532127
4.51993905084e-05  0.00195765500585  0.00170175175472 0.000769027735737  0.00094327686493  0.00118289144726  0.00159237771048  0.00223515746182  0.00199680020024  0.00200946608537  0.00229483875875  0.00244080278918  0.00208579750659   0.0015641090368 0.000553991239148 0.000550612737514 0.000542885432206 0.000137344416599 9.07703900825e-05 0.000191428970565 0.000112200108714 0.000137397682167 0.000227457213001 0.000255441887414 5.92687369146e-05 0.000222910638082 0.000395911324979 0.000571143755376 0.000659179831968
4.48525424888e-05  0.00199556960795  0.00171694919716 0.000934067440486  0.00115893101407  0.00134824546502   0.0017015537235  0.00217083058082  0.00188344414904  0.00188716450881  0.00206486622903  0.00224622863941   0.0019833991106  0.00145730137255  0.00105365466556 0.000518726322342 0.000429064028134   0.0001755189326 0.000123977979931  0.00019099849218 0.000123108218308 8.02650186667e-05 7.17912785865e-05 9.45886757031e-05 7.35192064833e-05 0.000314661218822 0.000479143705482 0.000561096612882  0.00055673423316
1.28808250937e-05  0.00195009596578  0.00160091064294 0.000477068206639 0.000769186358366  0.00113089916702  0.00148638702117  0.00187335768853  0.00159895339084  0.00167950543242  0.00192924353031   0.0021815970391  0.00197054217603  0.00144926148018  0.00102196190626   0.0005436408999 0.000480048427546 0.000188762906027 0.000100632766632 0.000151377211203 9.06034224646e-05 6.11013915517e-05 0.000121028610878 9.79145777595e-05 0.000186054851429  0.00032033259124 0.000474860099495 0.000620965691927 0.000702610664067
4.26364894617e-05  0.00193801213886  0.00159829156565 0.000628739310677 0.000812161845004  0.00101657635866    0.001298770782  0.00163909154603  0.00154579725422  0.00188104494489  0.00208188145354  0.00225551141514  0.00200322176507  0.00146140595467   0.0010534690355 0.000597270991951 0.000587204005446 0.000317883675978 2.40710906057e-05 0.000135438447661 8.01034106473e-05 5.50152162817e-05 0.000106832992631 8.57027756069e-05 0.000211384509246 0.000408294122578  0.00048061299913 0.000536053826016 0.000573270903027
3.51831218682e-05  0.00199460486269  0.00158632337379 0.000253037742234 0.000394480231241 0.000715295665885  0.00101050788158   0.0014047271908  0.00151760771605  0.00212148519636  0.00227867028221  0.00232483528708  0.00201826431137  0.00147533200595  0.00108242902632 0.000750957212788 0.000673933485618 0.000420664303347 0.000111231614921 0.000214651044418 0.000223678231504 0.000145756160477 0.000225757162222 9.38465064542e-05 0.000138590502143 0.000286544344063 0.000428216462061 0.000496308558128 0.000513068495682
6.26758669138e-05  0.00164826152775  0.00113054005143 0.000407213273076 0.000734293088001 0.000301727350164 0.000287523049233 0.000817432552693  0.00138758464202  0.00235017390198  0.00209969612121  0.00223457038246  0.00199340057152  0.00136377342227 0.000595947550296 0.000696110225684  0.00065178371831 0.000562319932948 0.000138858816237 0.000165831613928 0.000286332768069 0.000373761002312 0.000163212287271 0.000575069421473 0.000232481712663 0.000366352241168 0.000463522666428 0.000576693737424  0.00061036384292
 2.8050820397e-05    0.001553625672  0.00112235400211 0.000224750574517 0.000533411577772 0.000167531796855 0.000170433106446 0.000826208839999  0.00139177841983  0.00198942383961  0.00219906468319  0.00234695948508  0.00207336141017  0.00146786179315  0.00105804171149 0.000710218404608 0.000707747336391 0.000501519704361  0.00021946707679 0.000121162246986 0.000248785268083 0.000108349310526 8.28978382978e-05 4.88680145145e-05 0.000149505637471 0.000218220844575 0.000287915262679 0.000354566008727 0.000396524846512
2.50489453138e-05  0.00154178343852  0.00124336066665 0.000614436310823 0.000783476089529 0.000566522157794 0.000594434180536 0.000955329924862  0.00135709942557  0.00198963814055  0.00223143590626  0.00233551092299  0.00206680820528  0.00149997943452  0.00109426575402 0.000752921507177 0.000758662825873 0.000516283144953 0.000222304418459 0.000140746777048 0.000291778862637 0.000223371682738 8.18979653839e-05 0.000105857282775 0.000225488298806 0.000286043892319 0.000333206998898 0.000376839708782 0.000414776125923
3.44354102065e-05  0.00161918025513  0.00121945544036 0.000246587081063 0.000537020741852  0.00048270377476 0.000537451940093 0.000963438928799  0.00138643499883   0.0020228679253  0.00225883620434  0.00237951430517  0.00211805932172   0.0015234545752  0.00108397284176 0.000880008688665 0.000615071704378 0.000326216097146 7.51582427852e-05 0.000184726627797 0.000296824829713 0.000182263967199 5.16643781126e-05 4.31118380816e-05 8.44730780725e-05 0.000248347614554 0.000366124590807 0.000502384243893 0.000530722325114
4.14070716359e-05   0.0015245085529  0.00115952395806 0.000489464764389 0.000861519553106 0.000630572258793 0.000645323272237 0.000923547031213  0.00130685049926  0.00194566837733  0.00220481968431  0.00235589592259   0.0021139351125  0.00154034703695  0.00108668481251 0.000886118321193 0.000647159948142 0.000357010617373 0.000119505593183 0.000126894485514 0.000245857646701 0.000147267542066  2.6673232543e-05 4.56467711324e-05 6.25878571754e-05 0.000201043728339 0.000385438552531 0.000394339546219 0.000445567286161
9.74400998819e-05   0.0017283081634  0.00127975567744  0.00014003543997 0.000378552667568 0.000426959399726 0.000490642442273 0.000858749090927  0.00127036533384  0.00186644133458  0.00216429566533  0.00238135247856  0.00214497456813  0.00155447886272  0.00107512356405 0.000859562138339 0.000604980152772 0.000348531405301 0.000105762640446 0.000126856976599 0.000219049590061 0.000112455864878  9.4039980423e-05 0.000115089778068 0.000156533531547 0.000319927807639 0.000456569723382 0.000570780063077 0.000586915379396
8.55933866753e-05  0.00180835745875  0.00164557925752 0.000135649246767 0.000335672936839 4.64804932466e-05 0.000237252606648 0.000949146442513  0.00146602599533  0.00223383888503  0.00226281459443  0.00242597762639  0.00219187159595  0.00160888106462  0.00149933791373 0.000945885575522  0.00108907685897 0.000422155656515 0.000228483158644  3.5654866906e-05  3.4629186139e-05 0.000255179395623 0.000176471341659 0.000388832073427  9.8424903971e-05 0.000199176896592 0.000222643257452 0.000351620107487 0.000417541969228
2.04650180285e-05  0.00193603494551  0.00159332918864 0.000627940602649 0.000777232855593 0.000619915395413 0.000723628420835  0.00136264900401  0.00184794405726  0.00253592954216  0.00259658842868  0.00253101835115  0.00229718472233  0.00163171371015  0.00115234412217 0.000911872842462 0.000719950543481 0.000370713336912 0.000104894976318 7.58853802615e-05 3.10897507185e-05 0.000178742792586    0.000143975085 0.000157752270256  0.00024949443872 0.000318922674321 0.000256923489584 0.000349045736215 0.000356647345587
3.31187129386e-05   0.0019386687887  0.00158541900764 0.000351187393356  0.00049465838363 0.000605513046518 0.000878696295842  0.00154879142533  0.00201915696073  0.00268695177991  0.00276765285022  0.00271026284437  0.00234767614126  0.00165317447004  0.00112092000331 0.000945508048757 0.000572111183636 0.000365708383597 0.000160675746248 7.18733795678e-05 0.000102905369358 0.000146888944548 0.000137531205874 0.000131336776412 0.000130760269771 0.000230119944595 0.000365663858275 0.000436896293057 0.000443177304659
1.65800156429e-05  0.00193898065958   0.0016288124124 0.000503366506352 0.000488522821533 0.000564822532385  0.00085060372425  0.00161839407078  0.00220814473445  0.00277225146599  0.00274952868977  0.00272980908001  0.00244339690664  0.00160214654645  0.00120560157525  0.00148817592112 0.000722168424001 0.000411098515513 0.000115786950205 0.000144714370558 0.000144715996208 0.000134364378627 8.62988821683e-05 0.000162380059397 0.000202752381883 0.000286707703623 0.000375434152721   0.0004372726639 0.000471533429771
2.56517214682e-05  0.00189189620671  0.00151902440028 0.000287422344262 0.000550250205017 0.000562134699803 0.000872636875731  0.00167797667289  0.00232017575403  0.00288896013316  0.00281846457531  0.00275218922909  0.00242834576053  0.00169061935842  0.00116887428162 0.000981252707914 0.000635148915815 0.000257199145095 0.000106566089959 5.21518012804e-05 7.35277366162e-05 7.78051599849e-05 6.71830614439e-05 9.53445369836e-05 0.000131105033125 0.000193266036322  0.00019195096313 0.000260477787512 0.000334173327975
 3.8853903635e-05  0.00196358229047  0.00161567612618 0.000231928904168 0.000383804266464 0.000612071911559 0.000952079343321  0.00168203684144  0.00218498658649  0.00271082183092  0.00267082007368  0.00268633813233  0.00244034169571  0.00174325921823  0.00116097073506 0.000911331736861 0.000629086663881 0.000218843081918 5.82948249486e-05  4.4071964647e-05 0.000127592342826 0.000116883432756 7.78458467386e-05 0.000162629184308 0.000196503940426 0.000216456087824 0.000322239507135 0.000394210810529 0.000393656561537
1.39885318416e-05   0.0019169753042  0.00159996848994 0.000491181316431 0.000627094182952 0.000836632671146   0.0011935291311  0.00184378961332  0.00222731082746  0.00261728725823  0.00268696992385  0.00278810405148  0.00251643116786  0.00179772312248  0.00121531927449 0.000878152989252 0.000548776976186 0.000132859900044 0.000106210756194 0.000117999702428  0.00012643161711 0.000115920791481 0.000100696760803 0.000144391473846  0.00017199333119 0.000245907755644 0.000322611399732 0.000356381886106 0.000394209409126
7.95753112683e-06  0.00192648920693  0.00154042456835 0.000151879265141 0.000448648432381 0.000669741613489  0.00112674861444  0.00184629721398   0.0022360412289  0.00265042658528  0.00266769821925   0.0027597618214  0.00252456403086  0.00199602018499   0.0011732716813 0.000257486116777  0.00051372296971 0.000428964252828 8.48442976924e-05 8.13960790441e-05 7.34540812014e-05 4.65430059244e-05 3.37191415926e-05 5.68730845019e-05 5.29712618294e-05 5.74105675994e-05  0.00017490730127  0.00029348996659 0.000315796641349
2.64026326295e-05  0.00189141157164  0.00146532739924  0.00054370206621 0.000861052308056 0.000821800530279  0.00112404713662  0.00166976132248  0.00198193780499  0.00234703472635  0.00249941107075  0.00274456428212  0.00259502958596   0.0018846830013  0.00129066876151 0.000995790117052 0.000576895115674 0.000478200336813 0.000103831850283 0.000116061311608 7.75130905556e-05 4.79762433478e-05 7.23597088812e-05 0.000130516728369 0.000151224501735 0.000272317465122 0.000368973802662 0.000405949452671 0.000444866520643
3.02394177382e-05  0.00196493797535  0.00162736758336 0.000379028908693 0.000520329808493 0.000847268916598  0.00123024826034  0.00187388453017  0.00214777999796  0.00246803866398   0.0025449904298   0.0027805407241  0.00264183099827  0.00198817218066  0.00132119010813 0.000775068920246 0.000588696688117  0.00053733545547 0.000115136857057 0.000122979381574 0.000152230125647 0.000106668557054 7.88088042669e-05 0.000197732581558 0.000258631731569 0.000298071434175 0.000320138034149 0.000366297040761  0.00038798564744
3.85174037602e-05  0.00193378530439  0.00150209848177 0.000237370911053 0.000480135706694 0.000659872718326  0.00105376409448  0.00169732397471  0.00197612107091  0.00228242784152  0.00240821895061  0.00271236731789  0.00263262837993  0.00179127552464  0.00133312224973  0.00146779685334 0.000553271963896 0.000332227381208 0.000122779935905 0.000278785751425 0.000155007451171 0.000131620690735 0.000102366795447 0.000132625867194  0.00014662496683 0.000164370183064  0.00031770754005  0.00046459514569 0.000460943131782
1.53037210217e-05  0.00193662289832  0.00146326282223 0.000387406740867 0.000755095196625 0.000723823767318  0.00108217546608  0.00162592589289    0.001834853961  0.00206562033932  0.00221929010865  0.00263811543213   0.0025908249196  0.00198059903236  0.00126424174647 0.000621668823387 0.000512718496247 0.000477457252331 0.000107526685878 6.05521745432e-05 0.000145974933672 0.000121413864957 8.64573038749e-05 9.70164986926e-05  0.00011071773447 0.000193350662331 0.000312088571438 0.000386882909242 0.000442995373811
1.57148563364e-05  0.00196580892029  0.00153029340854 0.000638015413303 0.000909972207151 0.000956977581509  0.00125571955433  0.00173349110769  0.00186077333528  0.00205603499632  0.00224549974112  0.00265297730926  0.00265348160346  0.00199110230835  0.00138681261845  0.00113525731474 0.000586598442312 0.000351911192984 0.000342113689912  0.00023394056986 0.000278978271077  0.00022190593166 0.000144676152929 0.000176190452822 0.000173795124706 0.000257614195375 0.000320102187401 0.000400938625807 0.000491816532533
6.84314053063e-05  0.00201963757743  0.00165018917242 0.000678330547655 0.000839827100988  0.00115528407281  0.00150355304549  0.00197561239404  0.00203709401197  0.00210070137234   0.0022128937471  0.00270696517537  0.00244938801564  0.00156895775531   0.0012720992102  0.00089299541953 0.000397559945006 0.000375453495282 0.000323346735604 0.000212535605546 0.000238517375498 0.000192992589251  3.7817174328e-05 0.000402100872597 0.000907202580244 0.000482603751842 0.000558546813694 0.000245623474843 0.000203583126087
5.18499932017e-05  0.00191274602485  0.00138047862021 0.000564998446114 0.000907648304321 0.000839098143733  0.00113738201874  0.00156149180832  0.00164346241798  0.00166751880249  0.00186260045449  0.00246287726378  0.00256401855873  0.00196353249101  0.00134976203304 0.000845576146049 0.000487931737959 0.000377306413412 0.000355984662171 0.000192212039022 0.000291075061119 0.000218064792922 9.81236214685e-05 0.000270756098281  0.00036910975529 0.000419427407808 0.000429455155205 0.000468555052853 0.000544747552328
3.00066125223e-05  0.00193888244769  0.00157967521003 0.000496734108411 0.000635088442542  0.00092334934908  0.00125735989471   0.0016652301142  0.00168365033035  0.00177723423517  0.00195763434833  0.00247034217375  0.00256572708052  0.00204849316391   0.0014050634646 0.000896438993068 0.000553775622728 0.000418651896091 0.000392162996301 0.000117720035047 0.000219187209685 0.000149801378669 0.000125841695814 0.000216583924474 0.000234456292715 0.000256623577838 0.000233291795378 0.000271839378884   0.0002738953838
 4.2859103089e-05  0.00193757509667  0.00143412495161 0.000217261306894  0.00052455755946 0.000580503692862 0.000901913673525  0.00133785036933  0.00137647938505  0.00149185922156  0.00176346480758  0.00235933349337  0.00258935756893  0.00213219366633  0.00146941188131 0.000954950581134 0.000608394513814 0.000442619776362 0.000440763524157 0.000124348622337 0.000130077126492 0.000117704988178 0.000121231598297 0.000159216614639  0.00016424514927 0.000211602873794 0.000269791988737 0.000321315240822 0.000370951859488
2.87970026319e-05  0.00196280441622  0.00154845117295 0.000255518526486 0.000412504609374 0.000442308798225 0.000717566467548  0.00105225039237   0.0010270089722  0.00116972433113  0.00152298712754   0.0022082905175  0.00248613852636  0.00208091152556  0.00136789332804 0.000993538820569 0.000466744528706 0.000346409914932 0.000367848399484 0.000599164674488  0.00016923591537 0.000176669142372 3.37494985026e-05 5.05905307504e-05 9.28964741563e-05 0.000113440401764 0.000160246071109 0.000184306197562 0.000160692367439
2.62665672082e-05  0.00191367811699  0.00140795486064 0.000315979639822 0.000679080991514 0.000373746132352 0.000610365017684 0.000967179276676 0.000941819412185  0.00114148407706  0.00158834023656  0.00231894068678  0.00258831335044  0.00216576220627  0.00149123676476 0.000963528525192 0.000585351329189 0.000368438067854 0.000401686070978 0.000403546425853 0.000153921760763 0.000116514061043 5.11934874183e-05 5.30501450502e-05  4.8094561368e-05 0.000129196982698 0.000165871550782 0.000209485020969  0.00029475895619
3.31588650892e-05  0.00197359891543  0.00146726744415 0.000599815255233 0.000758065119163 0.000682685928865 0.000834490840198   0.0011454370137   0.0011331496191  0.00146402297755  0.00185679911233  0.00247704702771  0.00281611906546  0.00246408380732  0.00178222433383  0.00111540101955 0.000827091203363 0.000819006835638 0.000505471167248 0.000247928745429 5.69231506857e-05 3.73609690895e-05 6.89517804438e-05   0.0001176130935 0.000147517715542 0.000113108966802 0.000190494594287 0.000277166421413 0.000245723112035
3.59807511597e-05  0.00198842927499  0.00157648671233 0.000570233260413 0.000632104884431 0.000726185454589 0.000961503476723  0.00121494056355  0.00113695187851  0.00141522184318  0.00182188923284  0.00246055813122  0.00273441327055  0.00235035974919   0.0016304464188  0.00106636652428 0.000604155055414 0.000261611257898 0.000347548983778 0.000468191022683 0.000234757189773 0.000203436597439 0.000112232807999 7.48014069731e-05 3.88808075516e-05 0.000142803437898 0.000264329695796 0.000345163910546 0.000373768894903
5.80642198416e-05  0.00187313521942  0.00141536717838 0.000380273081797 0.000646243999229 0.000622273468478 0.000727273744642 0.000897061046979 0.000861839397121  0.00119553559015  0.00163830468553  0.00233015420469  0.00271045503447   0.0024041356792   0.0017240655028  0.00109743022391 0.000696677040938 0.000516975525501 0.000416112609708 0.000311725730077 0.000149970621678 0.000133933458242 0.000149325921445 0.000138078160653 0.000130645526051 0.000191959981736 0.000244248665436 0.000282309062882 0.000313924100768
9.49646984782e-06  0.00189203113897  0.00140661556747 0.000457442336725 0.000699245323064 0.000523015992646 0.000600580145277 0.000690348687474 0.000586465973643  0.00103940557908  0.00154553181807  0.00229557607138  0.00271846755983  0.00240815099957   0.0017759696642  0.00116024760369 0.000782837976294 0.000538440392688 0.000401841366226 0.000326770613282 0.000166323826756 0.000141988886277 0.000146908202418 0.000195625122893 0.000226757980678 0.000292922066222 0.000353472964946  0.00044023358346   0.0004571956405
3.02055079689e-05  0.00191488191768  0.00135222901141 0.000444133969729 0.000891922770626 0.000520155563001 0.000448689419418  0.00030327309947 0.000332645280714  0.00104404538458  0.00149269268712  0.00213040581658  0.00250589230282   0.0022765885713  0.00174460300398   0.0011862367472 0.000753383515219 0.000569152530911 0.000436228073746 0.000329913619345 0.000216904283389 0.000108470741145 9.65470150363e-05 0.000136303443227 0.000184751009711 0.000257481613709 0.000348547441095 0.000508976168896 0.000573720316037
2.55874931268e-05  0.00192880901552  0.00135331331359 0.000420113882715 0.000768935019354 0.000326086941697 0.000243613027556 0.000357724827415 0.000619035672844  0.00134686003105  0.00175641278189  0.00229129956074   0.0026221280394  0.00232674692665  0.00181437112107  0.00126089704891 0.000832045002423 0.000613436441463 0.000471588715738 0.000370037358251 0.000323705406034 0.000127802513133 0.000137846432467 0.000161299684767 0.000146382215127 0.000191304385216 0.000269147999216 0.000362853285636 0.000412698936536
 2.0904726437e-05  0.00194841949419  0.00144347447816 0.000238693373932 0.000443745461295 0.000217355011206 0.000324904654175 0.000661862755393 0.000975457619294  0.00167703968788  0.00190898001788  0.00218513977284  0.00250281997433  0.00231717480735  0.00182306913803  0.00127472675201 0.000828100980096  0.00062542868498 0.000461854295169 0.000361907528931 0.000312274379551 6.98925090293e-05  6.9749297709e-05  9.6419038683e-05 0.000172247261051  0.00022320881242  0.00027172381841  0.00030792034668 0.000331866481096
4.80084854852e-05  0.00202253716105  0.00156621221118 0.000367036776116 0.000300734975074 0.000384381369217 0.000377266144889 0.000770890121467 0.000976167556583  0.00153163812715  0.00175447016215  0.00210680229472  0.00247244451247  0.00226412650617  0.00180091865425   0.0012452744827 0.000801868078257 0.000556350844403 0.000444132855766 0.000345088124882 0.000256770489053 0.000133816601294 0.000130497819696 0.000150464497842 0.000119874072907 0.000158561272651 0.000276235162425 0.000398235708274 0.000459109230991
 0.00021835772723  0.00191022071703   0.0014059603537 0.000607784751372 0.000757495183047 0.000484208622578 0.000518439955438 0.000763729267743  0.00104557310607  0.00147424697253  0.00160243873729  0.00198133107856  0.00252056614425  0.00233376971076  0.00188675850259  0.00137770744398 0.000867219605647 0.000629440809648 0.000460795994937 0.000334975300129 0.000298858745918 0.000126355417298 0.000116606024834 0.000101089768567 0.000138424909367 0.000232781384503 0.000363539928005 0.000449134884824 0.000493131547969
0.000210143297124  0.00150512717546   0.0012583117419 0.000679803704545 0.000995549701364 0.000673341695051 0.000697277527698  0.00090715975726   0.0011830582121  0.00143032234128  0.00146582946508  0.00179719780185  0.00226332237892  0.00230457600545  0.00199396622584  0.00145701201068 0.000869609939278 0.000598007947447 0.000435597963257 0.000334712866557 0.000275261678117 8.29209795938e-05 0.000124787009189 0.000115234070814 0.000102670537228 0.000114150886818 0.000243968140245 0.000323705950275 0.000316627374032
3.24066438529e-05  0.00164126127843  0.00135863255672 0.000625470025538 0.000961368613996 0.000622906697525 0.000604044522296 0.000783018839898 0.000960063850969  0.00116627066629  0.00124493679168  0.00175846525135  0.00235917374431  0.00247847996922  0.00210774849559  0.00140669006107 0.000900822722136 0.000619963889312 0.000436993012813 0.000305968619535 0.000199044383683 0.000113636052989 0.000209932531881  0.00021000315098 0.000213082249819 0.000220795288372 0.000248223624123 0.000319158384745 0.000342393517504
4.25218328228e-05  0.00165216170962  0.00146005426644 8.19310596435e-05 0.000203436525099 0.000271524291011 0.000397525690606 0.000744212813298 0.000878712829673   0.0010606529406  0.00110599403019  0.00164961922822  0.00228966052132  0.00248464926261  0.00211966613035   0.0014184880366 0.000864309384947 0.000617399869289  0.00044743854368 0.000295949202035 0.000184307618891 8.39887492431e-05 0.000218637009394 0.000205634041939 0.000177656330727 0.000208607758622 0.000287985650206 0.000404694759534 0.000428794183337
3.19336180734e-05  0.00162849240063  0.00147597384954 0.000289078750662 0.000240612633379 0.000330311504202 0.000423509367526 0.000732823664771 0.000722442145258 0.000987193891763  0.00115821336882  0.00170162742304  0.00230080219098  0.00247510274024  0.00211790059229  0.00137855418659  0.00089307003142 0.000635663829387  0.00047738781384 0.000343456680244 0.000210265965142 0.000150636344126 0.000163748434844 0.000174567788633 0.000168862188645 0.000183276990057 0.000243781478319 0.000319984709837 0.000316980667186
3.33248316665e-05  0.00160840495267  0.00136406273518 0.000288955679325 0.000607100420447 0.000138866682589 8.61937007862e-05 0.000331272532363 0.000355323295142 0.000465587282043 0.000578469608727  0.00118728727251  0.00180262855255  0.00196362621478  0.00140928707791  0.00122243197869  0.00123622452109 0.000520082041561 0.000294154997572 0.000430524166636  0.00113545306104 0.000263948642025 0.000371860676394 0.000196145558621 0.000138974729518 0.000409042128627 0.000366419228949 0.000520676722422  0.00038140308956
0.000191133264791   0.0019135940305  0.00158146304224 0.000331423161592  0.00035275548301 0.000427465874579 0.000522438684287 0.000714311275731 0.000715425265573 0.000750759775173 0.000918762298183  0.00151278552632  0.00235761494848  0.00274262797978   0.0028626275516   0.0018539358378 0.000896477791208 0.000948569291187    0.001276379536 0.000645428021183 0.000829596037821 0.000194335888728 0.000101033581906 0.000346410264608 0.000369021349049  0.00032338936933 0.000260294978708 0.000515243923516 0.000411863213136
0.000112853500385  0.00180112271856  0.00158906931943 0.000601677669144 0.000637531178895 0.000718142349412 0.000748286201947 0.000909485624501 0.000887093171968 0.000913919146585 0.000917118411304  0.00135176072329  0.00199173561953  0.00209973347082  0.00171515612436  0.00140777803735  0.00112390788811 0.000666280993184 0.000245120771985 0.000399067286365 0.000646534093646 0.000178788942296 0.000115513063181 0.000215259879412 0.000191908492914 0.000354393220109 0.000336192459029 0.000410143212074 0.000472415346826
8.50658396469e-05  0.00160024010033  0.00133920109418 0.000322207746462 0.000615941957202 0.000453369085452 0.000637841687864 0.000813644999772 0.000916819612982 0.000804375251117 0.000740231139307  0.00121907958005  0.00178234781852  0.00205874219928  0.00183478914817  0.00155503226451  0.00132252407983 0.000823427895242 0.000433970108314 0.000497447282599 0.000636810700287 0.000261433030174 0.000117708594335 0.000102916063443 0.000172694118806 0.000297127348862 0.000343897476122 0.000436585986608 0.000420650203111
4.54765399515e-05  0.00169530265295  0.00139964841886 0.000573606976004 0.000809134505649 0.000493475383515 0.000536668215459 0.000782936050898 0.000717791295272 0.000623157839762 0.000799426919499  0.00153695689853  0.00226211420501  0.00258335117433  0.00272799382218  0.00185660857074 0.000846478420661 0.000824824153986  0.00114456168062 0.000373948733457  0.00060683311217 6.63112546198e-05 0.000282664200437 0.000371150071206 0.000298740013014  0.00019252621496 0.000318596558957 0.000586731789792 0.000420830105142
0.000302866442278  0.00210816416504  0.00165219748739 0.000540244211187 0.000472679307238 0.000684137712384 0.000757516575925  0.00103518956606 0.000930964480079 0.000938388938472 0.000733512116825  0.00120654227627  0.00198058711816  0.00222173078314  0.00222606584957   0.0017436079128  0.00115381536953 0.000816211978474  0.00052493711483 0.000297158584465  0.00020037932526 0.000106436801059 9.52205779993e-05 0.000236053464342 0.000201936055935 0.000258366819984 0.000316818584029 0.000392600864564 0.000426605816165
0.000218214001524  0.00180824175283  0.00165828044985 0.000690939576368 0.000711463881467  0.00100489663503  0.00112036018311  0.00122843057469 0.000987753548968   0.0010088619009  0.00106754413762  0.00147967484205  0.00213646038707  0.00235570235954  0.00216938716457  0.00167957420824  0.00110010582935 0.000678158749239 0.000553612393995 0.000432314084499 0.000255000232619 0.000160743878691 0.000134472543966 0.000185448130167 0.000194903747449 0.000245682586911 0.000283801518996 0.000344562352257 0.000410896662346
9.09495360416e-05   0.0016211339836  0.00126732668282 0.000664024057998  0.00092051809523 0.000325549811894 0.000197731853573 0.000369710852611 0.000328352338465  0.00059476319991 0.000920904545929  0.00142639441448  0.00187207353857  0.00212089698542  0.00214624401555  0.00175238126156  0.00117947699553 0.000804910718159 0.000558739930536  0.00037486094932 0.000223001502776 0.000131740851711 7.93313310171e-05 9.79947970827e-05 0.000106030367803 0.000121685141072  0.00027534844166 0.000461677406067 0.000473513062337
0.000215521013773  0.00199199427194  0.00153283763965 0.000441929845947 0.000719994375743 0.000611695519148 0.000694852558667 0.000783519914869  0.00076392438831 0.000735823084307  0.00104526801607  0.00140594656391  0.00195834007002   0.0023052097522  0.00218323234979  0.00175406478875  0.00122761462735 0.000829902915296 0.000576909651326 0.000395602644762  0.00028141871124 0.000123948729054 9.87311623575e-05 0.000174835863645 0.000204175682771  0.00021680049376 0.000254121122592 0.000326867717653 0.000392659878844
0.000145217459357  0.00189041835785  0.00161060441796 0.000538739666171  0.00050314050494 0.000562216172619  0.00050622081855 0.000645395994258 0.000618808717405 0.000867315906773  0.00105040099616  0.00148874043072  0.00197363058082  0.00208167407674  0.00197548292122  0.00163843310426  0.00116606934674 0.000813602581051 0.000558661039437 0.000366796025813 0.000189200614387 9.54764056137e-05  4.5835924824e-05 0.000121060076236 0.000149162814931 0.000184054143175 0.000301075986483 0.000379089637399 0.000411321264109
0.000202383763407  0.00191579903194  0.00150851388412 0.000602676048485  0.00067962155116 0.000519053199091 0.000531844151181 0.000605932882657 0.000606705554424 0.000736601594105  0.00114281556435    0.001472150605  0.00183738353569  0.00204941423442   0.0020209731146  0.00172479943946  0.00135417036115 0.000963726311874 0.000651081612033  0.00045520297684  0.00033691903563 0.000222859273171 0.000168224850825 0.000226062636013 0.000251970396764  0.00018434108004 0.000269641160569 0.000415173516517 0.000492845558687
5.34688217159e-05  0.00195046687936  0.00142411478512 0.000289692466317 0.000618444189702 0.000392609537249 0.000479584843948 0.000691686208298  0.00083750175141  0.00106976280298  0.00128333701649  0.00157906051948  0.00179938949368  0.00192708781092  0.00198072763967   0.0017662751972  0.00137463721986 0.000969337481362  0.00067038845616 0.000460042063887  0.00027897004043 0.000131769471398 9.24682560983e-05 0.000182360592312 0.000250248584847 0.000328633838766 0.000333124351126 0.000523637410905 0.000582119258701
4.75247793202e-05  0.00201671061982  0.00146857163925  0.00011622144158 0.000441179905918 0.000202755184599 0.000302531605572 0.000534555509392 0.000737026372175  0.00101276594209  0.00131595658549  0.00162122907056  0.00171083920363  0.00177641560725  0.00185664968354  0.00171183322892  0.00135609425919  0.00101212396282 0.000721117775729 0.000530863581377 0.000371147395458 0.000192318125537 0.000118226876441 0.000195650563217 0.000246788133793 0.000326777501633 0.000247704427349 0.000232534734718 0.000268204657076
3.19462934246e-05   0.0020021128062  0.00133049158054 0.000510438049839 0.000857585603781 0.000375484128678 0.000338440427372 0.000467799852579 0.000650541814955 0.000937873828697  0.00127319920123  0.00159677208254  0.00172279988645  0.00183176551155  0.00183351928005  0.00171729722274  0.00144193938558   0.0010436383521 0.000754649368453 0.000515349370231 0.000308625945519 0.000178676479995 9.31010926845e-05 0.000109305720288 0.000206522530446 0.000337295985987 0.000378486625419 0.000561355245586 0.000584128469375
2.63806900091e-05   0.0020217876875  0.00141470308423 0.000301890934098 0.000481051532086 0.000320904245369 0.000407000667383 0.000685286654128  0.00078308705632  0.00100278167561  0.00128181936532  0.00160126144627  0.00173115389468  0.00171042694746   0.0016971086957  0.00175007986068  0.00154286916967  0.00109714444097 0.000720531870533 0.000492047861602 0.000352966850929 0.000207350568503 0.000163930896398  0.00023029483544 0.000270696819377 0.000256664855073 0.000214514683885 0.000335679750255 0.000369347660114
2.25809918072e-05  0.00203810490794  0.00144618770858 0.000267528619684 0.000363981805571  0.00045760986446 0.000717521455558  0.00110956528844  0.00117750464054  0.00138199027513  0.00158290961335  0.00187842063515  0.00206605236188   0.0021190442032   0.0019665254841  0.00177210045651  0.00179096419864  0.00176439191703 0.000801922932912 0.000219862606007 0.000344212644067 0.000287948299992 0.000178763584468 0.000282816529342 0.000264650081593 0.000325960876887 0.000385362888366 0.000452155575152 0.000592317726605
3.53074031101e-05  0.00197050570228  0.00146407587534 0.000155134018741 0.000301060629061 0.000528947122009 0.000789460906347  0.00116204180395  0.00121806897063  0.00139890959659  0.00158732650026  0.00184583694146  0.00202455316541  0.00205736918768  0.00194178466826   0.0018986059884  0.00173335509815  0.00122924475885 0.000856826465825 0.000577213445462 0.000367288068802 0.000192153853224 0.000131783892335 0.000150313767003 0.000217246780157 0.000317084088715  0.00038452317543 0.000393729977652 0.000476809359423
3.89420628317e-05   0.0020123041471  0.00137266486898 0.000283193872621 0.000550934617561 0.000300041480575 0.000605106314304  0.00101107461913  0.00102860599199  0.00119640376768  0.00140584597533  0.00166654770994  0.00202109879885  0.00222412839559  0.00189072029837  0.00190132109254  0.00176857592257  0.00117858407385 0.000825839300241 0.000590907628734 0.000404389020315 0.000367329914116  0.00017633482153 0.000326535601741  0.00089042475097 0.000284658969092 0.000605641428884 0.000740466738815  0.00102031618534
3.69374826502e-05  0.00199543756733  0.00155998343266  0.00030896771976 0.000246791991449 0.000651364314119  0.00083457772969  0.00105490227156 0.000922879999916  0.00103088754095  0.00132104327399  0.00153074558311  0.00147290670993  0.00200344041267  0.00212657493673  0.00189765579059  0.00161955172884  0.00115327692221 0.000796646576698 0.000525299669599 0.000348667169731 0.000124150975126 0.000143673134526 0.000322583432424 0.000824074658916 0.000448851345317 0.000574448448054 0.000320894111963 0.000276965736358
2.86095600582e-05  0.00196989260132  0.00141362336095 0.000214192384004  0.00032634886819 0.000343783560329 0.000647780906379  0.00099301393345 0.000770858050781 0.000753664746484 0.000944409246446  0.00119578050904  0.00114771012265  0.00165129803842  0.00203572995284   0.0019039860019  0.00163340523927  0.00111989527418 0.000722102083037 0.000458541715389 0.000316062872728 0.000190533746092 0.000146657334108 0.000314715020301 0.000392361186958 0.000390995220462 0.000287242799093 0.000232045817898  0.00030017571936
1.54968047743e-05  0.00199747637224  0.00151720179544 0.000256696167544 0.000191349035034 0.000582876014911 0.000769459487023  0.00106718727795 0.000813144815848 0.000686284262409 0.000635704234698 0.000908106627632 0.000737882385767  0.00131289847429  0.00183605712267    0.002000073746   0.0018536477807  0.00123333394694 0.000839066197182  0.00059460984435 0.000352894902685 0.000256539669965 0.000185504728619 0.000146688319519 0.000676486926601 0.000190107095939 0.000733976053972 0.000684775509634 0.000918135094326
3.02285509631e-05  0.00195712125294  0.00140090612032 0.000137700724086  0.00034540808918 0.000338165057976 0.000645897913384  0.00105047318972 0.000842434944416 0.000702843589326 0.000665409105619 0.000895644837968 0.000715898679304  0.00120309007336  0.00183812789444  0.00204305259108  0.00192588543974  0.00139958598799 0.000982787517286 0.000680199495052 0.000439255106566 0.000288197977675 0.000214541898646 0.000105535387058 0.000101910167642  0.00012141034487 0.000385562524595 0.000473491456571 0.000471396092168
3.65002162147e-05  0.00199545378254  0.00156069357589 0.000270596848728 0.000226477943011 0.000660787062261  0.00090134426176  0.00130299146521  0.00111826903745 0.000961075188315 0.000790540505057  0.00093747800394 0.000868839450601   0.0013541288801  0.00196156582938  0.00211603917155  0.00203666443681  0.00147784476477  0.00106217581788 0.000761186375056 0.000499523784263 0.000273540885683 0.000228189564314 0.000248215935146 0.000212406524983 0.000251795972201 0.000392342215317 0.000425729069562 0.000463328574752
3.47854491585e-05  0.00198933205189  0.00144909096763 0.000279970520597 0.000360635776336 0.000632973249647  0.00091576893507  0.00134590731503  0.00117518026227  0.00104937380535 0.000949250398899  0.00102513032661  0.00114646615168  0.00167581940889  0.00211800923613  0.00216699520021  0.00196861712272  0.00155788250212  0.00120297757155 0.000839206052376 0.000527948087549 0.000273657167567 0.000256363676362 0.000444074950141  0.00101063987523 0.000598963427163 0.000594385897928 0.000295052711001 0.000183604192474
5.36247253363e-05  0.00210865186458  0.00156085613293 0.000182969855105 0.000204519935251 0.000599493190339 0.000848094382778  0.00129103951048  0.00114966153178  0.00100004802109 0.000670397346314 0.000622755931622 0.000800834567876  0.00121890104476  0.00188931619344  0.00214251078846  0.00207415750245  0.00164869089703  0.00122446193543 0.000886084910117 0.000488836788052 0.000274837865171 0.000290835067535  0.00047090937865 0.000580447771261 0.000548477593761 0.000347080950477 0.000236951012201 0.000229210796882
6.61176701674e-05  0.00192526712749  0.00145046985636 0.000145613858191 0.000265901303721 0.000410018568724 0.000725107021006  0.00121621993513  0.00109253904393 0.000947382272006 0.000647309808812 0.000683920251269 0.000981155562218  0.00134665564947  0.00169699135262  0.00197147217327  0.00186712585041  0.00127169710563  0.00125604917509  0.00117387910818 0.000505222586199 0.000333255634344 0.000370105699641 0.000425415511397  0.00044978399337 0.000464239892017 0.000454868920709   0.0004709949182 0.000464751937898
3.41949305405e-05  0.00194507473315  0.00141011394542 0.000160334815822 0.000478271883794 0.000181365681564 0.000456403777371 0.000892006026339 0.000793507356081 0.000780192765036 0.000799389175806  0.00107407026334    0.001282948621  0.00139217906295  0.00182308485734  0.00208255664041  0.00215667723401  0.00211002444109   0.0014841505383 0.000748530992917  0.00060133070921  0.00035721406029 0.000357260470286 0.000322282881517 0.000358725757634 0.000334245876988 0.000370705145554 0.000480461115803 0.000500846051791
3.89704944398e-05  0.00190255937328  0.00144950942232 0.000523890989255 0.000735388162575  0.00060958237396 0.000697996293634 0.000933144902625 0.000935784345882 0.000998766890558  0.00105504930196  0.00125428688763  0.00129538670841  0.00141150513062  0.00164927710468  0.00201547869542  0.00207822868305  0.00180517875748  0.00152922307551  0.00111437221007 0.000605447396585  0.00038939300723 0.000299354546988 0.000279835369686 0.000569668700037 0.000231625875109 0.000767327928644 0.000627314157291 0.000828913053347
 2.3259285773e-05  0.00194651917999  0.00147905815121  5.3592943824e-05 0.000366116517132 0.000312369997156 0.000499804204603 0.000776759751186 0.000852929619992 0.000961390033948   0.0011192684063  0.00136693668741  0.00142662913458  0.00142733286303  0.00161584458604  0.00184566241855  0.00203856073262   0.0017780628481  0.00132239770413  0.00089946338134 0.000642385143814 0.000402032311928 0.000312506526202 0.000157942262572  0.00011303393036 0.000232500301327 0.000498678286191 0.000509160716435 0.000436506120129
