0.000309076062083 0.000569946592813  0.00045358048705   0.0019376597704  0.00344039641062  0.00441152832154  0.00460192469614  0.00420242928115  0.00322646732341  0.00284455884383  0.00276253351565  0.00283251919258  0.00302072272017  0.00300741093317  0.00304484527291  0.00312716470613  0.00327576257818  0.00327268682835  0.00330356762158   0.0033809727277  0.00341605949705  0.00345540533578  0.00346295479955   0.0035087978769  0.00351595115854  0.00353030512626  0.00356021501821  0.00356585300583  0.00356454455083
0.000181024513506 0.000102112274848  0.00116908767694  0.00286102383586  0.00408066825284  0.00481249837501  0.00487963636104  0.00443620641876  0.00343510788845  0.00255294015245  0.00227664953205  0.00234095592681   0.0025378919345  0.00251583787823  0.00255900865009  0.00266776731824  0.00285971784992  0.00286467471305  0.00289758279536  0.00303328910052  0.00310937580764  0.00317377556886  0.00317387944472  0.00329824089128  0.00330197586953  0.00332354373828  0.00338474108009  0.00339364305096  0.00339994408633
0.000247748676439 0.000443569701404  0.00181775652272  0.00299200971721  0.00373693018196  0.00412515956885  0.00408524273698  0.00377085781454   0.0031090169104  0.00228939765195  0.00167765023603  0.00171234766069   0.0018330197327  0.00180938381958  0.00182630855112  0.00186981980478  0.00196835488493  0.00195643475824  0.00197456384967  0.00204222204554  0.00207296176111  0.00210193903629  0.00210468942162  0.00215060387665   0.0021409320868   0.0021506897986  0.00217062553283  0.00217095788703  0.00217716150556
0.000187789943515 0.000669033994987  0.00142246286205  0.00166119819695  0.00169282375535    0.001614942118   0.0014254507258  0.00117340934655 0.000831834318849 0.000413967671044 0.000282812548439 0.000755722228821  0.00102169198678  0.00102382182794  0.00103683958601  0.00104252043104  0.00103576616146  0.00104833532302  0.00105693612711  0.00107575313882  0.00107719239922  0.00107397799731   0.0010548804453  0.00105681089303  0.00107143800527  0.00105356879667  0.00106315493602  0.00106759593493  0.00106740277738
0.000190211287866  0.00239274344081  0.00261102317599 0.000642856071609 0.000471095650008  0.00105138986822  0.00142372748712  0.00166870105534  0.00180546006471  0.00186031128059  0.00183744622629  0.00170991774103  0.00163178840022  0.00167253056911  0.00169768447724  0.00172694186258   0.0017606871972  0.00177259838583  0.00177632830279  0.00177901438743  0.00178813323648  0.00181193305184  0.00180859925177  0.00180770969677  0.00179834095739  0.00181912892357  0.00184047784205  0.00183483056652  0.00182327597663
0.000188361312992 0.000516626590422  0.00111393183637  0.00142088357574  0.00075617982045 0.000338432336337   0.0011242897201  0.00174735073176    0.002135296309  0.00230788388557    0.002296850643  0.00207953579882  0.00193612451642   0.0019618980321  0.00198239162997  0.00200040232582  0.00201767878111  0.00201020682341  0.00201451426737  0.00201160472894  0.00201614052542  0.00200578688465   0.0020285144517  0.00204464997779  0.00204190233246  0.00204425412007  0.00202777985178  0.00203112843887  0.00204402749719
0.000189806649784 0.000353741649193 0.000873237043245 0.000945955504918 0.000693515431405 0.000288053493124 0.000409799882125 0.000837877008194  0.00119228773947  0.00146871356322  0.00167500774687  0.00196181768557  0.00217543309683  0.00219262005208  0.00220709787304  0.00221633941645  0.00222750129332     0.00223225133  0.00224845485251   0.0022702587771  0.00227601365041  0.00228144615422  0.00227848080456  0.00227641835918  0.00227991954051  0.00227476487693  0.00228229680853  0.00228099705022  0.00228662060218
 0.00026735007276 0.000598986195419  0.00100026045825 0.000157842034988 0.000613341301607 0.000980362811928  0.00116448180681  0.00137364788907  0.00159451229468  0.00183246582167  0.00205036422507  0.00224668680447  0.00235460168934  0.00236411451452  0.00236762478334  0.00237107129939  0.00237001130823  0.00237367445972  0.00237173919543  0.00236813129183  0.00236895448964   0.0023786417174  0.00235878106979  0.00237241648776  0.00237008197811   0.0023686129339  0.00236393682448  0.00237148981533   0.0023539361174
0.000234631571015 0.000204901388525  0.00116012462846  0.00158620175956 0.000921157221509 0.000346141991877 0.000925789592424  0.00147399362623  0.00182583865487  0.00208461557654  0.00227857010138  0.00248004072926  0.00262569033969  0.00262377168965  0.00262560959828  0.00263298200414  0.00263879800483  0.00263661590579  0.00264616689106  0.00264637180566  0.00263840622937  0.00262390288008  0.00262659699883  0.00263481092943   0.0026461226697  0.00264947386183  0.00266323558787  0.00265933819523    0.002672980673
0.000253233631323 0.000260273037625  0.00193686177315  0.00100331816836 0.000601743861113 0.000943342441844  0.00103567610517  0.00125928270665  0.00156972027126  0.00194013273222  0.00231922733843  0.00273162083048  0.00296889411645  0.00297050529092  0.00297509484806    0.002971147825  0.00297019113134  0.00296775236646   0.0029527466638  0.00295133379064   0.0029533066071  0.00294899050183  0.00294845956896  0.00294512281398  0.00293928051361  0.00293257644543  0.00291842282329  0.00291590426074  0.00290877887304
0.000292836473204   0.0017346378656  0.00264959486408  0.00350785850117  0.00426246327006  0.00357142034861  0.00271568161105  0.00207805205521  0.00198061172301  0.00227754944394  0.00277699322308  0.00335284404601  0.00377400606889  0.00392532294373  0.00393185646708  0.00393143766048  0.00391651798994  0.00391829826394   0.0039151606534  0.00389374667434  0.00388492490886  0.00387419668875  0.00387036471236  0.00385783433973  0.00387139228977  0.00387207168367  0.00385862585925  0.00385229395612  0.00385454151291
0.000237223142102 0.000953482766015  0.00301538215833  0.00395811374448  0.00368340636081  0.00334101169596  0.00305158585728   0.0029409128627  0.00295495342845  0.00313457239483  0.00338101998717  0.00371620610916  0.00402930043195  0.00410885169777  0.00413228499214  0.00417411890047  0.00425124695299  0.00424809491361  0.00425902641649   0.0043144331068   0.0043307334711  0.00436563606955  0.00436359421719  0.00437324082994  0.00437739063303  0.00439292584602  0.00440851267927  0.00440971321715  0.00438875705373
0.000347167108051 0.000591983716584  0.00429200475885  0.00464723484634  0.00252530089727   0.0018328286665  0.00277278363351  0.00374939176636  0.00441727951818  0.00473141796694  0.00477557005407  0.00464082159231  0.00435812280767  0.00419833872636  0.00419959077226  0.00419023941804  0.00415745519474  0.00415399813077  0.00415678124963  0.00414484995806  0.00415359159707  0.00413280708837  0.00413950643115  0.00413908811388  0.00412887041713  0.00412322804812  0.00410937795934  0.00410681118231  0.00412642768833
0.000281185191851  0.00158322066237  0.00631757283167  0.00717124937283  0.00589539540352  0.00509080669329  0.00437000010788   0.0038852971068  0.00365558868287  0.00364461214844   0.0037458092447  0.00389114066159  0.00407701266457  0.00418215258072  0.00417338709181  0.00417619107731  0.00418669786824  0.00419476781509   0.0041971670519  0.00420313422806   0.0042017348882   0.0042142269887  0.00420212443538  0.00423005455695  0.00423505190736  0.00423628584478  0.00425052095999  0.00425674378921  0.00427500862986
0.000288040953444 0.000637878833649  0.00305079858317  0.00236265858773  0.00208730315919  0.00297189707407  0.00381266530951  0.00444662860512  0.00475847350637  0.00486092601284  0.00484916552628  0.00485287569065  0.00490219540303  0.00491339928432  0.00492196389151  0.00494239541453  0.00495985667387  0.00495446978127  0.00495147336119  0.00494807858506  0.00494779227177  0.00494177784262   0.0049403316523  0.00493021166776  0.00493717423726  0.00493350075426  0.00495059385671  0.00495573452769  0.00493750337311
0.000589261400403 0.000743230811266  0.00226582782216  0.00282095633083  0.00252627515472  0.00276367307118  0.00315165820124  0.00360539324701   0.0040305531547  0.00439345894086  0.00460940072498  0.00467907643921  0.00456880478367  0.00445870145921   0.0044599833434   0.0044594024899  0.00448567464941  0.00449276849001  0.00449750193501   0.0045231437139  0.00454917005023  0.00456081424087  0.00457158729808  0.00458675380674  0.00458265759459  0.00459394629189  0.00459439526117  0.00460143476167  0.00460555061459
0.000160386514891  0.00144913781201  0.00444921021651  0.00409817896057   0.0046840959201  0.00436818352554  0.00389993776596  0.00341536147506   0.0034184067996  0.00365283243875  0.00400816528635  0.00432801539708  0.00472960195393  0.00501916491448  0.00500718685756  0.00497424609044  0.00491359357702  0.00490088251029  0.00491011908881  0.00487718305061  0.00483618292927  0.00481828911489   0.0048294044832  0.00480858774517  0.00481493984587  0.00482135054019  0.00481657550134  0.00481987159489  0.00481428575466
0.000206192786324  0.00108886683848  0.00312775048718   0.0042363594877  0.00466337276328  0.00509852045309  0.00495499952464   0.0047917236549  0.00469835846206  0.00469945498167  0.00474126107096  0.00496270187657  0.00541348843079  0.00589082199334  0.00607599761366  0.00608775470934  0.00611422522573  0.00612745708473  0.00611181560963  0.00612143917709  0.00615049216576  0.00616257176701  0.00616479833523  0.00617098939838  0.00617556884206  0.00617835563026  0.00618294886855  0.00618941301877  0.00620901105633
0.000167251115499 0.000950527271362  0.00280359107377  0.00429668815951  0.00564971194903  0.00619529741178  0.00630706250802  0.00651664046319  0.00664850857967  0.00667313570366  0.00658516809668  0.00651182284517  0.00651877646782  0.00636313445232  0.00627459789001  0.00632732455436  0.00643158569293  0.00642997348013  0.00647203454617  0.00655649950601  0.00659430699668   0.0066398619019  0.00663784341161  0.00672069763768  0.00672464973214  0.00674170956522  0.00678751396637  0.00678924682401  0.00678815342578
0.000216474473761 0.000704627486561    0.001635671019  0.00271476196517  0.00355725281016  0.00445793295423  0.00565114369713  0.00654110019888  0.00705144290397  0.00727395984854  0.00722020819708  0.00694936792334  0.00643732412599  0.00600907252247  0.00591627853807  0.00590777144434  0.00589676826184  0.00590234734272  0.00589727532001  0.00589396312223  0.00589884249555  0.00590004852394  0.00592229517667  0.00591781062134  0.00593166530793  0.00592523022144  0.00592473884899  0.00594444809215  0.00596117069772
0.000173860420949 0.000884770155426  0.00241489390634  0.00357048851244  0.00406777105077  0.00408642888199  0.00431614667828  0.00467451698482  0.00499420032689  0.00523922146548  0.00538170815292  0.00547681442035  0.00554854668992  0.00557068492522  0.00557633624011  0.00558237671196  0.00560113397726  0.00561092439213  0.00562816698816  0.00563857467864  0.00564581241177  0.00566044225466  0.00567123106379  0.00566301581802  0.00567666253664  0.00567696177294  0.00553802096503  0.00540924036384  0.00529633598262
0.00019705429412  0.0013028856853 0.00352161253885 0.00621355969751 0.00714061377985  0.0058851867458  0.0052829318092 0.00499298295644 0.00491939826635 0.00488762202494 0.00496695588373 0.00505094271648 0.00517250786148  0.0054255386922 0.00548136921687 0.00543883926271 0.00536793516082  0.0053784558836 0.00537131457015 0.00524110098759 0.00504021177757  0.0048762258929 0.00473839041783  0.0045739230544 0.00445987814681 0.00435600932112 0.00425590994312 0.00417635940164 0.00410664423052
0.000179830022833 0.000753890488764  0.00215471900968  0.00328000989774  0.00407252866904  0.00442270580211  0.00471842469423  0.00501745923445  0.00521633464415  0.00538571426233  0.00550060750015  0.00565573087774  0.00587381934513  0.00600974020606  0.00606206561427  0.00608141243984  0.00593167559848  0.00573667484145  0.00559417035559  0.00548610745661  0.00538024279385    0.005292188222  0.00519815744302  0.00514685521123  0.00507916562311  0.00501727964937  0.00497447674751  0.00493018175249  0.00488995702988
0.000204262328618 0.000661179000742  0.00191974421602   0.0032639526806  0.00413962693044  0.00455575618804  0.00481679377113    0.005142652663  0.00543985024641  0.00571920501549  0.00591072041918   0.0060646153239  0.00618166414088  0.00615501559904  0.00588990424198  0.00569529919223   0.0055495160869   0.0053984156015  0.00527159906867  0.00519060212333  0.00511129372903  0.00502762632551  0.00496369459554  0.00491617855925  0.00487402983341  0.00482927747564  0.00479404982281  0.00476549832244  0.00473583755129
0.000185875338788  0.00075259904746  0.00206125168234  0.00301793865959  0.00366895943363  0.00408855573539    0.005051513504  0.00576162945831  0.00601072529998  0.00607792076836  0.00608876899709  0.00613494160918  0.00602955508229  0.00583408398941  0.00564872687977  0.00547395344507  0.00533236421146  0.00520329204104  0.00510163262064  0.00501469738001  0.00494196723437  0.00488628054904   0.0048333989943  0.00479082175595  0.00474515077167  0.00472010557954  0.00469138379767  0.00466454643774  0.00464588486367
0.000193577278808 0.000720040625146  0.00201114458148  0.00323216704362  0.00422257107407  0.00432576698164  0.00413953504325  0.00435814515702  0.00460287220158  0.00487280507276   0.0051089001663  0.00507420823912  0.00495723123779  0.00476538791502  0.00458916273031  0.00445313222144  0.00434501418055  0.00424855814422  0.00416656916869    0.004101614871  0.00404935944338  0.00400130463539  0.00396303433195   0.0039440531705  0.00391457954062  0.00389522339867  0.00388930027597  0.00387168059301  0.00385954305413
0.000177257446256 0.000709405977907  0.00207924419096  0.00316688213926  0.00389521660224  0.00388864560686  0.00406734288995   0.0044710042128  0.00476521640702   0.0048833351381  0.00477077232213  0.00463809286215  0.00449770430831  0.00439819311154  0.00427459923707  0.00413968286827  0.00400124285276  0.00391896887695  0.00384231117392   0.0037612381179  0.00369966560807  0.00364863098413  0.00361877555969  0.00356539167918  0.00354809781616  0.00352325349767  0.00349291962914  0.00348437092544  0.00347445292034
0.000193492499428  0.00071358354427  0.00192398631871  0.00272322234102  0.00310633415951  0.00325871488898  0.00330641424455  0.00349646397224  0.00364791445859  0.00365348481859  0.00361312930368  0.00358821526069  0.00357647286615  0.00348599996996  0.00338632087095  0.00331070706847   0.0032888768841  0.00322419211792  0.00318113192641    0.003178738483  0.00316314158986  0.00315417693877  0.00312963592729    0.003140245174  0.00312654153922  0.00311804035633  0.00311560022685  0.00310626991739  0.00309829194092
0.000215638851702 0.000595693691749  0.00156050572085  0.00246685375052  0.00323372815398   0.0034737531404  0.00351535090265   0.0035448760297  0.00344447330756  0.00330771479073  0.00319623513911  0.00307771191821  0.00295077931045  0.00287125260997  0.00277813055776  0.00267135645386  0.00256345203365  0.00250859041777  0.00245710718645  0.00239207157053  0.00234824175774  0.00231208584235  0.00229304912414  0.00226410924137  0.00225546275948  0.00224392509354   0.0022331798557   0.0022319928152  0.00222684609133
0.000215210098982 0.000663010579728  0.00176029881112  0.00239393729962  0.00284470071296  0.00311948427295  0.00335845661041  0.00350248047332  0.00348441704146  0.00340219432409  0.00328488689613   0.0031454723943  0.00299854245858  0.00287273174805  0.00280680939729  0.00273321529985  0.00267545151585  0.00263351309363  0.00259710544266  0.00256592228734  0.00254697917416  0.00253439457105  0.00251084166473  0.00250184599599  0.00249005615542  0.00248385044752  0.00247955838996  0.00247237380455   0.0024711603998
0.000192956007431 0.000729144460108  0.00199299767883  0.00279079100651  0.00320429802041  0.00342454973854  0.00360892158266  0.00367760130377  0.00366170654182  0.00361456502069  0.00353151319006  0.00343774758991  0.00334174445539  0.00323336452223  0.00314781997015  0.00309500866305  0.00305942014124  0.00302458875394  0.00300038642901  0.00298960493305  0.00297096950681  0.00295800249681  0.00295525886482  0.00294771821747  0.00294124637102  0.00293731874718  0.00293655993479  0.00293477686451  0.00293300694761
 0.00018707908988 0.000800382767147  0.00218481179714  0.00303646412452  0.00341614380348  0.00366071012231   0.0037981004009  0.00378238467298  0.00374251165272  0.00367686255413   0.0036121493425  0.00353253476037  0.00343850249054  0.00337737016266  0.00331666379238  0.00325888292737  0.00318860087425  0.00316055845109   0.0031330106459  0.00309189587598  0.00307504655756  0.00305447348108  0.00304501288051   0.0030255635426  0.00301929525234  0.00301381342415  0.00300426277509  0.00300127591517  0.00300033123777
0.000198962307375 0.000676617469469  0.00178814908747  0.00251882721578  0.00277183149002   0.0029493101385  0.00308490005079  0.00313547402008  0.00313298249002  0.00312606932542  0.00307392853445  0.00304770268317  0.00305734431507  0.00300404844647  0.00297273390199  0.00296268588147  0.00299395718465  0.00297049440087  0.00296610394546  0.00299137792373  0.00299243445794  0.00299718419517  0.00299378523191  0.00300867741198  0.00300778247825  0.00301030257504  0.00302170489699  0.00301506019926  0.00301166330889
0.000214304928798 0.000655218852483  0.00179281270077  0.00247702875929  0.00269778641592  0.00272495228593  0.00271455104602  0.00266228159272  0.00264423191744  0.00263021906833  0.00261519524981  0.00257329821113  0.00250564533616  0.00244704938777  0.00238507850204  0.00234117356801  0.00229443873175   0.0022745856066  0.00225598293086  0.00223179413189  0.00221677625726  0.00220267283118  0.00219727718549  0.00218736332587   0.0021785170788  0.00217446704469  0.00216896972429  0.00217267696217  0.00217195960161
0.000360746434002 0.000470291984188 0.000866720141259  0.00101120349681 0.000861372844445 0.000910892956638  0.00109755539499  0.00133976438857  0.00151363769563  0.00161571001887  0.00162410279322  0.00155766685957  0.00140571606883  0.00109392671219 0.000751889004059 0.000690764863874 0.000785513151834 0.000758669161942 0.000774486794421 0.000821334359561 0.000859133731986 0.000869500529067 0.000869164201081 0.000903445915275 0.000918895968275 0.000917445559189 0.000919414953283 0.000944891749608   0.0009425589167
0.000319325808184 0.000380473494672 0.000802852230821  0.00113071466088 0.000926248143726   0.0005238158687  0.00110527104368  0.00181034714258  0.00236491744168  0.00268630975999   0.0027284955192  0.00244769036975  0.00181038740578 0.000845203778139 0.000332315573606 0.000334791403333 0.000371738862079 0.000351678273096 0.000350192472456 0.000377467992761 0.000374077985605 0.000378185500764 0.000374126082394 0.000379339646654 0.000377183456154 0.000375880197804 0.000380893603389 0.000359360252585 0.000369637181896
2.74277765356e-05 0.000333082310268  0.00069281776179 0.000617691914639  0.00060166481923 0.000594882878087  0.00112922395626  0.00179622035306  0.00233668023447  0.00263321230849  0.00262128114944   0.0022463160913  0.00151786173072 0.000614534529633 0.000295479477403 0.000285359548996 0.000308380356008 0.000289439060843 0.000282252144243 0.000309822325649  0.00030727219297 0.000330168371271 0.000308751744654 0.000346589304018  0.00032252930384 0.000318995520703 0.000334082993712  0.00032149577494   0.0003222115953
8.32058799283e-05 0.000390543304292 0.000730676462616 0.000844091345385 0.000615664043738 0.000458681425262  0.00105393516336  0.00161536915291  0.00199836927464  0.00212659419331  0.00194670318697  0.00142890230108 0.000617109177889 0.000266736228381 0.000244459159611 0.000237428040662 0.000274489145973 0.000265458507912 0.000250688305601 0.000270720948376 0.000271952137924 0.000273186439737  0.00026850035359 0.000285000022695 0.000289304926318 0.000284531175073   0.0002960210907 0.000298378151961 0.000290335164244
0.000138355144315 0.000780580187346  0.00103699713436  0.00116641795292 0.000928856545687 0.000342613477405 0.000694527606228  0.00131343384554  0.00172689972413  0.00188100526236  0.00173829868057  0.00127362276009 0.000572617395642 0.000276709419066 0.000254609033137 0.000247302166395 0.000251332174575 0.000224716171041 0.000219934208443 0.000228759479039 0.000234175296986 0.000225096420371 0.000226440566668 0.000242267120805 0.000230163551883 0.000240223056944 0.000246115356274 0.000245435834704 0.000233162688375
5.51493660922e-05 0.000512236845443   0.0008208054481  0.00100186482934  0.00082263413622 0.000441715192244 0.000911160023964  0.00148517731928  0.00187357916774  0.00197300759631  0.00170179001943  0.00103010913539 0.000397692039986 0.000231810377637 0.000198530969382 0.000200915517631 0.000214221735736 0.000198036865518 0.000189829357779 0.000202431765907 0.000201944845718 0.000229687089602 0.000208832094373 0.000225120640707 0.000213281978528 0.000215451617879 0.000219883137187 0.000216621528007 0.000214488617826
7.47576576729e-05 0.000397745361976 0.000707934258401 0.000896871205844  0.00070140445963 0.000504649679849  0.00111023490822   0.0016638072334  0.00198557854468  0.00197108611799   0.0015436740865 0.000671369424517 0.000248755655871 0.000196785456771 0.000173421981909 0.000165285988929 0.000179621097844 0.000160802024237  0.00015775173417 0.000169962023855 0.000172014761755 0.000177032252088 0.000168393489676 0.000183265854703 0.000184899407662 0.000178422716756 0.000187872404212 0.000186339551624 0.000181883583869
 4.1621303003e-05 0.000458053966642 0.000775852485144  0.00104186972431 0.000913777130552 0.000594771123433  0.00110526534767  0.00169762240687  0.00205631891504  0.00206033069755  0.00161572911881 0.000703694988248 0.000270531596693 0.000219427654322 0.000180931853654 0.000165975521845 0.000182918275584  0.00016497618258   0.0001574289275 0.000168727057078 0.000175002775941 0.000164542747206 0.000163403319761 0.000168830488568 0.000158775622463 0.000161208340964 0.000161786901505 0.000160752471819 0.000156342869206
9.81659528302e-05 0.000424353286758   0.0010853875513  0.00185482762489  0.00260076011269   0.0034437287421  0.00311125939877  0.00295889088359  0.00284185151131  0.00236301160915  0.00128254110116 0.000402433695099  0.00025098282474 0.000197542069495 0.000172258316712 0.000166276439802 0.000175101344768 0.000157463469266  0.00015055633316 0.000161130128443 0.000162990738056 0.000157902492223 0.000152457639174 0.000155180255819  0.00014840205637 0.000146176421294 0.000146092658087 0.000143906265458 0.000142764221049
9.86532216734e-05 0.000470515150818 0.000785280195131  0.00103292341455 0.000982338449586 0.000840978340305  0.00120322273873  0.00165603832552  0.00172489971768  0.00140703896386 0.000739140527225 0.000366669881073 0.000296141090005 0.000242051729942 0.000208542858745 0.000180345032211 0.000173001275255 0.000155758086013 0.000145014156002 0.000144733923756  0.00013963397634   0.0001350639993 0.000128637790611 0.000130456973012 0.000128343560895 0.000126796062554 0.000124844037317 0.000125474473443 0.000124297221387
5.17649636293e-05 0.000434182661622 0.000871428983007  0.00134063893525  0.00154580566369  0.00127479934491   0.0009818603102  0.00105515575788  0.00112944603703  0.00101525297614  0.00060742488347 0.000352287832201 0.000290563269095 0.000240747039977 0.000208243822746 0.000187944905372 0.000168851888214 0.000154435959095  0.00014112686941 0.000133468684786 0.000125293102566 0.000120883603349 0.000112547513684 0.000116557681719 0.000111950557027 0.000108773016692  0.00011492536178 0.000112866060278 0.000110391270674
2.27895609523e-05 0.000370613882879 0.000707978068787  0.00100186221862 0.000919370576859 0.000484587377047 0.000919197310464  0.00153166854066   0.0018062429709  0.00159943994335 0.000781894024551 0.000313062049152 0.000256711686542 0.000202268532179 0.000172242273977 0.000156990094304 0.000155563575778 0.000136388957879 0.000124289047238 0.000119820309639 0.000116177772445 0.000111581545709 0.000104854751828 0.000109875147359 0.000104941614665 9.96225539152e-05  9.8085591413e-05 9.63880679536e-05 9.37880143381e-05
 2.0237661081e-05 0.000407737214447 0.000848565304615  0.00135355757379  0.00152156111513  0.00113841808562   0.0013544000072   0.0020480572234  0.00229919558931  0.00182528411731 0.000780581381944 0.000292058046782  0.00024449584727 0.000194254577719 0.000162733612638 0.000146322874292 0.000140591807563 0.000123896158451 0.000114160400056 0.000111476720083 0.000107906241407 0.000104999979536 9.86302305779e-05  9.7937115472e-05 9.16244401223e-05 8.93246495983e-05 8.77761074225e-05 8.61347964029e-05  8.4137485308e-05
3.36647016572e-05 0.000358913396676 0.000728096767314  0.00114167164665   0.0014494204129  0.00153176762143  0.00181631193605  0.00226259909323  0.00211410266662  0.00113216157059 0.000449364360391 0.000298490608895 0.000234831962455 0.000183020055971 0.000152493799954 0.000134936955176 0.000130497711233 0.000113725279409 0.000103541261414 0.000103679367419 9.85199371716e-05 9.29016101206e-05 8.63245522166e-05 8.82548925268e-05 8.30195228245e-05 7.91359638215e-05 7.99137477782e-05 7.44184968698e-05 7.13831174482e-05
1.81879016958e-05 0.000297652153569 0.000661805414267 0.000992877196938  0.00117283284229  0.00122880834603  0.00155392171232  0.00204825332928  0.00201229980928  0.00111314915445 0.000471729209136 0.000317830617894 0.000242813285894 0.000190738071345 0.000157034129952 0.000137217111977 0.000130508188193 0.000113370317182 0.000101931448363 9.98467637342e-05 9.36482141223e-05 8.90510839239e-05 8.26107717482e-05 8.16765591937e-05  7.5409991354e-05 7.21760745943e-05 7.05719866541e-05 7.12049642049e-05 6.93777145399e-05
7.86160215842e-05 0.000393655371883 0.000695279609005  0.00105948864501   0.0011421521526  0.00106174975283  0.00140887316914  0.00193732629621  0.00194677565167  0.00106607583684  0.00045168009789 0.000307842474762 0.000237855440169  0.00018626661751 0.000153632565905 0.000132632831692 0.000122455368487 0.000105939488438 9.43737783905e-05 8.94690229497e-05 8.30398807983e-05 7.81285112585e-05 7.23995341389e-05 7.32781190031e-05 6.74621529232e-05 6.57894755142e-05 6.65556061123e-05 6.32703296219e-05 6.07106812029e-05
5.80874353156e-06 0.000325385077491 0.000705476198857  0.00112836382234  0.00116670875175 0.000920957824674  0.00120604803256  0.00179860857474   0.0016634531336 0.000845828093647  0.00045049472743 0.000313165165273 0.000239444738373  0.00018748764089 0.000154396074292  0.00013222228787 0.000117932731847 0.000101264932344 8.93932829645e-05 8.32298091173e-05 7.75106598043e-05 7.27638149534e-05 6.53369348361e-05 6.42120540756e-05 5.93183944388e-05 5.54321657923e-05  5.3604764052e-05 5.08985161537e-05 4.89228465614e-05
3.98656360132e-05 0.000253730588567 0.000710011355102  0.00108921100061  0.00101314188295 0.000799730933031  0.00118270287777  0.00167665469298  0.00150020356099 0.000810117600943 0.000453902723758 0.000311495342327 0.000237280850815 0.000185458462379 0.000151359832732 0.000129046440411 0.000116789832265 0.000100754086115 8.89662996856e-05 8.26978485047e-05 7.52593278908e-05 6.88716698011e-05  6.2159147776e-05 6.01611943621e-05 5.51828905989e-05 5.18134407823e-05 4.97788864726e-05 4.76621947372e-05 4.50880085538e-05
3.35982429082e-05 0.000302587644356 0.000713406388559 0.000980572068253 0.000974303360547 0.000853000630816  0.00140390935812  0.00166452156562  0.00129905120566 0.000775355043718 0.000459241934113 0.000312658829774 0.000235077968872 0.000182853425727 0.000148893871793 0.000125719541529 0.000111513760387 9.55554178911e-05 8.35985037748e-05 7.59320056949e-05 6.89016800603e-05 6.36232626841e-05 5.67430797038e-05 5.46109972956e-05 4.99957292851e-05 4.63203754666e-05 4.46933304968e-05 4.18171005977e-05 3.94831438102e-05
6.07429765775e-06 0.000301882137794 0.000737053521567  0.00106964982308 0.000993671703075 0.000828119937845  0.00137402736297  0.00163531926569  0.00127245763335 0.000776793748743 0.000459106884498 0.000309107760006 0.000231483167041  0.00017884805025 0.000144989253218 0.000123147256228 0.000109554718848 9.37269133682e-05 8.20841156317e-05 7.52819082167e-05 6.78611467234e-05  6.0976609861e-05 5.43298462833e-05  5.0792213702e-05 4.62034348193e-05 4.27619715673e-05 4.05503151916e-05 3.84009559107e-05 3.59323621282e-05
3.56087504199e-05  0.00032095095799 0.000799819431808  0.00123599565614  0.00116098174202 0.000879069522331   0.0013855129597  0.00165047433876  0.00127327516355 0.000793756330025 0.000464956656218 0.000312098341611 0.000231210181373 0.000177328506283 0.000143179777795 0.000119742096356 0.000105002046974 8.91458160522e-05 7.72222752563e-05 6.92001521263e-05 6.13748582869e-05 5.52341568516e-05 4.84765853979e-05 4.72919578759e-05 4.26468357655e-05 3.91435212791e-05 3.74233542745e-05 3.43414342482e-05 3.20424237243e-05
6.63950715938e-05 0.000239612005059 0.000737038178011  0.00109140229666  0.00101321807294  0.00103056589424  0.00146406097504  0.00148652061563  0.00120509383264 0.000790505197816 0.000463754221766  0.00030429422075 0.000224708504272 0.000171893635941  0.00013754291221 0.000115026088675 0.000100288091162  8.4766009648e-05 7.32723711599e-05 6.59481209239e-05 5.86067809178e-05 5.24966645744e-05 4.61558559802e-05 4.30886823195e-05 3.78347892127e-05 3.44807048231e-05 3.27148293496e-05 3.01498261493e-05 2.77241148329e-05
3.32472218855e-05 0.000359355375251 0.000844449155102  0.00114123582933  0.00104129311683   0.0012492057244   0.0016326082415  0.00149675823356  0.00119334626031 0.000802203481016 0.000469597508366 0.000306228024924 0.000222291918552 0.000167624214146 0.000133403674257 0.000110872508979 9.72713072524e-05 8.17186723602e-05 7.04073952874e-05 6.37886317233e-05 5.74400099135e-05 5.14020682891e-05 4.46389357954e-05 4.10161911355e-05  3.5986910522e-05 3.19369235274e-05 2.83840275635e-05 2.61641216872e-05 2.37913962046e-05
5.69172382605e-05  0.00029722975259 0.000816502096559  0.00109321884597 0.000993102863615  0.00123804543729  0.00162918168306  0.00150387061764  0.00118958197904 0.000819925709524 0.000478078066459  0.00030835200974 0.000221824560818 0.000166674718674  0.00013169043954 0.000109047631915 9.42308417252e-05 7.91466055779e-05 6.75698392586e-05 6.00317469766e-05 5.25850572265e-05 4.64270702362e-05 3.98888900531e-05 3.63977540395e-05 3.17639569754e-05 2.82976827698e-05 2.58559451868e-05 2.29010285799e-05 2.04149840402e-05
3.54379874996e-06 0.000285904714444  0.00080667333878  0.00107228966157 0.000950489605335  0.00118647518217   0.0015851392541  0.00148968961599  0.00117661822675 0.000839507730886 0.000490397901709 0.000314856494987 0.000224215680639 0.000168333704612  0.00013303797657 0.000109256699884 9.30757910075e-05 7.80937684746e-05 6.63362823458e-05 5.79115170681e-05 5.03542963534e-05 4.40785784477e-05  3.7647534712e-05 3.42260073792e-05 2.91616456298e-05  2.5395752385e-05 2.30483958635e-05 2.03487277493e-05 1.81026138353e-05
1.83285824693e-05 0.000262831192252 0.000788742788034   0.0010512560508 0.000931598933476   0.0011274113805  0.00154303578685  0.00148243836397  0.00116053085123 0.000861466390125 0.000493570538794  0.00031303249151 0.000220315125161 0.000164094601855 0.000128779538401  0.00010488781827 8.95865225883e-05 7.44369001546e-05 6.29651123118e-05 5.53071549631e-05 4.78475410301e-05 4.15760430743e-05 3.51408543884e-05 3.19294704917e-05 2.71874106066e-05 2.36026255334e-05 2.10979628373e-05 1.85180855778e-05 1.59777655381e-05
3.17988139269e-05 0.000276087838716 0.000828984695067  0.00106881115821 0.000916196703084  0.00101814826944  0.00140627548631  0.00142469498465  0.00113412089482 0.000872713444673 0.000503775509385 0.000315991326555 0.000221014978415 0.000164449680408 0.000128283213585  0.00010490629084 8.92415849396e-05 7.47647777563e-05 6.31595107163e-05  5.4331620248e-05 4.65178523826e-05 3.96642976067e-05 3.33410350983e-05 2.87397700204e-05 2.40214898051e-05 2.02183236678e-05  1.7373286629e-05  1.4443532982e-05 1.18992600146e-05
 2.2232093941e-05 0.000271470540665 0.000797824196313  0.00107164395348 0.000957378400291 0.000896988401722  0.00119934656099  0.00133503430932  0.00113790711494 0.000915570337514  0.00052322999578 0.000324912473317 0.000222483776325 0.000163470140697  0.00012756797743 0.000102651915084 8.54422969201e-05 7.04115336075e-05 5.90329721945e-05  5.1063986151e-05 4.36151103702e-05   3.721367748e-05 3.08907060055e-05 2.69159681923e-05   2.227852714e-05 1.84353788759e-05 1.55336368954e-05 1.28362753819e-05 1.04893268121e-05
1.85873068336e-05 0.000306491231907 0.000817532565869  0.00112117424278  0.00101527472482 0.000818234954557  0.00101015889151  0.00120926353587  0.00109898480618 0.000938887510507 0.000524614190254 0.000323870392853 0.000222663592482 0.000164058303646 0.000127287521936 0.000102994253877 8.60799899616e-05  7.1478015023e-05 5.99582339352e-05 5.08506697715e-05 4.28642165714e-05 3.61300962357e-05 2.99097145226e-05 2.54445877547e-05 2.07844386159e-05 1.69475534389e-05  1.3991046677e-05 1.11822013594e-05 8.63517665568e-06
4.91783603371e-06 0.000177683235907 0.000722154514777 0.000981046320559 0.000785442370886 0.000859417891727   0.0013418830714  0.00143035886579  0.00118672686824  0.00086159350198 0.000517205381001 0.000317347292233 0.000217795588405 0.000156276155264 0.000120189905269 9.70460750987e-05 8.27607713715e-05 6.83588258128e-05 5.74351097376e-05 4.91773933802e-05 4.17560089525e-05 3.49704436816e-05 2.86329653661e-05 2.41480663688e-05 1.94504219478e-05 1.56966439212e-05  1.2572182493e-05 9.71059519865e-06 7.10061831099e-06
1.94068883864e-05 0.000223176398186  0.00074701286578 0.000935062885005 0.000754876473717  0.00096576813134  0.00152776323444  0.00159558180085  0.00129424002164 0.000897143217849  0.00054203239491 0.000327942310093 0.000223328084086 0.000161051312562 0.000123204494978 9.87533277542e-05  8.1597826291e-05 6.69422365151e-05 5.57175345572e-05 4.80790736245e-05 4.04678960536e-05 3.38736813334e-05 2.77628115075e-05 2.29670667449e-05 1.83581288296e-05 1.43867090331e-05   1.133390924e-05 8.47983763339e-06 6.00798502101e-06
 1.8923774525e-05 0.000249600004344 0.000700744752533 0.000890633963903 0.000811419955212 0.000953806206719  0.00151131620104  0.00162002829217   0.0013005476311 0.000899828694963 0.000557619706451 0.000333775008124 0.000219148100017 0.000156303113222 0.000119321051117 9.52923529898e-05 8.01143617712e-05  6.5855191254e-05 5.51792207656e-05 4.77810278302e-05 3.95952859549e-05 3.27170602692e-05 2.64272345662e-05 2.17256823098e-05 1.70266902213e-05  1.3253002314e-05 1.01537909747e-05 7.30842523978e-06 4.83380819999e-06
1.55491039721e-05 0.000221115945203 0.000750077314203 0.000968260321428 0.000820858107465 0.000867992918462  0.00143965340349  0.00161764808971  0.00129425944709 0.000897280701103 0.000569714434411 0.000339286230653 0.000226188657802 0.000160602387073 0.000121709485976 9.61480676852e-05 7.79899805682e-05 6.34346719516e-05 5.18914403661e-05 4.24256522918e-05 3.56020414793e-05 2.94887338151e-05 2.34258070697e-05 1.92388227294e-05 1.46902037219e-05  1.0940787534e-05 8.09548789789e-06 5.21079324643e-06 2.89862316405e-06
2.47384580869e-05 0.000235496907616 0.000749919339044 0.000958743110831 0.000766789313872 0.000877215178852   0.0014767483563   0.0016052012296  0.00128113748749 0.000887112721124 0.000581540416907 0.000339594213187 0.000219700780458 0.000155983812058 0.000116972696848 9.20885157416e-05 7.47516352234e-05 6.06351478163e-05 4.96250516262e-05 4.09615583738e-05 3.33013884076e-05  2.6996264054e-05 2.11413124669e-05 1.74532142124e-05 1.31145505497e-05 9.34053305903e-06 6.57351970731e-06 3.90156854253e-06 1.56357385146e-06
4.30670075857e-05 0.000193741738867 0.000710170872094 0.000907057860695 0.000747813790185 0.000939234426931  0.00147854044778  0.00158146216606  0.00128933756302 0.000885614657507 0.000581493741297 0.000342143243153 0.000219874680071 0.000151005671725  0.00011078616472 8.54905109544e-05 6.92175614155e-05 5.52672292719e-05 4.45684018579e-05 3.71701356248e-05 3.01970634794e-05   2.431878063e-05 1.83059617969e-05  1.4700778197e-05 1.02194287989e-05 6.67109577507e-06 4.11723552696e-06 1.67463279216e-06 1.77548556866e-06
2.22184022282e-05 0.000235190599982 0.000717374044546 0.000875737148693 0.000757847862837  0.00107370575078  0.00151814055198  0.00155270708182  0.00131361997586 0.000891887226472  0.00058046787833  0.00034766389455  0.00021944504027  0.00015022402318 0.000110100890209 8.55244956275e-05 6.99231230727e-05 5.59093446323e-05 4.49633388484e-05 3.73306305163e-05  2.9858765853e-05 2.35050718401e-05 1.75673591279e-05 1.32178493208e-05 8.73381274492e-06 5.14627014065e-06 2.35102122353e-06 1.64907781036e-06 3.73877548702e-06
 1.9795991688e-05 0.000196834314006  0.00066167977612 0.000823675319529 0.000735714975189  0.00106414026585  0.00150544873587  0.00155957636481  0.00132172054985 0.000891373257097 0.000580821762394 0.000351227038605 0.000222227079537 0.000149754679865 0.000108826571221 8.47407708957e-05 6.94472113361e-05 5.45515042811e-05 4.45764357431e-05 3.70301287458e-05 2.95866997401e-05 2.34907182297e-05 1.79745534076e-05  1.3493377435e-05 9.30847941609e-06 5.45006179333e-06 2.08454085893e-06  1.9788888307e-06 3.94679553945e-06
2.78842748039e-06 0.000176524233621 0.000711517451872 0.000900364438576 0.000761065991659  0.00104137605193  0.00148556071309  0.00157142010803  0.00133417861282 0.000893701587573 0.000582646267175   0.0003592058884 0.000222897141204 0.000148944487271 0.000107189194101 8.16493868979e-05 6.57578590377e-05 5.14845133517e-05 4.18202676184e-05 3.38307907416e-05 2.75909464283e-05 2.15321866272e-05 1.56848040717e-05 1.14507275213e-05 7.07930941781e-06 3.54694483913e-06 1.64764585581e-06  2.7246150087e-06 5.11729856241e-06
6.71180377789e-05 0.000352902505717 0.000739429395412 0.000906391126861 0.000844721378288  0.00105733250443  0.00146150678428  0.00159746034535  0.00137412727875 0.000910242068054 0.000595047292961 0.000376823014251 0.000229793178803 0.000154579149777 0.000110753000983 8.31677325707e-05  6.4448767108e-05 5.04270284708e-05 3.92469636535e-05  3.2188692931e-05 2.46789035043e-05 1.89366009516e-05 1.36139431962e-05 1.01743805961e-05 5.44721347954e-06 2.12782849473e-06 2.15264303897e-06   4.388959364e-06 6.74363218096e-06
1.76815381544e-05 0.000199977509549 0.000670197078518 0.000828385431085 0.000758361358837 0.000962157684716   0.0013993610074  0.00159441027492  0.00137590923654 0.000901763139099 0.000591624905919 0.000381954474258 0.000230546455789   0.0001510591673 0.000107340713137 8.23588380222e-05 6.60076350859e-05  5.0954544348e-05 4.06152742414e-05 3.19632405557e-05 2.50210440056e-05 1.88238584076e-05  1.3004866994e-05 8.39438367476e-06 3.88823054107e-06  1.8623726659e-06 3.61199482988e-06 6.18624774585e-06 8.63439346445e-06
2.20307257095e-05 0.000303598499051 0.000783111440046 0.000983207650447 0.000840117195589 0.000943029053482  0.00134008936321  0.00160736446305  0.00140194954161 0.000905687968698 0.000600424470841 0.000395126754628 0.000237107879842 0.000155688375746 0.000109398188208 7.96956387073e-05 5.98608657822e-05 4.78404451272e-05 3.66712875279e-05 2.80288548445e-05 2.11439409097e-05 1.52243672794e-05  9.9110003024e-06 6.65600297508e-06  2.7956957722e-06 2.51035174735e-06 4.68112034019e-06 7.24963205682e-06 9.69776452674e-06
 1.0473469426e-05 0.000211570252134 0.000687763992108 0.000902078492022 0.000853083004808 0.000929898679991  0.00128451812869   0.0016367366336  0.00144190997337 0.000906387890183 0.000604115307221 0.000399831475045 0.000238644296467 0.000155130606153 0.000108938291911 8.24392275136e-05 6.48786909094e-05 4.97749058892e-05 3.93283868873e-05 2.97220215251e-05 2.25093306549e-05 1.63380153897e-05 1.07243282451e-05 5.88358043085e-06 2.28845183211e-06   3.509465898e-06 6.10022221514e-06 8.17505992481e-06 1.03002624211e-05
7.91238734777e-06 0.000231874015795 0.000710956395812 0.000935916825108 0.000922457239066  0.00110799859035   0.0014179115758  0.00147995371789  0.00125946006256 0.000869306285756 0.000584650827814 0.000393314063099 0.000236849372232 0.000150772590115 0.000101167802954 7.23899670484e-05 5.57092640843e-05 4.19641346099e-05   3.215603125e-05 2.62959089429e-05  2.0691949639e-05 1.52568944873e-05 9.45671667426e-06 6.47890940876e-06 3.10742956186e-06 3.10649857237e-06 4.67335037906e-06 7.48692255603e-06  9.7573602728e-06
9.86432229089e-06 0.000249195021975 0.000732265740712 0.000914210526573 0.000909645908708  0.00115982107049  0.00144568064685   0.0014170931099  0.00121768804207 0.000884674002405 0.000607405024649 0.000391735543353 0.000231246436614 0.000142474161857 9.64671898633e-05 7.07398638603e-05 5.61890845975e-05 4.07777090036e-05 3.09977127314e-05  2.5987144526e-05 2.00933139755e-05  1.5383611431e-05 1.01983738561e-05 6.94848561962e-06 3.06581079559e-06 4.18741194889e-06 5.34939854017e-06 8.48395387914e-06 1.07889055712e-05
 2.6839132369e-05 0.000254416385867 0.000741130845827 0.000925133998742 0.000904136595319  0.00112324549122  0.00141041898616  0.00140273368298  0.00121912192176 0.000904178227192 0.000626583810644 0.000404099327684 0.000246778792233 0.000154722037413 0.000104888528546 7.32568293865e-05 5.28007564187e-05 3.95851465477e-05 2.91613794579e-05 2.18425344001e-05 1.59554485783e-05 1.11345795023e-05 5.97021171914e-06 4.67909692303e-06 3.67300457128e-06 5.44147619819e-06  6.1175820808e-06 8.93495943383e-06 1.19117160014e-05
2.79868995833e-05 0.000278974476611 0.000735699263086 0.000917535349014 0.000868410131214   0.0010954060976  0.00140540670381  0.00138536393192   0.0012045706179 0.000912175978502 0.000647884769789 0.000416695266288 0.000255260216698 0.000158997670393 0.000107150810754  7.7691378991e-05 6.02003951476e-05 4.56677108177e-05  3.4624166424e-05 2.51693490052e-05  1.7939705736e-05 1.16323832251e-05 6.53445824047e-06 3.20082538332e-06 4.82047792029e-06 7.85347507657e-06 1.01079775071e-05 1.35885028328e-05 1.61377585922e-05
9.23747057106e-06 0.000159982668681 0.000703042710748  0.00092477301479 0.000904617151657  0.00109751132598  0.00134066245298  0.00135482808616  0.00120707294571 0.000913237559117 0.000626526761515 0.000397690552902 0.000255680844721 0.000155957907478 0.000102318827161 7.59712642992e-05 5.71134778874e-05 4.32174085976e-05 3.29286028531e-05 2.50185042154e-05 1.82213597604e-05 1.19633754174e-05 6.94848923381e-06  3.1861947798e-06 3.66233135219e-06 6.86102012131e-06 7.65833126352e-06 1.03279020566e-05 1.40819122926e-05
2.84774620453e-05 0.000370083971168 0.000697551336442 0.000844043113642 0.000880913716787  0.00105182091742  0.00131039815355  0.00144932151029  0.00135767709888  0.00102890175497 0.000670403189444 0.000424397311455 0.000271934290723 0.000166846440438 0.000110405630315 7.64275977938e-05 5.96949535379e-05 4.51423726112e-05 3.30644314285e-05 2.45102856877e-05 1.78487915087e-05 1.24842507208e-05 7.21349111852e-06 3.63816618227e-06 3.75889971136e-06 7.25780439302e-06 8.62199551676e-06 1.19832874485e-05 1.62922000247e-05
2.67158253923e-05 0.000220698659296  0.00072284596837 0.000919301063676 0.000719475232117  0.00088034423317  0.00125422503664   0.0014168656793  0.00132997521429  0.00102824001756 0.000671122383937 0.000421458532381 0.000274775032307 0.000166572647062 0.000107977761993 7.36718536164e-05 4.87587258252e-05 3.41097158401e-05 2.62326798242e-05 2.06416012025e-05 1.49758557212e-05 1.07579362638e-05 5.90890944496e-06  3.4511052367e-06 4.69233954998e-06 7.52451897971e-06 1.12713061684e-05 1.43467966697e-05 1.79022327302e-05
6.85224995739e-06 0.000228637686216  0.00065302987207 0.000795148656179 0.000794226940936 0.000955036216178  0.00124436265496  0.00141323654359  0.00134371377252  0.00104293017075 0.000684645003925 0.000422117847683 0.000280020280136 0.000166929348671 0.000107293952979 7.31979037966e-05 5.15857159438e-05 3.70365804397e-05 2.61646743971e-05  1.9182339489e-05 1.34815719321e-05 7.21429422406e-06 3.45591798356e-06 3.13461914587e-06 6.63454733271e-06  9.4719993615e-06 1.13990010469e-05 1.37479358067e-05 1.79376335721e-05
6.86297679599e-06 0.000180782606854 0.000659282618248 0.000846793071938 0.000768287748541  0.00087312138228  0.00116073273128  0.00136892566744   0.0013265158924  0.00104574341775 0.000695393487153 0.000423634131993 0.000288671420734 0.000168399726152 0.000107827371817 7.41655685768e-05 5.62291632114e-05 4.18282932274e-05 3.13816204845e-05 2.47860520801e-05 1.84155420652e-05 1.41301967106e-05 1.18841202181e-05 3.73332620845e-06 7.28053805423e-06 7.42371352329e-06 1.01165790785e-05 1.24533453718e-05 1.77965340667e-05
 1.9302513465e-05 0.000174448723702 0.000618777000784 0.000782828131421 0.000746168357085   0.0008578797687  0.00114056806612  0.00135906909276  0.00133147271327  0.00106710080963 0.000710343877051 0.000436193940144  0.00029168414986 0.000177994426009 0.000114518753855 7.77161449972e-05   5.462044319e-05 3.88923683999e-05 2.89064509079e-05 2.08942201298e-05 1.34429062092e-05 9.72142047543e-06 7.61144210218e-06 4.62297935897e-06  8.9702948606e-06 1.02958598464e-05 1.34996648254e-05 1.63927197699e-05 2.06985361786e-05
1.98504758906e-05 0.000199605031999 0.000648700753781 0.000822115059341 0.000777106248776 0.000848693999053  0.00109548701835  0.00132452413289  0.00131836812489  0.00107570576626 0.000730053375945 0.000442578593378 0.000291895033652 0.000179523255938 0.000113913724396 7.67487326081e-05 5.41565036256e-05 3.90698268733e-05 2.78268777335e-05 1.89910724068e-05 1.16333962079e-05 8.20528970035e-06  4.2276089424e-06 6.15390845598e-06 9.21441442457e-06 9.83566939276e-06 1.20250469782e-05  1.3262492635e-05 1.72965423104e-05
3.45208628889e-06 0.000174653577759  0.00061062230083 0.000746248013942 0.000654771276363 0.000679848525326 0.000945881485826  0.00127629399518  0.00133036829008  0.00111722948049    0.000715457998 0.000485880155969 0.000289281668991 0.000177193141568 0.000109917792049 7.53787468446e-05 5.42759304978e-05 3.90444492819e-05 2.92175496686e-05 2.31503419301e-05 1.69667143665e-05 1.28053183504e-05 1.06305897092e-05 3.40794259732e-06 6.15235776793e-06 6.56378116314e-06 9.29845586579e-06  1.0932334098e-05 1.59300020508e-05
1.95894374786e-06 0.000165210414152 0.000564617549412 0.000636640713953 0.000542041733865 0.000652343075933  0.00100542443465  0.00137874868305  0.00142829943636  0.00120598598527 0.000683022768595 0.000509789616851 0.000307334706837 0.000187996432231 0.000113226292421 7.67558053219e-05  5.4092549318e-05 3.86647932219e-05  2.7885453782e-05 1.99428267198e-05 1.40847291995e-05  7.6674940821e-06 6.40735766764e-06 6.32959496634e-06 6.61644951435e-06 9.24100770786e-06 1.14530619343e-05 1.27599747782e-05 1.79076699011e-05
 1.5941974038e-05 0.000155225993182  0.00055126285539 0.000628158990324 0.000553301154895 0.000690919138194  0.00106512744385  0.00143877396038  0.00149009664502  0.00125148654522   0.0006668915118 0.000500125176335 0.000282864021271 0.000172374711176 0.000100264780648 6.42300543614e-05 4.92361005393e-05 3.08529071496e-05   2.086651965e-05 1.52064960392e-05 1.19050086719e-05 9.06113501746e-06 2.92049022557e-06 8.10928047108e-06 7.80777520685e-06 9.27584855978e-06 1.34170250405e-05 1.50255258121e-05 1.95830928417e-05
 1.3190725629e-05 0.000175947291835 0.000588789839702 0.000680239883455 0.000622029749963 0.000787331813116  0.00118625493176  0.00155452013229  0.00160673341492  0.00135191518503 0.000715784262299  0.00050606760763 0.000302478016666 0.000185303331897 0.000103291729525 6.29359164012e-05 3.90489901322e-05 2.32016657769e-05 1.51030311013e-05 1.11510529602e-05 9.18778937145e-06 1.19704172103e-05 4.90473367928e-06 8.83367825159e-06 1.03541974579e-05 1.12334255292e-05  1.5249795124e-05 1.54914068444e-05 1.97416253915e-05
1.20550343034e-05 0.000198266360333  0.00059987204237 0.000727614328012 0.000728614775804 0.000879781856835  0.00123328119845  0.00155616044546  0.00158473665916  0.00129919216244 0.000702506916114 0.000549561385991 0.000312700858022 0.000209985381899 0.000123516624635 7.38162698877e-05 4.49898851285e-05 2.91180559769e-05 1.78835831852e-05   9.881545207e-06 7.13747696747e-06 9.03719180628e-06 9.23233685971e-06 1.02529294951e-05 1.58511441088e-05 1.67729509332e-05 1.94690612551e-05 2.13324127484e-05  2.4130434736e-05
6.87376279612e-06 0.000171996097673 0.000604005325213 0.000769964645868 0.000775737489857 0.000913615639045  0.00126706772467    0.001574127955  0.00158280702591  0.00126334971318 0.000694388522312 0.000552810568359 0.000328461456055 0.000215415226695 0.000127612740573 8.36976448528e-05 5.65388348916e-05 3.86802897868e-05 2.58284119575e-05 1.44735045949e-05  8.0009973215e-06 5.03231646243e-06  7.3686296157e-06 1.33196460177e-05 1.62512004401e-05 1.90787062418e-05 2.16346039281e-05 2.30232313039e-05 2.61135372714e-05
5.16989579625e-06 0.000218668935067 0.000647008588926 0.000814530837993 0.000841490932339  0.00096220496475  0.00129938863481  0.00156657061257  0.00153331146107  0.00119450347521 0.000706905895036 0.000588707159934 0.000334909003931 0.000231201747948 0.000142538628453 9.02794456688e-05  5.9295971123e-05 4.47323151598e-05 3.16656854312e-05 2.00304167692e-05 1.14942263189e-05 5.68938830613e-06 4.19501065573e-06 8.73113060537e-06 1.02189769546e-05 1.44486152975e-05 1.87141535726e-05 2.01057621236e-05 2.45481565127e-05
7.90304664199e-06 0.000190137260883 0.000633003872686 0.000820150107719 0.000841672247188 0.000963268914792  0.00118054976009  0.00138681831314  0.00144343812289  0.00125412985564 0.000795391071983  0.00050967584684  0.00036865118824 0.000193111488285 0.000116757586894 7.73761164512e-05  5.2220424679e-05 3.31231135788e-05 2.27290559421e-05 1.77229316459e-05 1.29631765672e-05 8.02958381078e-06 5.08249764385e-06 5.64222177236e-06 6.01026833065e-06  8.7473564813e-06 1.54121902951e-05 1.74357235367e-05 2.10710901878e-05
1.10286457422e-05 0.000230383310681 0.000613622863656 0.000742450021899 0.000736826274438 0.000841903431963  0.00109087281291  0.00135684956349  0.00145955283218  0.00129936175551 0.000855003529854 0.000568574342403 0.000424145282641 0.000209163509133 0.000124647838088 7.59445072003e-05 4.95901725698e-05 3.07668715735e-05 1.95464700174e-05 1.25987365042e-05 8.98251383301e-06 6.61375831083e-06 4.92039320138e-06 6.69485035492e-06 8.21844297792e-06 1.06468467786e-05 1.27452467361e-05 1.53074860648e-05 1.90228627915e-05
1.23449761156e-05 0.000211084405805 0.000585815672607  0.00071268219615 0.000710119721312  0.00081002678562   0.0010521007668  0.00133643855067  0.00145833525108  0.00131159615391 0.000871798475706 0.000535451058227 0.000417195227034 0.000216809265405 0.000120913197353 7.23052018125e-05  4.5582429294e-05 2.75378441401e-05 1.66967313492e-05  1.2473863829e-05 1.08399899034e-05 6.35414932511e-06 6.09639552598e-06 7.60348150282e-06 1.11966046586e-05 1.52790681185e-05 1.77792169283e-05 1.95259385266e-05 2.10891846892e-05
1.35328198985e-05  0.00019755276497 0.000611102573485 0.000768414870744 0.000745427329857 0.000831442642914   0.0010478499563  0.00131450774005  0.00143823236341  0.00129392683693 0.000849678961622 0.000558894377187 0.000455872807953 0.000216935429942 0.000139713602115 8.49282525612e-05 5.20193560329e-05 3.35235044942e-05 2.13416574945e-05 1.39261802075e-05 1.13946647965e-05 7.18343451575e-06 8.79762505455e-06 1.08949356391e-05 9.26219734229e-06 1.36902674464e-05 1.65140812455e-05 1.78614140004e-05  1.9670323486e-05
2.29218175726e-05 0.000228474171634 0.000582073535454 0.000720083839644 0.000762228271977 0.000856404129673  0.00105668130891  0.00131640808764  0.00145269178289  0.00132196156393 0.000883748572836 0.000545427922565 0.000451092492632 0.000232335282057 0.000147138410756 9.15977844909e-05 5.94700179737e-05 4.08961031515e-05 2.82692398314e-05 2.07577148325e-05 1.57701277269e-05 1.02013677993e-05 5.61715358685e-06 8.49602269635e-06 7.04483553437e-06 1.02668778293e-05 1.28859848275e-05 1.66080216094e-05 1.89101038913e-05
5.16183329257e-06 0.000228982955877 0.000592923310146 0.000745689149345 0.000808878871883  0.00091739774348  0.00110412058701  0.00134403146418  0.00147528740343  0.00134320343115 0.000891237961575  0.00053263029203 0.000440996324324 0.000233080057523 0.000160058619994 9.76885136936e-05 6.16946605961e-05 4.00415798606e-05 2.83749052051e-05 1.48028346061e-05 6.32342671162e-06 6.13737595464e-06  8.0374265952e-06 9.13704708375e-06  1.0358733955e-05 1.35153035176e-05 1.58858679565e-05 1.81503416153e-05 2.07398475269e-05
3.04860983591e-05 0.000227325303627 0.000596770146001 0.000781944187284 0.000864501749112 0.000982536735276  0.00115745340333   0.0013862367522   0.0015273198588  0.00141125968735 0.000966068965396 0.000539135262625 0.000457108427761 0.000261577307348  0.00017211422458 0.000104528069515 6.52541469356e-05 4.47706662951e-05 2.84256337954e-05  1.7153197884e-05  1.1888898792e-05 5.46845250328e-06 4.53992277123e-06 9.35561311653e-06  1.0248047568e-05 1.34456476635e-05 1.54304308426e-05 1.77052672647e-05 1.96300415977e-05
2.13008701636e-05 0.000242393845649 0.000607403456136 0.000809228370177 0.000914627787845  0.00104307688609  0.00119190851665  0.00137054380014  0.00149402185843  0.00137711358211 0.000932133617187 0.000538238934131 0.000462322703665 0.000258886442337 0.000182769918394 0.000109761494509 6.74278447083e-05 4.78974411692e-05 3.50640765997e-05 2.45953814067e-05 1.65759646513e-05  8.2561685093e-06 3.69137389004e-06 8.96122649193e-06 1.58946673163e-05 1.49889991197e-05 1.73640496963e-05 1.91622113458e-05 2.10082129161e-05
2.17372267416e-05 0.000239548588094 0.000600090404478 0.000806110378274  0.00091340443889  0.00100726344053  0.00106097874591   0.0011746911667  0.00132312847522  0.00126572407858 0.000896800774761 0.000573006894476 0.000463636577927 0.000279077814192 0.000204220442111 0.000134371653688 8.27351039683e-05 6.15468693636e-05 4.59644362756e-05 2.92370625302e-05 1.93652555109e-05 1.36557495214e-05 8.96846554664e-06 3.08460501807e-06 7.35075892806e-06 6.74198267416e-06 1.00998394022e-05 1.31323046965e-05 1.48231088381e-05
2.20208841292e-05 0.000243769725105  0.00057295059394  0.00077724643457 0.000880199145324   0.0009726342767  0.00102056036244  0.00113856365106  0.00130244898376  0.00126125604622 0.000904543973212 0.000567602148197 0.000462997952615 0.000281391810305 0.000199743536616 0.000133264995548 8.58311030044e-05 6.40240488111e-05 4.78316200717e-05 3.38249681295e-05 2.53139055747e-05 1.83618655994e-05 1.35353004797e-05 6.36420204921e-06 6.60384696136e-06 5.95637692203e-06  5.7804898642e-06 8.06613801898e-06 9.87655460065e-06
1.24649269758e-05 0.000246155961882 0.000626941629663 0.000860655720417 0.000989553588438  0.00109999527918  0.00113528421356  0.00118494608015  0.00129247626526  0.00122172800674 0.000837392918099 0.000526306586891 0.000470232624597 0.000263159143362 0.000186655574145 0.000126815132441 8.44111669242e-05 6.10998724843e-05 4.62854061206e-05 3.43583479897e-05 2.65705772434e-05 1.97573166828e-05 1.55465009644e-05 1.01651391425e-05 7.94814572725e-06 4.84740438121e-06 1.94632052037e-06 4.47295492859e-06 6.19253458681e-06
1.06273079439e-05 0.000253993575334 0.000618683443701 0.000878961289989  0.00105772109463  0.00121943640651  0.00126694787494  0.00125739640357  0.00130963100479  0.00121460514092 0.000814276590771 0.000511427302154 0.000447981680693 0.000269753922512 0.000191863909818 0.000134856283885 8.83704747486e-05 6.45194457859e-05 4.92613474131e-05 3.68733357367e-05 2.80787036229e-05 2.15962194137e-05 1.75242000077e-05 1.11991697311e-05 8.16242284329e-06 5.91657148436e-06 2.53958731166e-06 2.70826515671e-06 4.40011683976e-06
1.47238816957e-05 0.000225792922666 0.000608049333621 0.000880376452031  0.00107846974073  0.00125182474664  0.00125864219271  0.00117370740607   0.0012321136452  0.00119738411985 0.000890343745125  0.00054590547371 0.000440916528929 0.000252581526459 0.000146970960298 0.000112060992644 8.07198760557e-05 5.61267825907e-05 4.15724741873e-05 3.58208270626e-05  2.9752925638e-05 2.30329811219e-05 1.87779957129e-05 1.47900866773e-05 1.14219112354e-05 8.70950337695e-06  5.0641039978e-06 3.85445433178e-06 2.61432450926e-06
1.33916903943e-05 0.000249718663862 0.000572138165306 0.000779277497017 0.000882727229151  0.00096527924785 0.000878666511604 0.000844382494035  0.00109062422127  0.00121429973427  0.00100322158939 0.000681408829833 0.000463687074027 0.000310169630705 0.000130217644915 8.64487072976e-05 6.01942441363e-05 3.40917449999e-05 2.15491555373e-05 1.90347576274e-05 1.68943183604e-05 1.49795496813e-05 9.41885784727e-06 1.00037161901e-05 7.91002466737e-06  5.4124006138e-06 2.68828956764e-06 3.55749899849e-06  3.1652386825e-06
 6.8256710368e-06 0.000204923392265 0.000517100678871 0.000720771652618 0.000831374507255 0.000913863094813 0.000823149797839 0.000792400453131  0.00106039807786  0.00120308241111  0.00102363852821 0.000703767587315 0.000481683876329 0.000324679182063 0.000143807072357 0.000100924567904 5.57306759656e-05 3.15417996385e-05 1.71452470605e-05 1.21183473094e-05 1.17672479176e-05 9.59635185895e-06 3.01563189312e-06 2.84225216779e-06 6.63199000842e-06 7.07973659199e-06 3.14418756433e-06 6.08012319505e-06 7.29600095939e-06
9.97006284393e-06 0.000207862971817 0.000518019887068 0.000684585995401 0.000716014007569 0.000747492066099   0.0006018964025 0.000615522821955  0.00105201205733   0.0012941405911  0.00117516670992 0.000885225592387 0.000520524094818 0.000374664158631 0.000147297839806 0.000108869042489 6.16079590406e-05 3.14365693001e-05 1.91192476812e-05 1.27330029643e-05 1.08294293209e-05 9.61023503729e-06 4.58009075722e-06 2.46067781622e-06 7.27925885193e-06 9.66090566232e-06 6.88508270972e-06 1.05709160842e-05 1.19167223511e-05
 1.1069795448e-05 0.000200759916462 0.000469256686207 0.000509144883154  0.00035433333763 0.000251578799857 0.000254008269665 0.000564914347299  0.00107008299103  0.00132496144231  0.00115723086116 0.000744935784597 0.000598081974264 0.000473265039131 0.000173106803328 0.000115793905699 6.83839965607e-05 4.09576666642e-05 2.63103676748e-05 1.59900847718e-05 9.80130754941e-06 6.91649663529e-06 4.45136878862e-06 6.55251653115e-06  1.0869372311e-05 1.41484468037e-05 1.07588018801e-05 1.32730345679e-05 1.49708190218e-05
1.31561778306e-05 0.000192282287347 0.000455289429439 0.000449883810256 0.000333761232872 0.000360119567177 0.000492814008432  0.00073582719302  0.00112339782391  0.00138487434441  0.00121900074144 0.000694428281202 0.000719089465739 0.000610585410477 0.000196365239508 0.000127030406886 7.68282075792e-05 4.72438981437e-05 2.89122718238e-05 1.79411377509e-05 1.28382597725e-05 7.35768356597e-06 2.49176547275e-06 5.47617524376e-06 1.00573522054e-05 1.44817492222e-05 1.50958005168e-05 1.74736638375e-05 1.95433831789e-05
1.83912869869e-05 0.000155387549753 0.000399146782556 0.000425125355003 0.000343616632837 0.000306852641921 0.000394733852137 0.000670711271248  0.00112722052567  0.00141054004685  0.00121881851093 0.000673527490853 0.000692540390469 0.000595755473937 0.000219792126512 0.000147284024059 8.41761378703e-05 5.31004378363e-05  3.3536623844e-05 1.90320680455e-05 1.19434984919e-05 8.70165077782e-06 3.71999425788e-06  3.5527547967e-06 6.77808482352e-06 1.30478679257e-05 1.23937066021e-05 1.35183464763e-05 1.60491224547e-05
1.43410570816e-05  0.00025054406863  0.00050189051292 0.000524740807588 0.000378781718862 0.000287494856207 0.000384864211493  0.00070594566526  0.00115833342211  0.00143243300956  0.00125800030382 0.000739605347287 0.000548713029378 0.000522457281756 0.000285424903483  0.00021076044431 0.000105479490877 6.18808796897e-05 3.61507073111e-05 2.22147727637e-05 1.43833231205e-05 9.11688761957e-06 6.25552403163e-06 5.44860782187e-06 5.78311758785e-06 1.17295890453e-05 8.11929254958e-06 1.10369028056e-05 1.28279969715e-05
5.05181565444e-06 0.000182760486702 0.000469065720259 0.000558153842445 0.000427673096509 0.000317869306074 0.000373185380905 0.000694378860266  0.00113447483233  0.00140705592069  0.00126597916703 0.000757683916619 0.000553012433706 0.000556635559303 0.000255300289733 0.000167155692644 0.000106824687452 7.21678040021e-05 5.01429173107e-05 3.04809076373e-05 2.16789900124e-05 1.48737237379e-05 9.97237889059e-06 4.68981269776e-06 4.43445564405e-06 9.05447264575e-06 6.96307402871e-06 9.70709614569e-06 1.17925392389e-05
 9.8547136815e-06 0.000158824653086 0.000424121178799 0.000530004951758 0.000494568952145 0.000400348097912 0.000387889007769 0.000647129245356  0.00113956005519  0.00144764037243  0.00131077265211 0.000757194098333 0.000503403427996 0.000540528711928 0.000321632683434 0.000223890751108 0.000112373866533 7.39722142092e-05 5.24248690756e-05 3.77934112244e-05 2.76117346638e-05 1.93782150216e-05 1.52888343381e-05 8.07191843356e-06 6.26828552461e-06 2.99583155455e-06 4.76699045018e-06 7.71581725803e-06 1.00149082609e-05
1.48092857314e-05 0.000192526705837 0.000438462958863 0.000561302327075 0.000553730251603 0.000498263928222 0.000508521505644 0.000734659576034  0.00125714411171  0.00160769470573  0.00149282783695 0.000905949737715 0.000496018935736 0.000709226474581 0.000542789806426 0.000276038585887 0.000106548186094 5.28090173545e-05 3.02742466976e-05  2.3819610221e-05  1.7435306904e-05 1.25845366244e-05 8.89860930642e-06 6.13440052553e-06 2.12307005262e-06 3.16759730041e-06 2.96340014935e-06   3.992519698e-06 6.21603569051e-06
1.31379508099e-05 0.000216805797314 0.000548207027195 0.000718314371132 0.000670445016485 0.000642301177246 0.000682594501756  0.00086062109999  0.00136586915005   0.0017307692728   0.0016019004062 0.000968442375717 0.000505819255938 0.000739257728481 0.000567345187673 0.000303379250027  0.00011907076033 6.39696758235e-05 3.65132155158e-05 2.36217382737e-05 1.64885193443e-05 1.11042478951e-05 4.99665963905e-06 3.06508645261e-06 3.46804403051e-06 4.39607903312e-06 3.70564553874e-06  5.4460872867e-06 7.70287531048e-06
1.18718404748e-05 0.000230343306026 0.000528295709138 0.000735335524051 0.000825041265846  0.00086153047787 0.000950136354334  0.00109714095216  0.00153886054819  0.00187770563954  0.00171691869997  0.00102472433171 0.000461104620135 0.000731994170189 0.000561813540916 0.000316183928721 0.000123642624244 6.28845243732e-05 3.52455504245e-05 2.57863000843e-05  1.7521304533e-05 1.11012270588e-05 6.35394938037e-06 4.52704118136e-06 4.16613943791e-06 4.19083838013e-06 5.05618480808e-06 5.81758759929e-06 8.36125097829e-06
1.24685365449e-05   0.0002004872891 0.000519316976604 0.000774653291583  0.00090467291163  0.00100558664025  0.00115362543757  0.00130297248608  0.00170838310531  0.00202851701974  0.00185071043256   0.0011089784266 0.000457080112402 0.000777206677032 0.000650742315342 0.000260254925407 8.55020009281e-05 3.71753165133e-05 1.61138148331e-05 1.07272919463e-05 8.41866543408e-06  5.1600878253e-06 2.96408306969e-06 2.38611696189e-06 3.33591094746e-06 5.54790452317e-06 5.48818663404e-06 6.57938716353e-06 9.66458784794e-06
1.80460398847e-05 0.000138865629436 0.000507072099044 0.000806382536697 0.000931982273802  0.00105144681109  0.00122424175228  0.00140848918161  0.00187012899856  0.00226169898603  0.00217011311033  0.00140939300969 0.000590897121521 0.000816142164525 0.000783025626487 0.000169941880536  4.6116944364e-05 1.92554506029e-05 1.21239856299e-05 8.65403278892e-06 1.41913056513e-05 1.67085254028e-05 1.90067263906e-05 1.45254415282e-05 1.77579721738e-05 1.85047722764e-05 1.71331918297e-05 1.60466398057e-05 1.63325515859e-05
9.83916090076e-06 0.000238866800984 0.000581738214875 0.000873468856997  0.00103815754316  0.00119216710361  0.00142920251458   0.0016848725703  0.00214932680972  0.00250877295204  0.00233864864279   0.0015596102579  0.00061408324788 0.000886992306032 0.000827548249549 0.000161320454179   5.282593643e-05 1.52745960447e-05  1.3112853572e-05 2.32757302403e-05 2.40918766293e-05 2.34583359955e-05 2.61103321606e-05 1.87928623632e-05 2.22525900644e-05 2.44151629557e-05 2.21699865798e-05 2.48902465046e-05 2.79257716082e-05
5.04596817206e-06 0.000199728465399 0.000558497726809 0.000910932497793   0.0011446134792  0.00136016757671  0.00163788110575  0.00186849434012  0.00220221408585  0.00242865888519  0.00216413138074  0.00144667810244 0.000475167115059  0.00102152541757 0.000996239574229 0.000282875971208 0.000117043916792 2.33548094139e-05 7.77801519064e-06 1.51199974644e-05  2.1544014065e-05 2.50990314223e-05 2.66731967377e-05 2.42450904425e-05 2.76970632475e-05 3.08308652099e-05 3.01315941343e-05 3.35960894875e-05 3.80559690134e-05
7.17574846308e-06 0.000187515905625 0.000633818349952  0.00105364233386  0.00127357736464  0.00150576576403  0.00182839293959  0.00208988094231  0.00237586998675  0.00253512820964  0.00222222050509  0.00144511163135 0.000367516576779  0.00106873800764  0.00104340747596 0.000274731866209 0.000135573130986 4.28980871893e-05 7.80001742063e-06 1.68374656566e-05  2.5030729337e-05  2.9436757555e-05 3.18263535768e-05 3.27485066755e-05 3.84419679225e-05 4.02594779165e-05 4.01488119221e-05 4.17412147634e-05 4.47500458333e-05
1.22593441821e-05 0.000200856755302 0.000612851543555  0.00103676929751  0.00137747202098  0.00171652913115  0.00213150017903  0.00244024297038  0.00265444432276  0.00269410362493  0.00227262921869  0.00143911383752 0.000306273644851  0.00104938505827  0.00104510633405 0.000333921975156 0.000192542784965 0.000107800246893 4.55502075661e-05 1.81295426138e-05  1.1337538853e-05 1.05040104556e-05 1.33762828828e-05 2.59684878989e-05 2.99337573446e-05 3.49537410611e-05 3.58325472911e-05 3.81428638496e-05 4.24717141536e-05
1.22633493358e-05  0.00016703211539 0.000626368679095  0.00113948565266  0.00153287374917  0.00192587575185  0.00240173796085  0.00277125942437  0.00295292168573  0.00290016819388  0.00240221642973  0.00150858613519 0.000320954853452 0.000958479488931  0.00094486886129 0.000397071233663 0.000260514187797 0.000129760720338 6.53322570216e-05 3.00935358406e-05 1.54976013802e-05  9.5219081981e-06 3.15453822086e-06 1.74463334198e-05 2.19212381627e-05 2.69891870025e-05  3.3535361659e-05 3.57738583636e-05 4.00085888914e-05
 1.2982879647e-05  0.00022006513423 0.000707486138689  0.00125097179517  0.00164899181517  0.00205346702227  0.00254389933681  0.00291617108153  0.00306152919792  0.00296179798508  0.00249078710367  0.00172423260165 0.000768064434949 0.000391492640145 0.000608213862149 0.000370390141828 0.000199178702024 9.60811693645e-05 5.45312726195e-05 3.65310275363e-05 1.93462610711e-05 9.93434163304e-06 5.44993267925e-06 8.83743486541e-06 7.56932773806e-06 1.10948465171e-05 1.47294228328e-05 1.70474996407e-05 1.92830727606e-05
1.36966691213e-05 0.000203620836964 0.000765663067293  0.00133501166827  0.00168499204943  0.00204348135701  0.00249525574219  0.00289487257405  0.00312348131372  0.00311480762527  0.00275078157526  0.00211588373067  0.00121099116111 0.000454023504385 0.000387115969028 0.000347865754759 6.87512988142e-05 2.88636862441e-05  1.1155320402e-05  1.5416843386e-05 1.38873921431e-05 1.70101373499e-05 2.07244500267e-05 1.60730290896e-05 1.71976653885e-05 2.00631498027e-05 1.85512962715e-05 1.74128771536e-05  2.1069856707e-05
1.74585007456e-05 0.000210513164484 0.000829487619526  0.00141581573017  0.00175581359014  0.00210907263103  0.00256840614463   0.0029672628456  0.00315964268228  0.00310005412473  0.00273517790493  0.00208274966546  0.00117049724857 0.000470196907719 0.000648989946445 0.000537181513155 9.46520887388e-05 5.12171459586e-05 2.06817118391e-05  1.0944471949e-05 1.90604062143e-05 2.25917061489e-05  2.5967607298e-05 2.35585483357e-05 2.59834378285e-05 3.05238511328e-05 2.98408543687e-05 2.92378857217e-05 3.36360032552e-05
1.05931444731e-05 0.000189853860991  0.00081417252189   0.0012978297137  0.00144922080575  0.00164508671692  0.00200896607736  0.00224208598747  0.00230887348459  0.00229045062878  0.00207520074781  0.00165162220451 0.000969760448699 0.000487514617373  0.00133076450869  0.00113398749045 0.000242032747149 6.62931228672e-05 2.67395051762e-05 1.09776558596e-05 1.26589517181e-05  1.7325563164e-05 1.91196777005e-05 2.42452491387e-05 2.67185295943e-05 3.06259234221e-05  3.3360941868e-05  3.4989762456e-05 3.81492769685e-05
2.08422267454e-05 0.000214540234806 0.000769012937611  0.00118056123521  0.00127191209447  0.00136785893772  0.00161762445603  0.00182288071751  0.00199945331887  0.00211294466677  0.00198711139862  0.00162169432415 0.000949261059696 0.000443148106524  0.00141875064439  0.00120480632743 0.000275264302548 0.000138650657189 9.48370337497e-05 4.33833978025e-05 1.84857537316e-05  9.1005740655e-06 3.27774440767e-06 1.50300837768e-05  1.8058685479e-05 2.37428320433e-05 2.72470646687e-05 2.81942336397e-05 3.19383478543e-05
3.99577811873e-06 0.000187188637734  0.00084685080278  0.00129126920867  0.00133801817762   0.0014152028452  0.00165079633846  0.00186057082763  0.00204242313538  0.00215185466804   0.0020137368225  0.00162952764988 0.000928547358459 0.000325532761507  0.00135629992492  0.00119430862554 0.000337648040619  0.00019288154222 0.000139929048954 7.96053478075e-05 5.32655720145e-05 3.51462226896e-05 3.03901331021e-05 1.10096843264e-05 7.35428171257e-06 4.74024972461e-06 6.76501428714e-06   8.247101762e-06 1.22178997074e-05
1.07795723698e-05 0.000190422997138 0.000858504629062  0.00134221594757   0.0014471653296    0.001569877622  0.00182411672879  0.00205990469232  0.00224422838452   0.0023194827513  0.00213501085099  0.00171833380694 0.000997948015476 0.000160049241194   0.0012285942503  0.00111953875092 0.000416547786343 0.000229099155434 0.000145206617716  9.5593244901e-05 7.24261892395e-05 5.60347204995e-05 5.03294242879e-05 2.97572309895e-05  2.7403284829e-05 2.17655456894e-05 1.19654374643e-05  9.0763553895e-06 7.40694508496e-06
3.75473215347e-05 0.000228043547058 0.000902487233043  0.00133825986797  0.00157820977544  0.00178607289357  0.00209021246244   0.0023817675574  0.00255776691657  0.00255287327683  0.00226153776164  0.00178194896762  0.00104080004004 0.000130890531842  0.00110148089456  0.00103842386986 0.000429837613187 0.000223192667105 0.000146157272434 0.000105981727078 8.46081948834e-05 6.82475852766e-05 6.29793941652e-05 4.75084220701e-05 4.44212530899e-05 3.94686930185e-05 3.22704634709e-05 2.95751510559e-05 2.78887008671e-05
1.52599321696e-06 0.000318821801447  0.00100734128606  0.00139442048858  0.00163222877239  0.00188903372038  0.00225699170839  0.00263637304741  0.00282350158459  0.00274790897398  0.00238086386583  0.00184720175761  0.00109474253876 5.02986967241e-05 0.000914644382011 0.000853152536499 0.000452091766323 0.000235879144168 0.000127626452432 9.90691648799e-05 8.07562552755e-05 6.96024433904e-05 6.38446837566e-05  5.4525749747e-05 5.19929110277e-05 4.86734019537e-05 4.42040615039e-05 4.19232890636e-05 4.03146972775e-05
4.19634208852e-06 0.000325230714034 0.000945295334941  0.00133422435341   0.0016269320719  0.00193435782532  0.00234472800899  0.00277155472128  0.00295542320811  0.00282027832531  0.00238539713479  0.00183669803922  0.00112259855955 0.000101382040337 0.000922473750235 0.000963265868751 0.000510392661211 0.000252729585127 0.000141148296745 0.000101287453622 8.44968423935e-05 7.32464902295e-05 6.70679612302e-05  5.8363456541e-05 5.53348229202e-05 5.19659944843e-05 4.63079590231e-05 4.40830163141e-05 4.19181162256e-05
1.77356663771e-05 0.000310639641024 0.000915983928128  0.00132203590669  0.00162177101415  0.00191696026349  0.00231839728959  0.00275531515748  0.00297685161488  0.00279550192792  0.00228303890032  0.00174711991887  0.00110699182105 0.000172177048698 0.000557979793253 0.000653588291518 0.000468854194467 0.000215749316396 8.03945567032e-05 6.07063837666e-05 5.14491619532e-05 4.78828848514e-05  4.1012690588e-05 4.70259352594e-05 4.38453059924e-05 4.29885936609e-05 4.19843460193e-05 4.10690331277e-05 3.98547868022e-05
2.77568358875e-05 0.000249960451076 0.000873573601086  0.00123539809866  0.00140713119116  0.00158326991075  0.00185687150764  0.00216743943453  0.00225416236942   0.0018762960882  0.00135296405105   0.0010613394859 0.000792223078929  0.00042299396533 0.000490629906316 0.000763922770327 0.000622808809781  0.00020902836729 3.24723916544e-05 2.40985184297e-05 1.13900515814e-05 1.32865795347e-05 7.07427416341e-06 2.09196922583e-05 1.79129367322e-05 1.82610926791e-05 2.54937110401e-05 2.41053201002e-05 2.24133975986e-05
1.66714023027e-05 0.000268023926614 0.000730655619184 0.000906081200363  0.00088796993692 0.000830858564236  0.00090107818469  0.00107377093754  0.00103762180173 0.000803720364204 0.000769100679601 0.000875443103627 0.000771964065396 0.000503841312389 0.000696724719913  0.00130319287298  0.00099554865204 0.000204093141672 3.37405603957e-05 9.39434010806e-06 9.12285560285e-06 9.78712862527e-06 1.23484317292e-05 3.91189802078e-06 6.39284282581e-06 6.11967206066e-06 3.10418147404e-06 1.42555956375e-06    1.51687327e-06
1.41494916382e-05 0.000227277568149 0.000695248505111 0.000819465059086  0.00070565526499 0.000574668018196 0.000564428909593 0.000666508028325 0.000608238253746 0.000546156971486 0.000739100258218 0.000904808968984 0.000801668607389 0.000508561320642 0.000652091315315  0.00129610493042  0.00100770928949 0.000232235801718 8.28176590995e-05 3.97042286151e-05 1.38759501165e-05 6.62083510827e-06 3.92470931637e-06 4.85405824324e-06 8.86652486707e-06 1.17266378179e-05 9.36589034124e-06 1.08000164576e-05 1.14800561882e-05
1.71028009028e-06 0.000222167718806 0.000680937732266 0.000836699685172 0.000768747762502 0.000679062962594 0.000698193073593 0.000809425682043 0.000783729051222 0.000659582860988 0.000726165913597 0.000863032989892 0.000769024024964 0.000470132276536 0.000648640595887   0.0013125119509  0.00106312322654 0.000316494923223 0.000150760371599 9.93586185702e-05 5.42362526433e-05 3.19791754772e-05 2.55658242051e-05 1.05608491564e-05 7.10173005053e-06  3.9120922371e-06  4.9005859629e-06 7.03069340584e-06 9.30344730926e-06
 1.5490380057e-06 0.000219010707819  0.00068180318071 0.000861211045577 0.000829204790817 0.000758461926482 0.000773343053624 0.000865379051123 0.000841746614207  0.00067152173261 0.000704688204262 0.000860005314214 0.000792412819289 0.000478394059691 0.000484396162268  0.00104486340234 0.000880614216719 0.000283746430068 0.000151265166608 9.93057819218e-05 6.62142421391e-05 4.89268032469e-05 4.20727521945e-05 2.66945346448e-05  2.3654602329e-05  1.9390126733e-05 1.34777047358e-05 1.01043365475e-05 8.28904926858e-06
1.49320116313e-07 0.000217837600613 0.000678163123886 0.000856253096749  0.00082272103252  0.00074062615987 0.000730073642536 0.000795087106545 0.000774590621703 0.000668325051779 0.000817004145497  0.00099668008769  0.00092902387043 0.000541026237606 0.000398937742277  0.00105394235669 0.000910300011662 0.000403044005542 0.000255871519431 0.000127414594629 8.28478354401e-05 6.37638449462e-05 5.63183307128e-05 4.08979640467e-05 3.78523665699e-05 3.37726755127e-05 2.80117201234e-05 2.55662362413e-05 2.41226344784e-05
2.99265439509e-05 0.000215398255456 0.000676433986763 0.000865317179902 0.000847166319086 0.000775441071486  0.00076841436158 0.000830969575085 0.000888589562598 0.000892210227348 0.000960787815908  0.00109156738701 0.000993332832469 0.000559233298225 0.000362898892271  0.00106836922475 0.000980569615977 0.000462081839664 0.000315796951333 0.000157004687339 8.90810489301e-05 6.89440059771e-05 6.21203068833e-05 5.03552565855e-05  4.6771370333e-05 4.40093919977e-05 3.89732463615e-05 3.65445379841e-05 3.51059609538e-05
2.65574185959e-05 0.000212651591287 0.000678356466931  0.00088807423203 0.000901019652021 0.000855667586656 0.000869765942145 0.000954767686398  0.00108274206569  0.00111684296784  0.00115109819056  0.00124617278693   0.0011212267988 0.000643962313246 0.000316014065094  0.00101516612275  0.00102466220534 0.000533645837984 0.000312774723163 0.000150111610029 0.000100538433725  8.1950750827e-05 7.46084334071e-05 6.35340206175e-05 5.95876001113e-05 5.59022893163e-05 5.02846976001e-05 4.77681176013e-05 4.61594973926e-05
1.16599605405e-05 0.000270317684152 0.000799738540284  0.00104692765084   0.0010336109903 0.000976761353922 0.000996139229414  0.00110261102251  0.00129261804566  0.00132149722001  0.00131979746257  0.00137845949403  0.00121652581471 0.000686542956003 0.000228117496888   0.0010162677599    0.001016435918 0.000587924409611 0.000378522271299  0.00018974225468 0.000110030479344 8.91088548971e-05 8.02836706977e-05 6.89190125973e-05 6.54175771767e-05 6.17547153357e-05 5.55553895683e-05 5.32474638821e-05 5.24217773078e-05
7.22441853687e-06 0.000231251437626 0.000720541101793 0.000969750056176  0.00106048156028   0.0010867690089  0.00116291047452  0.00130673507145  0.00151483872308  0.00157446334943  0.00150007236608  0.00149723245554  0.00132439428613 0.000781630271579 0.000194271773832 0.000975048892432  0.00106575564843 0.000620060916577 0.000340098321282 0.000144658314123 0.000102878226065  8.5935403099e-05 7.64442608598e-05 6.74985467376e-05 6.41850367823e-05 6.11552204707e-05 5.31761545326e-05 5.00229692168e-05 4.93333607112e-05
 1.0733317071e-05 0.000255147402464 0.000736382183838 0.000994110649829   0.0010819639029  0.00112226298135  0.00121672168626  0.00137271223236  0.00161626165373   0.0016733479142   0.0015766813171  0.00157563577354  0.00141693281435 0.000882312083829 0.000200021135546 0.000920107720494  0.00114216033389 0.000631062472056 0.000280829951648 0.000170398951449 0.000117732730581 9.09099166554e-05 8.31093071341e-05 7.24211328091e-05 6.78139874677e-05 6.50215257623e-05 5.89843301974e-05 5.65079287923e-05 5.58786202073e-05
1.07988058314e-05 0.000254633118618 0.000761076622801  0.00103759208746  0.00110175275131  0.00111195678468  0.00118456385938  0.00132673389523  0.00156138201598  0.00153382437817  0.00136920308157  0.00140520388748  0.00132928858589  0.00090443394853 0.000305306270094 0.000557601635989  0.00107494632126 0.000803028990786 0.000203570265876 5.14541790252e-05 2.13514009861e-05  2.5330891219e-05 1.47943711885e-05  3.7789087849e-05 3.48842864593e-05 3.68698336099e-05 4.62896585663e-05 4.68909534442e-05 4.62799928458e-05
9.30055962361e-06 0.000202838415741 0.000688400480001 0.000925913812011 0.000943246785794 0.000918161423733 0.000940607843277  0.00101597886135  0.00118649736057  0.00124108815189  0.00130060522079  0.00154818138105  0.00161386633776  0.00127775942271 0.000698515096776 0.000499892291969  0.00103444031678  0.00082165667781 0.000141056923171 1.82649680443e-05 2.17408486932e-05 1.31421700191e-05  1.8112054496e-05 3.95091836588e-06 2.48618721021e-06 3.15728893688e-06 1.32779005837e-05 1.32159436776e-05 1.08514645829e-05
1.62974239376e-05 0.000235720088093 0.000641296262324 0.000819329623684 0.000867751888762 0.000833954748671 0.000847758941271 0.000923308986947  0.00114193676148  0.00129128643242  0.00142907999269  0.00168880900369  0.00174718525887  0.00139138364098 0.000732618362442 0.000496574092178  0.00108937431872 0.000828536304446 7.96798747599e-05 2.58966329101e-05  1.7038162675e-05 1.39463639823e-05 1.84381060198e-05 1.18017165106e-05  1.7334936776e-05 1.84177949561e-05 1.11396972217e-05 1.09008545057e-05 1.33845383655e-05
3.72600416141e-05 0.000243143081427 0.000738707975626 0.000980575873812  0.00094861884859 0.000891478847827 0.000899488035547 0.000976657478078  0.00118366620391  0.00131724767459  0.00141036662115   0.0016296095962  0.00170696474118  0.00137816536862  0.00072809045371 0.000404004571065  0.00100665019848 0.000745229693536 0.000100431062544 5.20706732293e-05 3.56867177936e-05 1.45868367919e-05  5.5447262482e-06 8.81017300127e-06   1.051178627e-05 1.52310925854e-05 1.43822888981e-05  1.5068509984e-05 1.89524123041e-05
3.70193130374e-05  0.00022048880161 0.000689042734051 0.000929557312612 0.000996868994828 0.000981384357193   0.0010126116844  0.00109395492237   0.0012769433363  0.00132336303876  0.00133163088085  0.00158402973218  0.00168668625357  0.00138223275695   0.0007463128521 0.000334213616703 0.000915785294784 0.000692239901852 0.000186716610091 0.000113694778953 5.47220318211e-05 3.27582582304e-05 2.24778064728e-05 8.77508935661e-06 3.98424418316e-06 5.11674729039e-06 7.54500698163e-06 8.34239968521e-06 1.28162648284e-05
2.63333328167e-05 0.000264921718668 0.000741012706572 0.000989599180964  0.00103664888089   0.0010180809355  0.00103452916478   0.0010791053549   0.0012029948768  0.00124758947651  0.00129977225053  0.00156491730582  0.00167357010444  0.00137973089319 0.000746377897138 0.000280350517566 0.000808449570107  0.00063830614136 0.000207092897826 0.000138044982438 5.78956488735e-05   3.469765147e-05 2.21435405144e-05 1.00721844131e-05 6.15573881181e-06  2.2046990556e-06 3.98838611281e-06 5.95230911815e-06 6.62079344442e-06
 5.4856932675e-06 0.000237424862246  0.00069621516033 0.000949941125924  0.00101414005669  0.00100968915253  0.00103899572557  0.00110128614858  0.00122715337586  0.00124582807124   0.0012695837772  0.00152764239286  0.00165017002899  0.00137576996986 0.000750156208926 0.000254366242689 0.000727128100268 0.000568061037604 0.000216940173453 0.000155457728883 7.08998483258e-05 4.31702504903e-05 2.63029010215e-05 1.61104839562e-05 1.22978796717e-05 7.89016985976e-06 4.44332238338e-06 2.48854143224e-06 2.44661184395e-06
1.21318271285e-05 0.000177711413579 0.000595236074506 0.000820031422185 0.000947892324937 0.000981077100381  0.00104195004281  0.00113353630108  0.00126837838004  0.00126238609389  0.00124964572386  0.00149222471582  0.00161761923265  0.00135550612239 0.000732461792626 0.000198698598425 0.000567822275995 0.000457697649283 0.000159244367523  0.00011282247155  7.2319090449e-05 4.64257269203e-05 3.06344958406e-05   1.801527415e-05 1.33769231624e-05 1.00972497405e-05 6.20541285357e-06 4.36826412459e-06 2.69287556547e-06
2.12369755669e-05 0.000206191630789 0.000655209369894 0.000893803276483  0.00096504421746 0.000993468488051  0.00107095698784  0.00118711329846  0.00131601021673  0.00124969355909  0.00117606210792  0.00139463403959  0.00154036080963  0.00131198540968 0.000746210984461 0.000255582138768 0.000368954651524  0.00036352243293 0.000204145046358 0.000119100130359 5.01530967758e-05 3.16193938698e-05 1.82970366392e-05 1.47189533573e-05 9.31138220889e-06 6.70111450378e-06 4.56649446898e-06 2.83132157628e-06 1.44337193401e-06
1.31469454407e-05 0.000230340844285 0.000703607092417 0.000961496169639  0.00103701141337  0.00101538424951  0.00105228566518  0.00115672292528  0.00126656407457   0.0010303891283 0.000701854895498 0.000901337908627  0.00112134010648  0.00103667676007 0.000663318510683 0.000318112104493 0.000572021530426 0.000584984502673 0.000337030771098 0.000182725242103 7.44231012188e-05 4.69347615863e-05 3.09018498219e-05 1.56000109153e-05 1.08814116933e-05 6.70759776946e-06 3.71313758428e-06 2.06529531753e-06 1.12263870352e-06
1.06074613414e-05 0.000208690572118 0.000696915203057  0.00091990472094 0.000848987770299 0.000786554468876 0.000827659329445 0.000949129979055  0.00106052810912 0.000826733020911 0.000428513486789 0.000652499860852  0.00090189478473 0.000871596829721 0.000580713396962 0.000329590247252 0.000619083308603 0.000624676391898 0.000401759694315 0.000230384861011 9.95742581339e-05 7.14343693516e-05 5.52215516206e-05 3.62633141073e-05 3.13398309997e-05  2.5804268565e-05 1.88688106826e-05 1.61911136426e-05 1.47417137007e-05
5.05540443674e-05 0.000241971222127 0.000668918347013 0.000818964206221 0.000748025782267 0.000651624373879 0.000667612469494  0.00078263684676 0.000916244736432 0.000712925713286 0.000280706694981 0.000465317417969 0.000759123996878 0.000763432446527 0.000519125355022 0.000359835270601 0.000678758151901 0.000694611091514 0.000428845026893 0.000233442725727 0.000118265900803 8.45346211801e-05 6.51010974224e-05 4.70689296781e-05 4.33115202859e-05 3.84739878526e-05 3.21556559009e-05 2.93972940446e-05 2.81665894273e-05
4.04087102401e-06 0.000205827294271 0.000643760147554 0.000783724862646  0.00067156634959  0.00055619699155 0.000597652527797 0.000758828450659 0.000941827843233 0.000744732485861 0.000215383864684 0.000329120221997 0.000661213529564 0.000697575833625 0.000506931383565 0.000408385599354 0.000752155379395 0.000911342518678 0.000585266507629 0.000285188352783 0.000141300659103 8.89222228044e-05 6.84134067359e-05 5.68079767505e-05  5.0647416489e-05 4.63486262708e-05 4.17195274511e-05 3.88413780614e-05  3.6903747408e-05
4.80611643864e-05 0.000158273093298 0.000567999895261 0.000693427466776 0.000621181706831 0.000518307345771 0.000536853145554 0.000643136143677 0.000759690220873 0.000579101459275 0.000152216471352  0.00045579467811 0.000772595753604 0.000782553953712 0.000529590134542 0.000357202112092 0.000834277947972  0.00101841636454 0.000636011883127 0.000261150371432 0.000126783667784 9.20742092559e-05 7.00716309129e-05 5.80411074047e-05 5.21621823137e-05  4.7726478336e-05 4.37158495439e-05 4.12468518834e-05  3.9839345291e-05
2.59886269042e-05 0.000195886214107  0.00063075424016 0.000776677082349 0.000685075778661 0.000540060499393 0.000508323377179 0.000592018387121  0.00074297172596 0.000588236039621 0.000166629158193  0.00047154886396 0.000801994531384  0.00082822412608 0.000579874762542  0.00036932907937 0.000748758463462 0.000942467848299 0.000621464110455 0.000286715695592 0.000145018683655 9.90375114042e-05 7.83563171148e-05 6.38581282291e-05 5.79237068435e-05 5.41751205136e-05 5.02166495816e-05 4.82788877549e-05  4.6868615416e-05
2.68521086521e-05 0.000199724199405 0.000665828957958 0.000838304693051  0.00070924622562 0.000576855238958 0.000544219912881  0.00061861558853 0.000782616506469 0.000629104363836 0.000164788109392 0.000468950701175 0.000824781993226 0.000874730002363 0.000636323676895 0.000337865977981 0.000621826290224 0.000871120425321 0.000626951277843 0.000270717200357 0.000116943804195 7.12012735777e-05 5.63097315872e-05 5.56927518865e-05 4.82238278593e-05 4.56915617705e-05  4.6713100634e-05 4.51669454491e-05 4.35012172389e-05
1.30617043991e-05 0.000205771095193 0.000639218036916 0.000788523520954 0.000716761854221  0.00058492616615 0.000576906729977 0.000702304267574 0.000926668782569 0.000769332047802 0.000200803812257  0.00037975743341 0.000781663619474 0.000884278212021 0.000710193627464  0.00045423283126 0.000607991258094 0.000986577469174 0.000764942642468 0.000268202884446 0.000129521002621 2.21827477244e-05  3.5601801968e-06 1.46228071944e-05  7.7725986895e-06 8.04347789459e-06 1.51344480904e-05 1.55592204876e-05 1.41238954467e-05
1.33829529578e-05 0.000185981100492 0.000621404796829 0.000765253331855 0.000674357461324 0.000553968287462 0.000568083775878 0.000700903964305 0.000891827697247 0.000734628289516 0.000208169385652 0.000400021072557   0.0008012666843  0.00091401266819 0.000747035769495 0.000512879843878   0.0006946340937  0.00114711328334 0.000859934839219 0.000263728919973 0.000143452257273 4.16199794344e-05 4.08351424484e-06  3.4070582201e-06 8.29479969112e-06 1.09882327678e-05  8.0822862008e-06 7.66112868963e-06 1.03235257395e-05
1.16109185611e-05 0.000194652871242 0.000672092797179 0.000846036086693 0.000703088895117 0.000557425812044 0.000543057412429 0.000643904272775  0.00081760980646 0.000639720640123 8.42462447976e-05 0.000479210157272 0.000886346820701 0.000994727582808 0.000785163341146 0.000433059363531 0.000600598553648  0.00110342953658  0.00082422859338 0.000215974373538 0.000136615032427 5.88450587555e-05 1.36586867954e-05 4.00791026167e-06 8.29257756152e-06 1.09111582824e-05 1.19976415726e-05 1.24551506421e-05 1.55062252574e-05
