0.000309076062083 0.000569946592813  0.00045358048705   0.0019376597704  0.00344039641062  0.00441152832154  0.00460192469614  0.00420242928115  0.00322646732341  0.00284455884383  0.00276253351565  0.00283251919258  0.00302072272017  0.00300741093317  0.00304484527291  0.00312716470613  0.00327576257818  0.00327268682835  0.00330356762158   0.0033809727277  0.00341605949705  0.00345540533578  0.00346295479955   0.0035087978769  0.00351595115854  0.00353030512626  0.00356021501821  0.00356585300583  0.00356454455083
0.000181024513506 0.000102112274848  0.00116908767694  0.00286102383586  0.00408066825284  0.00481249837501  0.00487963636104  0.00443620641876  0.00343510788845  0.00255294015245  0.00227664953205  0.00234095592681   0.0025378919345  0.00251583787823  0.00255900865009  0.00266776731824  0.00285971784992  0.00286467471305  0.00289758279536  0.00303328910052  0.00310937580764  0.00317377556886  0.00317387944472  0.00329824089128  0.00330197586953  0.00332354373828  0.00338474108009  0.00339364305096  0.00339994408633
0.000247748676439 0.000443569701404  0.00181775652272  0.00299200971721  0.00373693018196  0.00412515956885  0.00408524273698  0.00377085781454   0.0031090169104  0.00228939765195  0.00167765023603  0.00171234766069   0.0018330197327  0.00180938381958  0.00182630855112  0.00186981980478  0.00196835488493  0.00195643475824  0.00197456384967  0.00204222204554  0.00207296176111  0.00210193903629  0.00210468942162  0.00215060387665   0.0021409320868   0.0021506897986  0.00217062553283  0.00217095788703  0.00217716150556
0.000187789943515 0.000669033994987  0.00142246286205  0.00166119819695  0.00169282375535    0.001614942118   0.0014254507258  0.00117340934655 0.000831834318849 0.000413967671044 0.000282812548439 0.000755722228821  0.00102169198678  0.00102382182794  0.00103683958601  0.00104252043104  0.00103576616146  0.00104833532302  0.00105693612711  0.00107575313882  0.00107719239922  0.00107397799731   0.0010548804453  0.00105681089303  0.00107143800527  0.00105356879667  0.00106315493602  0.00106759593493  0.00106740277738
0.000190211287866  0.00239274344081  0.00261102317599 0.000642856071609 0.000471095650008  0.00105138986822  0.00142372748712  0.00166870105534  0.00180546006471  0.00186031128059  0.00183744622629  0.00170991774103  0.00163178840022  0.00167253056911  0.00169768447724  0.00172694186258   0.0017606871972  0.00177259838583  0.00177632830279  0.00177901438743  0.00178813323648  0.00181193305184  0.00180859925177  0.00180770969677  0.00179834095739  0.00181912892357  0.00184047784205  0.00183483056652  0.00182327597663
0.000188361312992 0.000516626590422  0.00111393183637  0.00142088357574  0.00075617982045 0.000338432336337   0.0011242897201  0.00174735073176    0.002135296309  0.00230788388557    0.002296850643  0.00207953579882  0.00193612451642   0.0019618980321  0.00198239162997  0.00200040232582  0.00201767878111  0.00201020682341  0.00201451426737  0.00201160472894  0.00201614052542  0.00200578688465   0.0020285144517  0.00204464997779  0.00204190233246  0.00204425412007  0.00202777985178  0.00203112843887  0.00204402749719
0.000189806649784 0.000353741649193 0.000873237043245 0.000945955504918 0.000693515431405 0.000288053493124 0.000409799882125 0.000837877008194  0.00119228773947  0.00146871356322  0.00167500774687  0.00196181768557  0.00217543309683  0.00219262005208  0.00220709787304  0.00221633941645  0.00222750129332     0.00223225133  0.00224845485251   0.0022702587771  0.00227601365041  0.00228144615422  0.00227848080456  0.00227641835918  0.00227991954051  0.00227476487693  0.00228229680853  0.00228099705022  0.00228662060218
 0.00026735007276 0.000598986195419  0.00100026045825 0.000157842034988 0.000613341301607 0.000980362811928  0.00116448180681  0.00137364788907  0.00159451229468  0.00183246582167  0.00205036422507  0.00224668680447  0.00235460168934  0.00236411451452  0.00236762478334  0.00237107129939  0.00237001130823  0.00237367445972  0.00237173919543  0.00236813129183  0.00236895448964   0.0023786417174  0.00235878106979  0.00237241648776  0.00237008197811   0.0023686129339  0.00236393682448  0.00237148981533   0.0023539361174
0.000234631571015 0.000204901388525  0.00116012462846  0.00158620175956 0.000921157221509 0.000346141991877 0.000925789592424  0.00147399362623  0.00182583865487  0.00208461557654  0.00227857010138  0.00248004072926  0.00262569033969  0.00262377168965  0.00262560959828  0.00263298200414  0.00263879800483  0.00263661590579  0.00264616689106  0.00264637180566  0.00263840622937  0.00262390288008  0.00262659699883  0.00263481092943   0.0026461226697  0.00264947386183  0.00266323558787  0.00265933819523    0.002672980673
0.000253233631323 0.000260273037625  0.00193686177315  0.00100331816836 0.000601743861113 0.000943342441844  0.00103567610517  0.00125928270665  0.00156972027126  0.00194013273222  0.00231922733843  0.00273162083048  0.00296889411645  0.00297050529092  0.00297509484806    0.002971147825  0.00297019113134  0.00296775236646   0.0029527466638  0.00295133379064   0.0029533066071  0.00294899050183  0.00294845956896  0.00294512281398  0.00293928051361  0.00293257644543  0.00291842282329  0.00291590426074  0.00290877887304
0.000292836473204   0.0017346378656  0.00264959486408  0.00350785850117  0.00426246327006  0.00357142034861  0.00271568161105  0.00207805205521  0.00198061172301  0.00227754944394  0.00277699322308  0.00335284404601  0.00377400606889  0.00392532294373  0.00393185646708  0.00393143766048  0.00391651798994  0.00391829826394   0.0039151606534  0.00389374667434  0.00388492490886  0.00387419668875  0.00387036471236  0.00385783433973  0.00387139228977  0.00387207168367  0.00385862585925  0.00385229395612  0.00385454151291
0.000237223142102 0.000953482766015  0.00301538215833  0.00395811374448  0.00368340636081  0.00334101169596  0.00305158585728   0.0029409128627  0.00295495342845  0.00313457239483  0.00338101998717  0.00371620610916  0.00402930043195  0.00410885169777  0.00413228499214  0.00417411890047  0.00425124695299  0.00424809491361  0.00425902641649   0.0043144331068   0.0043307334711  0.00436563606955  0.00436359421719  0.00437324082994  0.00437739063303  0.00439292584602  0.00440851267927  0.00440971321715  0.00438875705373
0.000347167108051 0.000591983716584  0.00429200475885  0.00464723484634  0.00252530089727   0.0018328286665  0.00277278363351  0.00374939176636  0.00441727951818  0.00473141796694  0.00477557005407  0.00464082159231  0.00435812280767  0.00419833872636  0.00419959077226  0.00419023941804  0.00415745519474  0.00415399813077  0.00415678124963  0.00414484995806  0.00415359159707  0.00413280708837  0.00413950643115  0.00413908811388  0.00412887041713  0.00412322804812  0.00410937795934  0.00410681118231  0.00412642768833
0.000281185191851  0.00158322066237  0.00631757283167  0.00717124937283  0.00589539540352  0.00509080669329  0.00437000010788   0.0038852971068  0.00365558868287  0.00364461214844   0.0037458092447  0.00389114066159  0.00407701266457  0.00418215258072  0.00417338709181  0.00417619107731  0.00418669786824  0.00419476781509   0.0041971670519  0.00420313422806   0.0042017348882   0.0042142269887  0.00420212443538  0.00423005455695  0.00423505190736  0.00423628584478  0.00425052095999  0.00425674378921  0.00427500862986
0.000288040953444 0.000637878833649  0.00305079858317  0.00236265858773  0.00208730315919  0.00297189707407  0.00381266530951  0.00444662860512  0.00475847350637  0.00486092601284  0.00484916552628  0.00485287569065  0.00490219540303  0.00491339928432  0.00492196389151  0.00494239541453  0.00495985667387  0.00495446978127  0.00495147336119  0.00494807858506  0.00494779227177  0.00494177784262   0.0049403316523  0.00493021166776  0.00493717423726  0.00493350075426  0.00495059385671  0.00495573452769  0.00493750337311
0.000589261400403 0.000743230811266  0.00226582782216  0.00282095633083  0.00252627515472  0.00276367307118  0.00315165820124  0.00360539324701   0.0040305531547  0.00439345894086  0.00460940072498  0.00467907643921  0.00456880478367  0.00445870145921   0.0044599833434   0.0044594024899  0.00448567464941  0.00449276849001  0.00449750193501   0.0045231437139  0.00454917005023  0.00456081424087  0.00457158729808  0.00458675380674  0.00458265759459  0.00459394629189  0.00459439526117  0.00460143476167  0.00460555061459
0.000160386514891  0.00144913781201  0.00444921021651  0.00409817896057   0.0046840959201  0.00436818352554  0.00389993776596  0.00341536147506   0.0034184067996  0.00365283243875  0.00400816528635  0.00432801539708  0.00472960195393  0.00501916491448  0.00500718685756  0.00497424609044  0.00491359357702  0.00490088251029  0.00491011908881  0.00487718305061  0.00483618292927  0.00481828911489   0.0048294044832  0.00480858774517  0.00481493984587  0.00482135054019  0.00481657550134  0.00481987159489  0.00481428575466
0.000206192786324  0.00108886683848  0.00312775048718   0.0042363594877  0.00466337276328  0.00509852045309  0.00495499952464   0.0047917236549  0.00469835846206  0.00469945498167  0.00474126107096  0.00496270187657  0.00541348843079  0.00589082199334  0.00607599761366  0.00608775470934  0.00611422522573  0.00612745708473  0.00611181560963  0.00612143917709  0.00615049216576  0.00616257176701  0.00616479833523  0.00617098939838  0.00617556884206  0.00617835563026  0.00618294886855  0.00618941301877  0.00620901105633
0.000167251115499 0.000950527271362  0.00280359107377  0.00429668815951  0.00564971194903  0.00619529741178  0.00630706250802  0.00651664046319  0.00664850857967  0.00667313570366  0.00658516809668  0.00651182284517  0.00651877646782  0.00636313445232  0.00627459789001  0.00632732455436  0.00643158569293  0.00642997348013  0.00647203454617  0.00655649950601  0.00659430699668   0.0066398619019  0.00663784341161  0.00672069763768  0.00672464973214  0.00674170956522  0.00678751396637  0.00678924682401  0.00678815342578
0.000216474473761 0.000704627486561    0.001635671019  0.00271476196517  0.00355725281016  0.00445793295423  0.00565114369713  0.00654110019888  0.00705144290397  0.00727395984854  0.00722020819708  0.00694936792334  0.00643732412599  0.00600907252247  0.00591627853807  0.00590777144434  0.00589676826184  0.00590234734272  0.00589727532001  0.00589396312223  0.00589884249555  0.00590004852394  0.00592229517667  0.00591781062134  0.00593166530793  0.00592523022144  0.00592473884899  0.00594444809215  0.00596117069772
0.000173860420949 0.000884770155426  0.00241489390634  0.00357048851244  0.00406777105077  0.00408642888199  0.00431614667828  0.00467451698482  0.00499420032689  0.00523922146548  0.00538170815292  0.00547681442035  0.00554854668992  0.00557068492522  0.00557633624011  0.00558237671196  0.00560113397726  0.00561092439213  0.00562816698816  0.00563857467864  0.00564581241177  0.00566044225466  0.00567123106379  0.00566301581802  0.00567666253664   0.0055424480862  0.00486833326146  0.00449819411871  0.00429926111203
0.00019705429412  0.0013028856853 0.00352161253885 0.00621355969751 0.00714061377985  0.0058851867458  0.0052829318092 0.00499298295644 0.00491939826635 0.00488762202494 0.00496695588373 0.00505094271648 0.00517250786148  0.0054255386922 0.00548136921687 0.00543883926271 0.00536793516082  0.0053784558836 0.00537131457015 0.00478372295248 0.00411820066886 0.00381507006334 0.00367984041056 0.00356813576621 0.00353328934181 0.00351223948678 0.00348363806242 0.00347733802523 0.00347308522656
0.000179830022833 0.000753890488764  0.00215471900968  0.00328000989774  0.00407252866904  0.00442270580211  0.00471842469423  0.00501745923445  0.00521633464415  0.00538571426233  0.00550060750015  0.00565573087774  0.00587381934513  0.00600974020606  0.00606206561427  0.00608141243984   0.0051649677504  0.00475101541091  0.00460024370222  0.00455676346388   0.0045407752997  0.00454108241252  0.00453267549575  0.00455515435182  0.00455430318964  0.00455628816796  0.00456843477862  0.00456952931204  0.00456946926697
0.000204262328618 0.000661179000742  0.00191974421602   0.0032639526806  0.00413962693044  0.00455575618804  0.00481679377113    0.005142652663  0.00543985024641  0.00571920501549  0.00591072041918   0.0060646153239  0.00618166414088  0.00607301457904  0.00503162872172  0.00468862582832  0.00458605773811  0.00453334112661    0.004513128445  0.00452745659357  0.00453139090273  0.00452837486554  0.00453093161673  0.00454152626997  0.00454874289786   0.0045441522394  0.00454683337693   0.0045510508233  0.00454820302426
0.000185875338788  0.00075259904746  0.00206125168234  0.00301793865959  0.00366895943363  0.00408855573539    0.005051513504  0.00576162945831  0.00601072529998  0.00607792076836  0.00608876899709  0.00613494160918  0.00534393105211  0.00484830968344  0.00467052411221   0.0046013879032  0.00457617392908  0.00455642959001  0.00454914638943  0.00454404230115   0.0045401422983  0.00454424258963  0.00454177905671  0.00454135382928  0.00453307178771  0.00453953351887  0.00453635485036  0.00453148391602  0.00453358181497
0.000193577278808 0.000720040625146  0.00201114458148  0.00323216704362  0.00422257107407  0.00432576698164  0.00413953504325  0.00435814515702  0.00460287220158  0.00487280507276  0.00502365580237   0.0042236166234  0.00390735471988  0.00378740808269  0.00375705420566  0.00375662884549  0.00376360344204  0.00376281289271  0.00376058799501  0.00376190104386  0.00376635607693  0.00376431065053  0.00376466082353  0.00377759543069  0.00377396542553  0.00377785442562   0.0037913914101  0.00378964485959  0.00379037950499
0.000177257446256 0.000709405977907  0.00207924419096  0.00316688213926  0.00389521660224  0.00388864560686  0.00406734288995   0.0044710042128  0.00476521640702  0.00468453847844  0.00402996836672  0.00377099875687  0.00365404581714  0.00362444895492   0.0036098100311  0.00359561221927    0.003556091017  0.00355420283095  0.00354214949045  0.00351410835339   0.0034948618644  0.00348006289774  0.00348012644076  0.00345105396604  0.00345456004208   0.0034460058769  0.00342898492575  0.00343192575134    0.003431096107
0.000193492499428  0.00071358354427  0.00192398631871  0.00272322234102  0.00310633415951  0.00325871488898  0.00330641424455  0.00349646397224  0.00359780080177  0.00312702574901  0.00289666077039  0.00280827176032  0.00282810186271  0.00283291600563  0.00285107753672  0.00288215539018  0.00294319027695  0.00294414049681  0.00295489614329  0.00299604231725  0.00301586953269  0.00303436685858  0.00303197577683  0.00306149822922  0.00306259376047  0.00306622657463  0.00307379293668  0.00307221848185  0.00307113107501
0.000215638851702 0.000595693691749  0.00156050572085  0.00246685375052  0.00323372815398   0.0034737531404  0.00351535090265   0.0035448760297  0.00292177792497  0.00260018784511  0.00248684325057  0.00242175860398  0.00236501091609  0.00235482849514  0.00234888888139  0.00233190670909  0.00229386565444  0.00229449618499  0.00228612025916  0.00225496902233  0.00223887030885  0.00222436918075  0.00222305790619  0.00220825531401  0.00221067280589  0.00220816340838  0.00220480731937  0.00220947498338  0.00220862604306
0.000215210098982 0.000663010579728  0.00176029881112  0.00239393729962  0.00284470071296  0.00311948427295  0.00335845661041  0.00326489857437  0.00296384445436  0.00280774253946   0.0026998327227  0.00260352983146  0.00251627548521  0.00245652758278  0.00246308415965  0.00246348241911  0.00246398636911  0.00246705845212  0.00246594365531  0.00246262864523  0.00246523972182  0.00247003608775  0.00246000567605  0.00246164022936  0.00245843612935  0.00245900091418  0.00245995251698  0.00245693967947  0.00245905087746
0.000192956007431 0.000729144460108  0.00199299767883  0.00279079100651  0.00320429802041  0.00342454973854  0.00360892158266  0.00332274616918  0.00318423455522  0.00311693118882   0.0030588467364  0.00300694182625  0.00296135271802  0.00290816905785  0.00287697129621  0.00287955724843  0.00289223998478  0.00289436139501  0.00289883849752  0.00291035111999  0.00290910520453  0.00290969761392  0.00291755397292  0.00291834476093  0.00291837041435  0.00291948106616  0.00292266497226  0.00292399812599   0.0029246406235
 0.00018707908988 0.000800382767147  0.00218481179714  0.00303646412452  0.00341614380348  0.00366071012231  0.00373437316815   0.0033300858441  0.00321239176224  0.00315949242795  0.00314527576394  0.00312688291166  0.00309648277312  0.00309776534664  0.00309302412067  0.00308456076699  0.00305432800853  0.00305692200147  0.00305283530233  0.00302982122656  0.00302696023138  0.00301721473801  0.00301618019511  0.00300328769608  0.00300208459342  0.00300055626324  0.00299405668739  0.00299339838404  0.00299426597762
0.000198962307375 0.000676617469469  0.00178814908747  0.00251882721578  0.00277183149002   0.0029493101385   0.0028668792689  0.00263847565971  0.00260854496475  0.00264131498562   0.0026520380226   0.0026911473865  0.00276378180711  0.00276914562817  0.00278908944054  0.00282154036302  0.00288583298173  0.00288744800675  0.00290221353762  0.00294221897543  0.00295460535289    0.002968107867   0.0029714164795  0.00299151669732  0.00299461664173  0.00300020542655  0.00301397457155  0.00300915071844  0.00300714483858
0.000214304928798 0.000655218852483  0.00179281270077  0.00247702875929  0.00269778641592  0.00272495228593  0.00247508256999  0.00224054731137   0.0021905390871  0.00220673189608  0.00224894275736  0.00226879871298  0.00225947338944   0.0022528590904  0.00223449390834  0.00222568550475  0.00220611199726  0.00220689674127  0.00220407456792  0.00219199803887  0.00218626423575  0.00217928797558  0.00217936851675  0.00217367152658   0.0021680532729  0.00216647803526  0.00216288300872  0.00216804267364  0.00216843328722
0.000360746434002 0.000470291984188 0.000866720141259  0.00101120349681 0.000861372844445 0.000910892956638  0.00100361515812  0.00117764699545  0.00133983591046  0.00144359630971  0.00147496157426  0.00141977168417  0.00126805940556  0.00096076087013 0.000603055085796  0.00055734043205 0.000675068539734 0.000667631782572  0.00069948410258  0.00075954546681 0.000808215650016 0.000827579665239  0.00083468918955 0.000875131737949 0.000895651072424 0.000898394812627 0.000903841465277 0.000932158917769 0.000932168647902
0.000319325808184 0.000380473494672 0.000802852230821  0.00113071466088 0.000926248143726   0.0005238158687  0.00112746574568   0.0017446594409  0.00226535307601   0.0025828958618  0.00264013116832  0.00237225374703  0.00173902840267 0.000762759816288 0.000183135876584 0.000202839509821 0.000261773233879 0.000261113127241 0.000275213848812 0.000315656377579  0.00032308411761 0.000336097405691  0.00033946857914 0.000350868780116 0.000353780942646 0.000356704200836 0.000365179699851 0.000346491721655 0.000359131187823
2.74277765356e-05 0.000333082310268  0.00069281776179 0.000617691914639  0.00060166481923 0.000594882878087  0.00113715100118  0.00172584831566  0.00223110077767   0.0025262122893  0.00253214469197  0.00217350280921    0.001450955375 0.000527931701957 0.000135836197834 0.000154082128734 0.000199556783143 0.000199390810085 0.000207862562635 0.000248108905526 0.000256312308895 0.000288101179909 0.000274097854979 0.000318007217179 0.000299031067447 0.000299705697441 0.000318246446732 0.000308531815647 0.000311613118514
8.32058799283e-05 0.000390543304292 0.000730676462616 0.000844091345385 0.000615664043738 0.000458681425262  0.00101215517582  0.00149258364169  0.00185429484565  0.00199143281028  0.00183876086157   0.0013386913482 0.000494193794251 6.59597548667e-05 8.44086835702e-05 0.000107020576889 0.000166017989886 0.000175526171566 0.000176323164689 0.000209030542221 0.000220977367058  0.00023120094705 0.000233988479473 0.000256391456718 0.000265778180437 0.000265188861728 0.000280099368825 0.000285330149312 0.000279648945574
0.000138355144315 0.000780580187346  0.00103699713436  0.00116641795292 0.000928856545687 0.000342613477405 0.000663069642072  0.00118253999481  0.00156906589642    0.001735700193  0.00162308731843  0.00117856908444 0.000449401091809 7.81250922172e-05  9.4765768604e-05 0.000117316709388 0.000143433652981 0.000135464218852  0.00014584842598 0.000167319391422  0.00018320141575 0.000183043822297 0.000191550652353 0.000213463619507  0.00020656928554 0.000220871767003 0.000230124691895 0.000232281673316 0.000222414292711
5.51493660922e-05 0.000512236845443   0.0008208054481  0.00100186482934  0.00082263413622 0.000441715192244 0.000895526856421  0.00136825208091  0.00172598837124  0.00183672880482  0.00159878662835  0.00094822418172 0.000262781345093 3.49930612015e-05  4.2367577372e-05 7.24475904239e-05 0.000107022969952 0.000109168414989 0.000116511524432 0.000141733011419 0.000151163992017 0.000187558742239 0.000174362029422 0.000196473632175 0.000189601869703 0.000195885453661 0.000203738972991 0.000203384433794 0.000203627154915
7.47576576729e-05 0.000397745361976 0.000707934258401 0.000896871205844  0.00070140445963 0.000504649679849  0.00111023490822  0.00151491986175  0.00180943339529  0.00181616647544  0.00142755404158 0.000553974031585 1.80673454973e-06 5.59173235787e-06 1.89725084777e-05 3.82551112391e-05 7.31626166847e-05 7.28816287269e-05 8.49003670256e-05 0.000109278709324 0.000121306525418 0.000135015764604 0.000133875697817 0.000154593183949 0.000161015287989 0.000158706335842 0.000171658665749 0.000172992719705  0.00017095644014
 4.1621303003e-05 0.000458053966642 0.000775852485144  0.00104186972431 0.000913777130552 0.000594771123433  0.00110526534767  0.00156822393675  0.00188935854736  0.00191354402167  0.00150983132537 0.000598742598163 2.42288925868e-05 2.46132136171e-05 2.44649378929e-05 3.80518593926e-05 7.63437474382e-05 7.63043167083e-05 8.37457107197e-05 0.000107447519631 0.000124192216083 0.000122546298678 0.000128698147937 0.000139860165256 0.000134712649558 0.000141408732488 0.000145455894943 0.000147311055719 0.000145278297716
9.81659528302e-05 0.000424353286758   0.0010853875513  0.00185482762489  0.00260076011269   0.0034437287421  0.00311125939877  0.00282481851948  0.00264468747198  0.00219048576422  0.00114330147863 0.000238107319679 2.09722411673e-05 1.79692510533e-05 1.87529675694e-05 3.84259504972e-05 6.91143680526e-05 6.95988944972e-05    7.76341363e-05 0.000100286506585 0.000112131822333 0.000115537859454 0.000117265978386 0.000126032799615 0.000124341925958 0.000126390459012 0.000129676466397 0.000130375391731 0.000131682231742
9.86532216734e-05 0.000470515150818 0.000785280195131  0.00103292341455 0.000982338449586 0.000840978340305  0.00120322273873  0.00155287412287  0.00155146359994  0.00123370044344 0.000563924185897 0.000136786949922  7.4513702609e-05  5.1480225679e-05 5.42463153066e-05 5.43451150061e-05 6.81334003558e-05 6.86841325879e-05 7.22186457082e-05 8.37077155152e-05 8.86896771995e-05 9.26625108067e-05 9.34611772681e-05 0.000101370907565 0.000104261034325 0.000106793636599 0.000108319837005 0.000111876092301  0.00011310835333
5.17649636293e-05 0.000434182661622 0.000871428983007  0.00134063893525  0.00154580566369  0.00127479934491   0.0009818603102 0.000919084605245 0.000840207201761 0.000748597853327 0.000354207862439 6.70313119833e-05 5.13542873109e-05  5.1284538603e-05 5.43745588522e-05 6.14086656255e-05 6.40127463818e-05 6.72174202535e-05 6.83181459069e-05 7.27356435973e-05 7.47499145871e-05 7.86816766984e-05 7.72810252767e-05 8.72291321891e-05 8.78629529464e-05 8.87481749152e-05 9.82888951065e-05 9.91798464682e-05 9.91205630325e-05
2.27895609523e-05 0.000370613882879 0.000707978068787  0.00100186221862 0.000919370576859 0.000484587377047 0.000919197310464  0.00146857447701  0.00159720519931  0.00141532966002 0.000619032396942 8.45437713136e-05 4.10620530322e-05 1.37849653743e-05 1.91650615843e-05 3.13918357559e-05  5.1468556257e-05  4.9552614778e-05 5.16951562037e-05 5.97924302259e-05  6.6407550944e-05  6.9189826624e-05  6.9836147079e-05 8.09020820448e-05  8.0560546483e-05 7.94174577441e-05  8.1504072136e-05 8.26280889829e-05 8.24219433769e-05
 2.0237661081e-05 0.000407737214447 0.000848565304615  0.00135355757379  0.00152156111513  0.00113841808562   0.0013544000072   0.0020480572234   0.0020919975389  0.00164759402359 0.000637327051469 7.26607980029e-05  3.5923169446e-05 1.72663794707e-05 1.46216164075e-05 2.26884028914e-05 3.73445493816e-05 3.78860108288e-05 4.20712752608e-05 5.07928993497e-05 5.71004467904e-05 6.27079403381e-05 6.32073256592e-05 6.87086726394e-05 6.75083470589e-05 6.90526948393e-05 7.09773764287e-05 7.22989860567e-05 7.26885317675e-05
3.36647016572e-05 0.000358913396676 0.000728096767314  0.00114167164665   0.0014494204129  0.00153176762143  0.00181631193605  0.00226259909323  0.00182657291086 0.000782029758863 0.000118493558076 3.56669267523e-05 5.70242992741e-06 3.96407623088e-06 1.82720884427e-06 1.18308128257e-05 2.82128012724e-05 2.80005322028e-05 3.13377774093e-05 4.35209309085e-05 4.77514772318e-05 5.05058756796e-05 5.11614680609e-05   5.927453615e-05 5.84784447707e-05 5.87853283224e-05 6.30285299366e-05 6.04523066905e-05 5.98302757827e-05
1.81879016958e-05 0.000297652153569 0.000661805414267 0.000992877196938  0.00117283284229  0.00122880834603  0.00155392171232  0.00204825332928  0.00175313183577 0.000760864043328 0.000107710314943 3.10183900039e-05 7.26730232641e-06 4.99076749241e-06 7.36026347076e-06 1.42941050513e-05 2.82625918925e-05 2.77388934203e-05  3.0103592446e-05 3.95537231827e-05 4.30186487796e-05 4.66455873554e-05  4.7402730248e-05 5.23708471282e-05 5.07875667534e-05 5.16777512279e-05 5.36148335412e-05  5.7182574599e-05 5.77984541588e-05
7.86160215842e-05 0.000393655371883 0.000695279609005  0.00105948864501   0.0011421521526  0.00106174975283  0.00140887316914  0.00193732629621  0.00173684202414 0.000723750513034 7.69699136432e-05 2.06961209731e-05 4.00351266505e-06 4.39148795081e-06 6.42557826178e-06 1.08637516739e-05 2.07635294499e-05 2.07379084242e-05 2.27889698019e-05 2.93246920766e-05  3.2563980285e-05 3.58617232074e-05 3.70197425472e-05 4.35716579483e-05 4.28261161753e-05 4.52678441833e-05 4.94719718608e-05 4.91432705472e-05 4.90256446405e-05
5.80874353156e-06 0.000325385077491 0.000705476198857  0.00112836382234  0.00116670875175 0.000920957824674  0.00120604803256  0.00179860857474  0.00149036316796 0.000420378458903 3.06745658553e-05 2.16537452875e-06 6.65678161819e-06 6.23398466259e-06 7.69262121729e-06 1.11493687161e-05  1.6936014512e-05 1.65537464643e-05 1.81533861841e-05 2.36406749588e-05 2.75501581729e-05 3.03440102626e-05 2.99015225604e-05 3.44595403044e-05 3.46473019302e-05 3.49141584213e-05 3.64408955723e-05 3.66965502752e-05 3.71612852743e-05
3.98656360132e-05 0.000253730588567 0.000710011355102  0.00108921100061  0.00101314188295 0.000799730933031  0.00118270287777  0.00167665469298   0.0014398258532 0.000365887011197 3.38481366388e-05  2.3506258985e-06 4.56914229875e-06 5.23942676669e-06 5.74739286818e-06 8.61811985565e-06 1.62992188443e-05 1.64598203299e-05  1.7966410883e-05 2.28280880046e-05  2.4825244419e-05 2.64747372043e-05 2.69763543926e-05 3.05323049124e-05 3.03397339605e-05 3.12342130514e-05  3.2587296235e-05 3.33669442024e-05 3.32580565285e-05
3.35982429082e-05 0.000302587644356 0.000713406388559 0.000980572068253 0.000974303360547 0.000853000630816  0.00140390935812  0.00166452156562  0.00129905120566 0.000312936395701 4.05819012044e-05 4.18629204345e-06 3.18316081747e-06 2.67248739546e-06 3.29677474042e-06 5.74452603414e-06 1.15311996254e-05 1.16868358761e-05 1.28787360049e-05 1.64633022011e-05  1.9035931308e-05 2.13055636969e-05 2.13143084259e-05 2.48331552783e-05 2.50867632219e-05 2.56673658723e-05 2.73954677449e-05 2.74622215504e-05 2.75739656538e-05
6.07429765775e-06 0.000301882137794 0.000737053521567  0.00106964982308 0.000993671703075 0.000828119937845  0.00137402736297  0.00163531926569  0.00127245763335 0.000336906270718 4.44454646608e-05 3.48984011496e-06 2.54366108892e-06  2.8330901224e-06 1.26894984691e-06 3.97754913709e-06 1.01620841493e-05 1.02370214259e-05 1.16469132706e-05 1.57678671587e-05 1.76374347207e-05 1.87113595916e-05 1.90606539792e-05 2.10691250623e-05 2.11786131964e-05 2.20697415751e-05 2.31898839363e-05 2.39443067991e-05 2.39552515198e-05
3.56087504199e-05  0.00032095095799 0.000799819431808  0.00123599565614  0.00116098174202 0.000879069522331   0.0013855129597  0.00165047433876  0.00127327516355 0.000391854619037  5.3253834359e-05   4.088060001e-06 6.16980530779e-07 2.00913582239e-06 9.69987664143e-07 1.67357823629e-06  6.2693872195e-06 6.17060364373e-06 7.15980844476e-06 9.94834683501e-06 1.14458671499e-05 1.30660120569e-05  1.2968301144e-05 1.77231447077e-05 1.75797582626e-05 1.82107797683e-05  1.9951091216e-05 1.97928316085e-05 1.99690682993e-05
6.63950715938e-05 0.000239612005059 0.000737038178011  0.00109140229666  0.00101321807294  0.00103056589424  0.00146406097504  0.00148652061563  0.00120509383264 0.000434420747143 5.81735635269e-05 3.94529378163e-06 5.30720628514e-06 6.57895732105e-06 5.70441385824e-06 2.93237283219e-06 3.15329509219e-06 2.99833884994e-06 3.76788439557e-06  6.8618834903e-06 8.83057935183e-06 1.03763934802e-05 1.06432697651e-05 1.34437549248e-05 1.27170390116e-05 1.34418138071e-05 1.51449247717e-05 1.55454181466e-05  1.5583344843e-05
3.32472218855e-05 0.000359355375251 0.000844449155102  0.00114123582933  0.00104129311683   0.0012492057244   0.0016326082415  0.00149675823356  0.00119334626031 0.000505546125114 6.86553163879e-05 1.38560890671e-06 7.35352420825e-06  1.0173561746e-05  9.1193514034e-06 6.22194439568e-06 1.33641756814e-06  1.7817062784e-06 1.40728958913e-06 4.77779022727e-06 7.47013252624e-06 9.20810417639e-06 8.96174619826e-06  1.0987896764e-05 1.08123302912e-05  1.0849938552e-05 1.07288360643e-05 1.14637200509e-05 1.15644147796e-05
5.69172382605e-05  0.00029722975259 0.000816502096559  0.00109321884597 0.000993102863615  0.00123804543729  0.00162918168306  0.00150387061764  0.00118958197904 0.000602208710786 8.64967675311e-05 4.21632857315e-06 7.38462019116e-06 1.04467318111e-05 1.00000089401e-05 7.38337545235e-06 2.90681008832e-06  2.7165711812e-06  1.7608688842e-06 1.22429781411e-06 2.72743255079e-06 4.30115465872e-06 4.36034221677e-06 6.55585090423e-06 6.59433216604e-06 7.11310018449e-06 8.16213740355e-06 8.11938280224e-06  8.1122693421e-06
3.54379874996e-06 0.000285904714444  0.00080667333878  0.00107228966157 0.000950489605335  0.00118647518217   0.0015851392541  0.00148968961599  0.00117661822675 0.000719664097676 0.000110027189755 1.10374339708e-05 4.21882965745e-06 8.02387017726e-06 7.97628348047e-06   6.257351171e-06 3.35643831572e-06 3.26876470265e-06  2.6230128395e-06  6.5549611819e-07 6.28717173139e-07 1.92825580716e-06 2.00856581273e-06 4.13235337444e-06 3.83142451479e-06   4.149939979e-06 5.25400659993e-06 5.48492292094e-06 5.72640980929e-06
1.83285824693e-05 0.000262831192252 0.000788742788034   0.0010512560508 0.000931598933476   0.0011274113805  0.00154303578685  0.00148243836397  0.00116053085123 0.000861466390125 0.000127707815277 1.06044872998e-05 7.73050659407e-06 1.13973013316e-05 1.12485385685e-05 9.98358386004e-06 6.29488629532e-06 6.44697943476e-06 5.66364832962e-06  3.0489929539e-06 1.80047222352e-06 5.60915524291e-07  5.4158869268e-07  1.8081445813e-06  1.8179417999e-06 2.29381104361e-06 3.22361405246e-06 3.58523920362e-06 3.55088762052e-06
3.17988139269e-05 0.000276087838716 0.000828984695067  0.00106881115821 0.000916196703084  0.00101814826944  0.00140627548631  0.00142469498465  0.00113412089482 0.000872713444673 0.000155614941874 1.49760252001e-05 6.44758860238e-06 1.03679928345e-05  1.1130247806e-05 9.36010995288e-06 5.97630623642e-06 5.63640639101e-06 5.12601539245e-06 3.79218851485e-06  2.9719757973e-06 2.39203066127e-06 2.32457831321e-06 1.43678347967e-06 1.43245025689e-06 1.20772965523e-06 8.86086740937e-07 9.31054313749e-07    9.59361708e-07
 2.2232093941e-05 0.000271470540665 0.000797824196313  0.00107164395348 0.000957378400291 0.000896988401722  0.00119934656099  0.00133503430932  0.00113790711494 0.000915570337514 0.000196976928139 2.62774925253e-05 4.61236511453e-06 1.08786659262e-05 1.11945899936e-05 1.09722582589e-05 9.25873227136e-06 9.56785489276e-06 8.91896083282e-06 6.83815739724e-06 5.74213137308e-06 4.77861455962e-06 4.77267370963e-06 3.29045769372e-06 3.23437571601e-06 3.04425284897e-06 2.50769320379e-06 2.28260304117e-06   2.266593484e-06
1.85873068336e-05 0.000306491231907 0.000817532565869  0.00112117424278  0.00101527472482 0.000818234954557  0.00101015889151  0.00120926353587  0.00109898480618 0.000938887510507  0.00022558447133 2.76784682891e-05 4.49921811779e-06 9.96041804024e-06 1.08645627555e-05 9.95086358319e-06 8.06201404659e-06 8.01544101822e-06 7.63194726638e-06  6.7974095562e-06  6.3308223372e-06 5.78748829043e-06  5.7270069617e-06 4.77676846108e-06 4.77267678878e-06 4.59110550798e-06 4.11728008076e-06  3.9962902975e-06 4.05322540994e-06
4.91783603371e-06 0.000177683235907 0.000722154514777 0.000981046320559 0.000785442370886 0.000859417891727   0.0013418830714  0.00143035886579  0.00118672686824  0.00086159350198 0.000252441728383 2.48515101263e-05 8.53548467134e-06 1.71220344003e-05 1.74444229845e-05 1.54858468691e-05 1.07795529941e-05 1.06350062738e-05 9.80370669934e-06 8.22512854652e-06 7.27663356627e-06 6.85647498084e-06 6.97603107705e-06 6.08434578018e-06  6.1414659249e-06   5.901330119e-06 5.60410463517e-06 5.54523444333e-06 5.66512674644e-06
1.94068883864e-05 0.000223176398186  0.00074701286578 0.000935062885005 0.000754876473717  0.00096576813134  0.00152776323444  0.00159558180085  0.00129424002164 0.000897143217849 0.000319058412182 4.10385525327e-05 6.49388756747e-06 1.22920132515e-05 1.38890157642e-05  1.3172284556e-05  1.1352297391e-05 1.15876794649e-05  1.1183234419e-05 9.15243164602e-06 8.43475653434e-06 7.87140293303e-06 7.81121703435e-06  7.2721471003e-06 7.27396456707e-06 7.27361373556e-06 6.91824822133e-06 6.85921345633e-06 6.85558686685e-06
 1.8923774525e-05 0.000249600004344 0.000700744752533 0.000890633963903 0.000811419955212 0.000953806206719  0.00151131620104  0.00162002829217   0.0013005476311 0.000899828694963 0.000387003046321 5.18607907422e-05 6.19617867743e-06 1.64756244413e-05 1.69357044767e-05 1.56883269306e-05 1.22790699361e-05  1.2221368837e-05 1.13684947894e-05 9.12608186875e-06 9.15226527917e-06 8.96578191905e-06 9.12651420971e-06 8.52722629119e-06 8.64452274912e-06 8.46574814516e-06 8.16931613662e-06 8.10973708254e-06 8.10624538429e-06
1.55491039721e-05 0.000221115945203 0.000750077314203 0.000968260321428 0.000820858107465 0.000867992918462  0.00143965340349  0.00161764808971  0.00129425944709 0.000897280701103 0.000462794231656 6.47164301362e-05 2.32977156027e-06 1.17399078241e-05 1.38886418246e-05 1.41359247664e-05   1.401257982e-05  1.4209122344e-05 1.43604187711e-05 1.42545460541e-05 1.29852802209e-05  1.2125606916e-05 1.21079910643e-05 1.10304916751e-05 1.10285603021e-05 1.08500509938e-05 1.03150913558e-05 1.03134229585e-05 1.01934834633e-05
2.47384580869e-05 0.000235496907616 0.000749919339044 0.000958743110831 0.000766789313872 0.000877215178852   0.0014767483563   0.0016052012296  0.00128113748749 0.000887112721124 0.000553706759263 7.47309951387e-05 4.45279948392e-06 1.62432319897e-05 1.86201637243e-05 1.80935978183e-05 1.68444547056e-05 1.67160758198e-05 1.63396024121e-05   1.551268768e-05  1.5142583738e-05 1.45043079322e-05  1.4372260269e-05 1.28186001581e-05 1.26385738067e-05 1.25180484838e-05 1.19222699577e-05 1.17445352583e-05 1.18017290714e-05
4.30670075857e-05 0.000193741738867 0.000710170872094 0.000907057860695 0.000747813790185 0.000939234426931  0.00147854044778  0.00158146216606  0.00128933756302 0.000885614657507 0.000581493741297 8.93739550232e-05 6.93940953258e-06 2.10868806156e-05 2.40637118289e-05 2.38703988362e-05  2.1673903759e-05 2.15347388916e-05 2.09882700532e-05   1.904344428e-05 1.80918825211e-05 1.71331597129e-05 1.71771000237e-05 1.56252348355e-05 1.56215982284e-05 1.53203648102e-05 1.45446325188e-05 1.44268176022e-05 1.44254323422e-05
2.22184022282e-05 0.000235190599982 0.000717374044546 0.000875737148693 0.000757847862837  0.00107370575078  0.00151814055198  0.00155270708182  0.00131361997586 0.000891887226472  0.00058046787833  0.00010899995043  4.8636725587e-06  2.1977691578e-05 2.48833156209e-05 2.39053223927e-05 2.05273309157e-05 2.04298713995e-05 2.02169779735e-05  1.8612620083e-05 1.82797142412e-05 1.78496854488e-05 1.78956817473e-05 1.71135965975e-05   1.717157538e-05 1.69301913797e-05 1.66305036505e-05 1.65718063918e-05  1.6690531166e-05
 1.9795991688e-05 0.000196834314006  0.00066167977612 0.000823675319529 0.000735714975189  0.00106414026585  0.00150544873587  0.00155957636481  0.00132172054985 0.000891373257097 0.000580821762394 0.000130530842303 4.16536886502e-06 2.17296395357e-05 2.53763412175e-05  2.4238315983e-05  2.0731335564e-05 2.15265494125e-05 2.10817949154e-05 1.88219150506e-05 1.82991381645e-05 1.77327603092e-05 1.74060806267e-05 1.68238236379e-05  1.6657018205e-05 1.66932380595e-05 1.70474558878e-05 1.71074675826e-05 1.69293980347e-05
2.78842748039e-06 0.000176524233621 0.000711517451872 0.000900364438576 0.000761065991659  0.00104137605193  0.00148556071309  0.00157142010803  0.00133417861282 0.000893701587573 0.000582646267175 0.000160897733034 6.44536795985e-06 2.22823674732e-05 2.68592258707e-05 2.68660696914e-05 2.39075957434e-05 2.43135863555e-05 2.38432028211e-05 2.18288811868e-05 2.02389054948e-05 1.97611084867e-05 1.98848630817e-05 1.90937340747e-05 1.89673043565e-05 1.87812391659e-05 1.81268935321e-05 1.80608220792e-05 1.81810776909e-05
6.71180377789e-05 0.000352902505717 0.000739429395412 0.000906391126861 0.000844721378288  0.00105733250443  0.00146150678428  0.00159746034535  0.00137412727875 0.000910242068054 0.000595047292961 0.000206495137298 1.65180399139e-05 1.63314177007e-05 2.32731188498e-05  2.4879882186e-05  2.4886954082e-05 2.48240498517e-05 2.49655631422e-05 2.33587503069e-05 2.29083705537e-05 2.21655042296e-05 2.24595476222e-05 2.10140146954e-05 2.07664285288e-05 2.07437863177e-05 2.00874340044e-05 1.99085090117e-05 1.99086261309e-05
1.76815381544e-05 0.000199977509549 0.000670197078518 0.000828385431085 0.000758361358837 0.000962157684716   0.0013993610074  0.00159441027492  0.00137590923654 0.000901763139099 0.000591624905919 0.000246980069595 2.10833799745e-05  1.9764895519e-05  2.6104007359e-05 2.48098540771e-05 2.25279101839e-05 2.36150208331e-05 2.31317453658e-05 2.28869274135e-05 2.25767194292e-05 2.22722479436e-05 2.24117423153e-05 2.22461112951e-05 2.24809526031e-05 2.21771381553e-05 2.18771426703e-05 2.18160328035e-05 2.18758993703e-05
2.20307257095e-05 0.000303598499051 0.000783111440046 0.000983207650447 0.000840117195589 0.000943029053482  0.00134008936321  0.00160736446305  0.00140194954161 0.000905687968698 0.000600424470841 0.000302661072322 3.26961150182e-05 1.52085779061e-05 2.40172344703e-05 2.72342269465e-05 2.85576373121e-05 2.65672221854e-05 2.70273035569e-05 2.68211202978e-05 2.60471009874e-05 2.55726614177e-05 2.54012119345e-05 2.38586101432e-05 2.37836756811e-05 2.36092002706e-05 2.30697695923e-05 2.29490267245e-05 2.30085557963e-05
 1.0473469426e-05 0.000211570252134 0.000687763992108 0.000902078492022 0.000853083004808 0.000929898679991  0.00128451812869   0.0016367366336  0.00144190997337 0.000906387890183 0.000604115307221 0.000359938424605 4.03640887397e-05 1.49480759382e-05 2.50786588316e-05 2.49080002783e-05 2.32449746053e-05 2.42854366911e-05 2.39188385922e-05 2.46961982632e-05 2.45345449496e-05 2.44264541104e-05 2.45216207145e-05  2.4636047634e-05 2.49760204487e-05 2.49208407731e-05 2.46168084014e-05 2.39635876398e-05 2.36634240035e-05
7.91238734777e-06 0.000231874015795 0.000710956395812 0.000935916825108 0.000922457239066  0.00110799859035   0.0014179115758  0.00147995371789  0.00125946006256 0.000869306285756 0.000584650827814 0.000393314063099 4.65583828133e-05 1.84616696364e-05 3.19856936717e-05 3.44262496773e-05 3.23831588827e-05 3.16240365604e-05 3.05688892313e-05 2.78257976649e-05 2.64323972484e-05 2.54629847025e-05  2.5706993562e-05 2.39652524142e-05 2.34286091699e-05 2.33487877996e-05 2.25441911802e-05 2.31269141865e-05 2.29302291079e-05
9.86432229089e-06 0.000249195021975 0.000732265740712 0.000914210526573 0.000909645908708  0.00115982107049  0.00144568064685   0.0014170931099  0.00121768804207 0.000884674002405 0.000607405024649 0.000391735543353 5.17451919863e-05 2.63705446332e-05 3.73152205974e-05 3.57929994933e-05 3.08644052286e-05 3.22751691307e-05 3.17688267665e-05 2.78512368837e-05 2.68550912834e-05 2.55355531296e-05 2.55121831128e-05 2.39827145169e-05 2.41896453928e-05 2.41232122399e-05 2.34350547121e-05 2.38973745756e-05 2.37558721608e-05
 2.6839132369e-05 0.000254416385867 0.000741130845827 0.000925133998742 0.000904136595319  0.00112324549122  0.00141041898616  0.00140273368298  0.00121912192176 0.000904178227192 0.000626583810644 0.000404099327684 7.91157617291e-05 1.35027698661e-05 2.85539009208e-05 3.43333693944e-05 3.46093314996e-05 3.33167876804e-05  3.3009251622e-05 3.19288965483e-05 3.07869701678e-05 2.95122049362e-05 2.93419895365e-05 2.62738258991e-05 2.64458309726e-05 2.55813137239e-05 2.42185312566e-05  2.4148125921e-05  2.4604881102e-05
2.79868995833e-05 0.000278974476611 0.000735699263086 0.000917535349014 0.000868410131214   0.0010954060976  0.00140540670381  0.00138536393192   0.0012045706179 0.000912175978502 0.000647884769789 0.000416695266288 0.000103099720108 6.56664588712e-06 2.54940530481e-05 2.85774606841e-05 2.62621464673e-05 2.68877642582e-05 2.74112381013e-05 2.83480165328e-05 2.85316205052e-05 2.87091058872e-05 2.86191812296e-05  2.8533186507e-05 2.86302275175e-05 2.87236408879e-05 2.88147000779e-05 2.90502331461e-05 2.90789164266e-05
9.23747057106e-06 0.000159982668681 0.000703042710748  0.00092477301479 0.000904617151657  0.00109751132598  0.00134066245298  0.00135482808616  0.00120707294571 0.000913237559117 0.000626526761515 0.000397690552902 0.000122883982628 7.86266083367e-06 3.03330327817e-05 2.99553894905e-05 2.97401323809e-05 2.92941726533e-05 2.89935284699e-05  2.8396661676e-05 2.79344145884e-05 2.80740298719e-05 2.80936585588e-05 2.75976807814e-05 2.73060157062e-05 2.73493097006e-05 2.58601912239e-05 2.58644713127e-05 2.67809354995e-05
2.84774620453e-05 0.000370083971168 0.000697551336442 0.000844043113642 0.000880913716787  0.00105182091742  0.00131039815355  0.00144932151029  0.00135767709888  0.00102890175497 0.000670403189444 0.000424397311455 0.000162790374355 7.97480370977e-06 2.20829375674e-05 3.07452745602e-05 2.70060593708e-05 2.69325759736e-05 2.85785362735e-05  2.8384620066e-05 2.84425013699e-05 2.78616356788e-05 2.76714217188e-05 2.74602162322e-05 2.78122260621e-05 2.80406469057e-05 2.69281091141e-05 2.76092781928e-05 2.87257286971e-05
2.67158253923e-05 0.000220698659296  0.00072284596837 0.000919301063676 0.000719475232117  0.00088034423317  0.00125422503664   0.0014168656793  0.00132997521429  0.00102824001756 0.000671122383937 0.000421458532381 0.000195073126534 1.18505551428e-05  2.4492921741e-05 3.21794430296e-05 3.72229129711e-05  3.7475430306e-05 3.46102840461e-05 3.18589763533e-05 3.10186015923e-05 3.00624775618e-05 2.97366824196e-05 2.89433339956e-05 2.91240510013e-05 2.90930040287e-05 3.00509687241e-05 3.02996013456e-05  3.1094267723e-05
6.85224995739e-06 0.000228637686216  0.00065302987207 0.000795148656179 0.000794226940936 0.000955036216178  0.00124436265496  0.00141323654359  0.00134371377252  0.00104293017075 0.000684645003925 0.000422117847683 0.000234810237012 1.59848501575e-05  2.4780633485e-05 3.31750937739e-05 3.49056024086e-05 3.42905329846e-05 3.44021359351e-05  3.3165524527e-05 3.22646022778e-05  3.2669914078e-05 3.26985995411e-05 3.12512339176e-05 3.09632164845e-05 3.05880758461e-05 2.97714047597e-05 2.96165516884e-05  3.0438035541e-05
6.86297679599e-06 0.000180782606854 0.000659282618248 0.000846793071938 0.000768287748541  0.00087312138228  0.00116073273128  0.00136892566744   0.0013265158924  0.00104574341775 0.000695393487153 0.000423634131993 0.000287046649297 2.15519147412e-05 2.41006738832e-05 3.18256229796e-05 2.95443348411e-05 2.90649846095e-05 2.91519844318e-05 2.82844156097e-05 2.72587679735e-05 2.77557100308e-05  2.7604011514e-05 2.77530623247e-05 2.82876929237e-05 2.77135465131e-05 2.87214031912e-05 2.84820405954e-05 3.03299253823e-05
 1.9302513465e-05 0.000174448723702 0.000618777000784 0.000782828131421 0.000746168357085   0.0008578797687  0.00114056806612  0.00135906909276  0.00133147271327  0.00106710080963 0.000710343877051 0.000436193940144  0.00029168414986 3.82189581468e-05 1.73049279827e-05 2.84828556248e-05 3.12937862627e-05 3.20779822362e-05 3.16691484546e-05 3.17497148813e-05 3.16391137873e-05 3.22427072148e-05  3.2671903611e-05 3.17023897984e-05 3.18217846709e-05 3.19075878851e-05 3.23458318006e-05 3.26106353944e-05  3.4259610281e-05
1.98504758906e-05 0.000199605031999 0.000648700753781 0.000822115059341 0.000777106248776 0.000848693999053  0.00109548701835  0.00132452413289  0.00131836812489  0.00107570576626 0.000730053375945 0.000442578593378 0.000291895033652 4.78885592857e-05 1.64269908661e-05 2.92534746935e-05 3.13493764753e-05 3.14488627365e-05 3.24482026931e-05 3.34024614405e-05 3.33177958894e-05 3.29919911487e-05 3.31182201646e-05 3.21801269315e-05 3.21745803232e-05 3.14947822111e-05 3.06745673556e-05 2.95158301405e-05 3.01326092246e-05
3.45208628889e-06 0.000174653577759  0.00061062230083 0.000746248013942 0.000654771276363 0.000679848525326 0.000945881485826  0.00127629399518  0.00133036829008  0.00111722948049    0.000715457998 0.000485880155969 0.000289281668991 6.15340334529e-05 2.09302943595e-05 2.98063570772e-05 3.12768823731e-05  3.1363500898e-05 3.06166297013e-05 2.90182611147e-05 2.81057564223e-05 2.87193471528e-05 2.90938113421e-05 2.78929598835e-05 2.84424625832e-05 2.78072253978e-05 2.74575633668e-05 2.70768489835e-05  2.8584653224e-05
1.95894374786e-06 0.000165210414152 0.000564617549412 0.000636640713953 0.000542041733865 0.000652343075933  0.00100542443465  0.00137874868305  0.00142829943636  0.00120598598527 0.000683022768595 0.000509789616851 0.000307334706837   9.116418061e-05 1.62477049434e-05 2.82822406976e-05 3.09208585832e-05  3.1405546677e-05 3.14778814487e-05 3.15080160462e-05 3.18544808534e-05  3.1793996183e-05 3.26780337152e-05 3.09963327516e-05 3.16519773144e-05 3.06028795536e-05 2.94048651424e-05 2.89069045071e-05  3.0605552218e-05
 1.5941974038e-05 0.000155225993182  0.00055126285539 0.000628158990324 0.000553301154895 0.000690919138194  0.00106512744385  0.00143877396038  0.00149009664502  0.00125148654522   0.0006668915118 0.000500125176335 0.000282864021271 8.42470700565e-05 2.92071478797e-05 4.20890031083e-05 3.63332659311e-05 4.01804484949e-05 3.87153706499e-05 3.58581313169e-05 3.48200012373e-05 3.33724595075e-05 3.33946769057e-05  3.1894786099e-05 3.12076473136e-05 3.09873654805e-05 3.13702386261e-05 3.12009996342e-05 3.26558156684e-05
 1.3190725629e-05 0.000175947291835 0.000588789839702 0.000680239883455 0.000622029749963 0.000787331813116  0.00118625493176  0.00155452013229  0.00160673341492  0.00135191518503 0.000715784262299  0.00050606760763 0.000302478016666 0.000117841119146 2.11128980377e-05 4.42765557035e-05 4.73646556017e-05 4.64290478815e-05 4.61029065609e-05 4.06364323495e-05 3.83465654713e-05 3.56635211149e-05 3.46043933422e-05 3.33483287886e-05 3.29454281563e-05 3.29254295625e-05 3.29607209732e-05 3.15324096228e-05 3.27354093001e-05
1.20550343034e-05 0.000198266360333  0.00059987204237 0.000727614328012 0.000728614775804 0.000879781856835  0.00123328119845  0.00155616044546  0.00158473665916  0.00129919216244 0.000702506916114 0.000549561385991 0.000312700858022 0.000164318910303 4.16344403806e-06 3.11467448574e-05 4.00723318299e-05 4.02991511325e-05 4.07145960907e-05 4.08417830552e-05 4.01397421139e-05 4.04564071648e-05 4.07265452283e-05 3.85490938835e-05 3.98573215773e-05 3.86345458378e-05 3.80050096478e-05 3.75113223843e-05 3.79575017829e-05
6.87376279612e-06 0.000171996097673 0.000604005325213 0.000769964645868 0.000775737489857 0.000913615639045  0.00126706772467    0.001574127955  0.00158280702591  0.00126334971318 0.000694388522312 0.000552810568359 0.000328461456055 0.000200493075685 1.17226532786e-05 2.20632558863e-05 2.92152897921e-05 3.04762455278e-05 3.23313816987e-05 3.58103595159e-05 3.73760277472e-05 3.91935618889e-05 3.90180497016e-05 4.13359663337e-05 4.12246930207e-05 4.01584696682e-05 4.01708873141e-05 3.94309641183e-05 3.92910363629e-05
5.16989579625e-06 0.000218668935067 0.000647008588926 0.000814530837993 0.000841490932339  0.00096220496475  0.00129938863481  0.00156657061257  0.00153331146107  0.00119450347521 0.000706905895036 0.000588707159934 0.000334909003931 0.000231201747948 3.26861649688e-05   1.334539501e-05 2.60597802341e-05 2.47941111837e-05  2.6291598789e-05 2.97157143965e-05 3.24464413952e-05 3.36095094321e-05  3.2880471299e-05 3.50099218952e-05 3.48197559395e-05 3.59786928457e-05 3.67133421531e-05 3.62685933906e-05  3.7930691338e-05
7.90304664199e-06 0.000190137260883 0.000633003872686 0.000820150107719 0.000841672247188 0.000963268914792  0.00118054976009  0.00138681831314  0.00144343812289  0.00125412985564 0.000795391071983  0.00050967584684  0.00036865118824 0.000193111488285   1.307040452e-05 2.87728813686e-05 3.36918627775e-05 3.66957186299e-05 3.53265964348e-05 3.19458618898e-05 3.11188961507e-05 3.07443333585e-05 2.87238041891e-05 2.98699682513e-05 3.00725241841e-05  3.0348127758e-05 3.34642377968e-05 3.36441454649e-05 3.45686160002e-05
1.10286457422e-05 0.000230383310681 0.000613622863656 0.000742450021899 0.000736826274438 0.000841903431963  0.00109087281291  0.00135684956349  0.00145955283218  0.00129936175551 0.000855003529854 0.000568574342403 0.000424145282641 0.000209163509133 2.80141000216e-05 2.95039086207e-05 3.62493926191e-05 3.87195653509e-05 3.81807234544e-05 3.70535332109e-05  3.5803419924e-05 3.36707660163e-05  3.5233435354e-05 3.10879656386e-05 3.04802455776e-05 3.10096810793e-05 3.12799774599e-05 3.17718786005e-05 3.29363530295e-05
1.23449761156e-05 0.000211084405805 0.000585815672607  0.00071268219615 0.000710119721312  0.00081002678562   0.0010521007668  0.00133643855067  0.00145833525108  0.00131159615391 0.000871798475706 0.000535451058227 0.000417195227034 0.000216809265405 3.77940514142e-05 3.45733200987e-05 3.93988047253e-05 4.13686424983e-05 4.09863663967e-05 3.75417770689e-05 3.51118447414e-05 3.40252244577e-05  3.4395406011e-05  3.4644639285e-05 3.60680748493e-05 3.69695555644e-05 3.64946451866e-05 3.59543523249e-05 3.53248046073e-05
1.35328198985e-05  0.00019755276497 0.000611102573485 0.000768414870744 0.000745427329857 0.000831442642914   0.0010478499563  0.00131450774005  0.00143823236341  0.00129392683693 0.000849678961622 0.000558894377187 0.000455872807953 0.000216935429942 6.34233367799e-05 2.17795373567e-05 3.38274320251e-05  3.5865419013e-05 3.64982349783e-05 3.66351609563e-05 3.64623989533e-05 3.54954272523e-05 3.59354992651e-05 3.50698203012e-05 3.28100268736e-05 3.48596501765e-05  3.5492048468e-05 3.42266788921e-05  3.3897387192e-05
2.29218175726e-05 0.000228474171634 0.000582073535454 0.000720083839644 0.000762228271977 0.000856404129673  0.00105668130891  0.00131640808764  0.00145269178289  0.00132196156393 0.000883748572836 0.000545427922565 0.000451092492632 0.000232335282057 8.58278759518e-05 1.53268835792e-05 2.62662805978e-05 2.84316578633e-05 2.95362926368e-05 2.92453513618e-05 2.96919692883e-05 3.01216683867e-05 3.29806650512e-05 3.38408592275e-05 3.08121647252e-05 3.12801943017e-05 3.18325047045e-05  3.3012340638e-05 3.31853140297e-05
5.16183329257e-06 0.000228982955877 0.000592923310146 0.000745689149345 0.000808878871883  0.00091739774348  0.00110412058701  0.00134403146418  0.00147528740343  0.00134320343115 0.000891237961575  0.00053263029203 0.000440996324324 0.000233080057523 0.000116326113578 7.36371435718e-06 2.29625804534e-05 2.87624021421e-05 2.94360177663e-05 3.38988467372e-05 3.71654294247e-05  3.7306591032e-05 3.52437625056e-05 3.50040164361e-05   3.476331303e-05 3.48863760623e-05 3.46335393623e-05 3.46558876492e-05 3.49537187497e-05
3.04860983591e-05 0.000227325303627 0.000596770146001 0.000781944187284 0.000864501749112 0.000982536735276  0.00115745340333   0.0013862367522   0.0015273198588  0.00141125968735 0.000966068965396 0.000539135262625 0.000457108427761 0.000261577307348 0.000151266117487 1.71325903903e-05 1.86525871476e-05 2.39674401985e-05 2.85877772319e-05 3.19323480515e-05 3.23295688321e-05 3.31882864298e-05 3.34437470717e-05 3.58248017918e-05  3.4583675444e-05 3.48654527559e-05 3.41546828744e-05 3.41914074311e-05 3.38986480493e-05
2.13008701636e-05 0.000242393845649 0.000607403456136 0.000809228370177 0.000914627787845  0.00104307688609  0.00119190851665  0.00137054380014  0.00149402185843  0.00137711358211 0.000932133617187 0.000538238934131 0.000462322703665 0.000258886442337 0.000182769918394 2.10606826874e-05 1.65914608259e-05 2.09863071071e-05 2.18609768001e-05 2.41453168147e-05 2.66486938515e-05 3.08887176285e-05 3.07864183794e-05  3.6716192832e-05 3.99923986784e-05 3.63230367575e-05 3.62155439518e-05 3.55062142037e-05 3.53584677247e-05
2.17372267416e-05 0.000239548588094 0.000600090404478 0.000806110378274  0.00091340443889  0.00100726344053  0.00106097874591   0.0011746911667  0.00132312847522  0.00126572407858 0.000896800774761 0.000573006894476 0.000463636577927 0.000279077814192 0.000204220442111  4.9071627372e-05 2.70433574434e-06 7.18051295444e-06 1.08040259439e-05 1.93028413946e-05 2.37901450903e-05 2.43098638361e-05 2.35488152756e-05 2.62609796351e-05 2.66657181824e-05  2.6873824425e-05 2.82981470955e-05 2.92295142079e-05 2.91392689633e-05
2.20208841292e-05 0.000243769725105  0.00057295059394  0.00077724643457 0.000880199145324   0.0009726342767  0.00102056036244  0.00113856365106  0.00130244898376  0.00126125604622 0.000904543973212 0.000567602148197 0.000462997952615 0.000281391810305 0.000199743536616 5.38258606892e-05  4.1369142646e-06 4.65022160705e-06 8.74263288418e-06 1.40264573147e-05 1.63337433462e-05 1.87024594699e-05 1.84282323579e-05 2.21547559189e-05 2.28682096051e-05 2.36695158887e-05 2.44684988555e-05 2.43972041751e-05 2.39822045406e-05
1.24649269758e-05 0.000246155961882 0.000626941629663 0.000860655720417 0.000989553588438  0.00109999527918  0.00113528421356  0.00118494608015  0.00129247626526  0.00122172800674 0.000837392918099 0.000526306586891 0.000470232624597 0.000263159143362 0.000186655574145 5.41999582028e-05 3.49368086364e-06 7.66865660975e-06 1.03058084119e-05 1.33974293809e-05 1.48182299215e-05 1.66907838234e-05 1.61028580027e-05 1.85392400983e-05 1.84610241969e-05 1.88938904709e-05 1.94659287158e-05 1.98811853058e-05 1.98962585444e-05
1.06273079439e-05 0.000253993575334 0.000618683443701 0.000878961289989  0.00105772109463  0.00121943640651  0.00126694787494  0.00125739640357  0.00130963100479  0.00121460514092 0.000814276590771 0.000511427302154 0.000447981680693 0.000269753922512 0.000191863909818 7.10606769531e-05  8.1282105484e-06  4.2610043763e-06 7.28624728658e-06 1.07100565127e-05   1.298586319e-05 1.42856814336e-05 1.39483622191e-05 1.66978322426e-05 1.71116874569e-05 1.73211985472e-05 1.78362829318e-05 1.79926301679e-05 1.81944576457e-05
1.47238816957e-05 0.000225792922666 0.000608049333621 0.000880376452031  0.00107846974073  0.00125182474664  0.00125864219271  0.00117370740607   0.0012321136452  0.00119738411985 0.000890343745125  0.00054590547371 0.000440916528929 0.000252581526459 0.000146970960298 5.94620046191e-05 5.85144578882e-06 1.28557895966e-05 1.50954735228e-05 1.17298310396e-05 1.12494367128e-05 1.26592637107e-05 1.25842135757e-05 1.29586866641e-05  1.3557404822e-05 1.38708922864e-05 1.42131124009e-05 1.43760352066e-05 1.44976882539e-05
1.33916903943e-05 0.000249718663862 0.000572138165306 0.000779277497017 0.000882727229151  0.00096527924785 0.000878666511604 0.000844382494035  0.00109062422127  0.00121429973427  0.00100322158939 0.000681408829833 0.000463687074027 0.000310169630705 0.000130217644915  4.7818359246e-05 1.89929540912e-05 3.48151799658e-05 3.52890731827e-05 2.90495481178e-05 2.68023834623e-05 2.24145305147e-05 2.19390362896e-05 1.81378176042e-05 1.84272188464e-05 1.79643584623e-05  1.6754858144e-05 1.69469679681e-05 1.65903394637e-05
 6.8256710368e-06 0.000204923392265 0.000517100678871 0.000720771652618 0.000831374507255 0.000913863094813 0.000823149797839 0.000792400453131  0.00106039807786  0.00120308241111  0.00102363852821 0.000703767587315 0.000481683876329 0.000324679182063 0.000143807072357 7.81344492126e-05 2.14079455007e-05  3.7476803623e-05 4.08921414792e-05 3.57544710464e-05 3.34087549793e-05 3.02803201212e-05 3.01924111394e-05 2.57649499352e-05 2.60862830118e-05 2.48952876582e-05 2.15774646069e-05 2.12133946539e-05 2.09282384559e-05
9.97006284393e-06 0.000207862971817 0.000518019887068 0.000684585995401 0.000716014007569 0.000747492066099   0.0006018964025 0.000615522821955  0.00105201205733   0.0012941405911  0.00117516670992 0.000885225592387 0.000520524094818 0.000374664158631 0.000147297839806 0.000105643108291 1.26777199021e-05  3.8698763749e-05 3.86561832028e-05 3.50457808726e-05  3.3344520588e-05  3.1630000063e-05  3.0691790296e-05 2.68632447652e-05 2.77031558445e-05 2.78378601673e-05 2.55125128238e-05 2.62048013388e-05 2.57908098666e-05
 1.1069795448e-05 0.000200759916462 0.000469256686207 0.000509144883154  0.00035433333763 0.000251578799857 0.000254008269665 0.000564914347299  0.00107008299103  0.00132496144231  0.00115723086116 0.000744935784597 0.000598081974264 0.000473265039131 0.000173106803328 0.000115793905699 5.13325889021e-06 2.75146159516e-05 3.17808993195e-05 3.16129176602e-05 3.37158783379e-05 3.29862618588e-05 3.27983592934e-05 3.20000676052e-05 3.32772289936e-05 3.24575456867e-05  2.9299806388e-05 2.92136032712e-05 2.89644373754e-05
1.31561778306e-05 0.000192282287347 0.000455289429439 0.000449883810256 0.000333761232872 0.000360119567177 0.000492814008432  0.00073582719302  0.00112339782391  0.00138487434441  0.00121900074144 0.000694428281202 0.000719089465739 0.000610585410477 0.000196365239508 0.000127030406886 1.13340702511e-05 2.07589056206e-05 2.82778681538e-05 3.07348586705e-05 2.94424896621e-05  3.1282661398e-05 3.09896808521e-05 3.20088307406e-05 3.24693438827e-05 3.44768395131e-05 3.38077185143e-05 3.36805880635e-05 3.39479181883e-05
1.83912869869e-05 0.000155387549753 0.000399146782556 0.000425125355003 0.000343616632837 0.000306852641921 0.000394733852137 0.000670711271248  0.00112722052567  0.00141054004685  0.00121881851093 0.000673527490853 0.000692540390469 0.000595755473937 0.000219792126512 0.000147284024059 2.54186691294e-05 1.50613229698e-05 2.33349209408e-05 2.86962318378e-05 3.06548789283e-05 2.99633327847e-05 2.92341936554e-05   2.909602426e-05  2.9682190167e-05 3.08408602289e-05 3.00657779605e-05 2.96889150373e-05 3.00627431529e-05
1.43410570816e-05  0.00025054406863  0.00050189051292 0.000524740807588 0.000378781718862 0.000287494856207 0.000384864211493  0.00070594566526  0.00115833342211  0.00143243300956  0.00125800030382 0.000739605347287 0.000548713029378 0.000522457281756 0.000285424903483  0.00021076044431 7.02921664233e-05  3.2968727443e-05 2.27993609642e-05 2.52128008558e-05 2.67174968142e-05 2.65524044782e-05 2.63376957883e-05 2.62656960173e-05 2.65152076624e-05 2.78401913412e-05 2.59369354048e-05 2.67166571858e-05 2.65263588812e-05
5.05181565444e-06 0.000182760486702 0.000469065720259 0.000558153842445 0.000427673096509 0.000317869306074 0.000373185380905 0.000694378860266  0.00113447483233  0.00140705592069  0.00126597916703 0.000757683916619 0.000553012433706 0.000556635559303 0.000255300289733 0.000167155692644 6.09535067615e-05 9.22885581967e-06 7.30322810062e-06 1.68201033489e-05  1.9396284755e-05 2.10547668125e-05 2.13514965585e-05 2.39624200182e-05 2.33995102634e-05  2.5397086977e-05 2.49274716685e-05 2.52231509137e-05 2.55014928002e-05
 9.8547136815e-06 0.000158824653086 0.000424121178799 0.000530004951758 0.000494568952145 0.000400348097912 0.000387889007769 0.000647129245356  0.00113956005519  0.00144764037243  0.00131077265211 0.000757194098333 0.000503403427996 0.000540528711928 0.000321632683434 0.000223890751108 7.91498234996e-05 1.89831310517e-05 7.79765956413e-06 9.49854559434e-06 1.27869026229e-05 1.54587335967e-05 1.50563596998e-05 1.88359518552e-05 1.77647586183e-05 2.10934529669e-05 2.30854525198e-05 2.39180205413e-05 2.43711963857e-05
1.48092857314e-05 0.000192526705837 0.000438462958863 0.000561302327075 0.000553730251603 0.000498263928222 0.000508521505644 0.000734659576034  0.00125714411171  0.00160769470573  0.00149282783695 0.000905949737715 0.000496018935736 0.000709226474581 0.000542789806426 0.000276038585887 8.97318271195e-05 2.83907967548e-05 2.68424938468e-05 2.40936504004e-05 2.32334561601e-05 2.21615325484e-05 2.16331441593e-05 2.07718732403e-05 2.23570591692e-05 2.02237702544e-05 2.01469035975e-05 2.02099684657e-05 2.04529904173e-05
1.31379508099e-05 0.000216805797314 0.000548207027195 0.000718314371132 0.000670445016485 0.000642301177246 0.000682594501756  0.00086062109999  0.00136586915005   0.0017307692728   0.0016019004062 0.000968442375717 0.000505819255938 0.000739257728481 0.000567345187673 0.000303379250027 0.000112300408637 3.39247229892e-05 2.17783203141e-05 2.39547816552e-05 2.57462833993e-05 2.56683006682e-05 2.55578137929e-05 2.54309893298e-05  2.5150666086e-05 2.50348798477e-05 2.11575450446e-05 2.16090393331e-05 2.21134203905e-05
1.18718404748e-05 0.000230343306026 0.000528295709138 0.000735335524051 0.000825041265846  0.00086153047787 0.000950136354334  0.00109714095216  0.00153886054819  0.00187770563954  0.00171691869997  0.00102472433171 0.000461104620135 0.000731994170189 0.000561813540916 0.000316183928721 0.000123642624244 2.72835528213e-05 2.31422651707e-05 2.19864989489e-05 2.37863084907e-05 2.41694972019e-05 2.38264870507e-05   2.332035842e-05 2.31742832084e-05 2.28985137966e-05 2.26861632982e-05  2.1756583466e-05 2.22782837961e-05
1.24685365449e-05   0.0002004872891 0.000519316976604 0.000774653291583  0.00090467291163  0.00100558664025  0.00115362543757  0.00130297248608  0.00170838310531  0.00202851701974  0.00185071043256   0.0011089784266 0.000457080112402 0.000777206677032 0.000650742315342 0.000260254925407 8.55020009281e-05 2.40475790244e-05 4.15454373142e-05 3.75791947801e-05 3.43263369654e-05 3.12855178211e-05  3.0597448569e-05  2.5696368399e-05 2.58312237269e-05  2.5074100833e-05 2.32449195097e-05 2.22072176046e-05 2.29106413397e-05
1.80460398847e-05 0.000138865629436 0.000507072099044 0.000806382536697 0.000931982273802  0.00105144681109  0.00122424175228  0.00140848918161  0.00187012899856  0.00226169898603  0.00217011311033  0.00140939300969 0.000590897121521 0.000816142164525 0.000783025626487 0.000169941880536  4.6116944364e-05 4.42251649141e-05 6.67002291023e-05 5.47331851914e-05 5.28992269245e-05 4.85127176478e-05 4.81657017161e-05 4.03536254017e-05 4.08171753137e-05  3.9107041306e-05 3.54857746697e-05 3.22736277905e-05 3.04165940047e-05
9.83916090076e-06 0.000238866800984 0.000581738214875 0.000873468856997  0.00103815754316  0.00119216710361  0.00142920251458   0.0016848725703  0.00214932680972  0.00250877295204  0.00233864864279   0.0015596102579  0.00061408324788 0.000886992306032 0.000827548249549 0.000161320454179   5.282593643e-05 3.44910196428e-05 6.73946347028e-05 6.95468273852e-05 6.17111132945e-05 5.52596677964e-05 5.53787220769e-05 4.46045340235e-05  4.4809296145e-05 4.36221121003e-05 4.00943868578e-05 4.11965318009e-05 4.23629680446e-05
5.04596817206e-06 0.000199728465399 0.000558497726809 0.000910932497793   0.0011446134792  0.00136016757671  0.00163788110575  0.00186849434012  0.00220221408585  0.00242865888519  0.00216413138074  0.00144667810244 0.000475167115059  0.00102152541757 0.000996239574229 0.000282875971208 0.000117043916792 1.96573910407e-05 5.48077718118e-05 6.02953752086e-05 5.87317578648e-05 5.62635268354e-05 5.58204931933e-05   4.995413969e-05 4.95969055941e-05 4.99929604474e-05 4.82415933474e-05 4.97148647261e-05 5.14854440245e-05
7.17574846308e-06 0.000187515905625 0.000633818349952  0.00105364233386  0.00127357736464  0.00150576576403  0.00182839293959  0.00208988094231  0.00237586998675  0.00253512820964  0.00222222050509  0.00144511163135 0.000367516576779  0.00106873800764  0.00104340747596 0.000274731866209 0.000135573130986 2.73843278627e-05 5.11094638908e-05 6.20526465781e-05 6.30120790644e-05 6.18735853865e-05 6.09523975618e-05 5.85255399583e-05 6.02519467515e-05 5.95490595565e-05 5.84131248548e-05 5.77962306438e-05 5.86060603209e-05
1.22593441821e-05 0.000200856755302 0.000612851543555  0.00103676929751  0.00137747202098  0.00171652913115  0.00213150017903  0.00244024297038  0.00265444432276  0.00269410362493  0.00227262921869  0.00143911383752 0.000306273644851  0.00104938505827  0.00104510633405 0.000333921975156 0.000192542784965 9.40003776698e-05 2.08355635523e-05 3.01438491933e-05 3.85444631808e-05 4.14720298531e-05 4.23689572025e-05 5.14820297464e-05 5.24379050574e-05 5.47071321395e-05 5.39503058883e-05 5.43232450468e-05 5.61736611497e-05
1.22633493358e-05  0.00016703211539 0.000626368679095  0.00113948565266  0.00153287374917  0.00192587575185  0.00240173796085  0.00277125942437  0.00295292168573  0.00290016819388  0.00240221642973  0.00150858613519 0.000320954853452 0.000958479488931  0.00094486886129 0.000397071233663 0.000260514187797 0.000120720112482 2.77982207424e-05 1.79554143326e-05 2.72177458824e-05 3.48662711676e-05 3.06819526104e-05 4.25672461316e-05 4.45652631644e-05 4.72747125519e-05  5.1702656987e-05 5.19897302634e-05 5.41714655028e-05
 1.2982879647e-05  0.00022006513423 0.000707486138689  0.00125097179517  0.00164899181517  0.00205346702227  0.00254389933681  0.00291617108153  0.00306152919792  0.00296179798508  0.00249078710367  0.00172423260165 0.000768064434949 0.000391492640145 0.000608213862149 0.000370390141828 0.000199178702024 9.60811693645e-05 8.52773335879e-06 1.17416907549e-05 2.12800669401e-05 2.60713124348e-05 2.63308080147e-05 3.18692507038e-05 3.00972301023e-05 2.99130506891e-05 3.25374962373e-05 3.32000715134e-05 3.33143488353e-05
1.36966691213e-05 0.000203620836964 0.000765663067293  0.00133501166827  0.00168499204943  0.00204348135701  0.00249525574219  0.00289487257405  0.00312348131372  0.00311480762527  0.00275078157526  0.00211588373067  0.00121099116111 0.000454023504385 0.000387115969028 0.000347865754759 6.87512988142e-05 2.88636862441e-05 5.66754828696e-05 5.90721158164e-05 5.23411920279e-05 4.92444890618e-05 4.89616253508e-05 4.03195210621e-05 3.97585249642e-05 3.91020012749e-05 3.52679293584e-05 3.34875294331e-05 3.45902033164e-05
1.74585007456e-05 0.000210513164484 0.000829487619526  0.00141581573017  0.00175581359014  0.00210907263103  0.00256840614463   0.0029672628456  0.00315964268228  0.00310005412473  0.00273517790493  0.00208274966546  0.00117049724857 0.000470196907719 0.000648989946445 0.000537181513155 9.46520887388e-05 5.12171459586e-05 2.73760562314e-05 5.37423728141e-05 5.74778592365e-05 5.47198802408e-05 5.46456860776e-05 4.86034349887e-05 4.84835913694e-05 4.98328591509e-05 4.69267683564e-05  4.5293276319e-05 4.72725384379e-05
1.05931444731e-05 0.000189853860991  0.00081417252189   0.0012978297137  0.00144922080575  0.00164508671692  0.00200896607736  0.00224208598747  0.00230887348459  0.00229045062878  0.00207520074781  0.00165162220451 0.000969760448699 0.000487514617373  0.00133076450869  0.00113398749045 0.000242032747149 6.62931228672e-05 2.03681476419e-05 4.26169960334e-05 4.67321725026e-05 4.84516051413e-05 4.74225010939e-05 4.91331604447e-05 4.87912160223e-05 4.97851615213e-05 5.11420821047e-05 5.10481335802e-05 5.19589945913e-05
2.08422267454e-05 0.000214540234806 0.000769012937611  0.00118056123521  0.00127191209447  0.00136785893772  0.00161762445603  0.00182288071751  0.00199945331887  0.00211294466677  0.00198711139862  0.00162169432415 0.000949261059696 0.000443148106524  0.00141875064439  0.00120480632743 0.000275264302548 0.000138650657189 6.64401260522e-05 1.98207769774e-05 2.24750527076e-05  2.9676066725e-05 3.02134316174e-05 3.99315562459e-05 4.03798968801e-05  4.3093326824e-05 4.49558717517e-05 4.42271607072e-05 4.57166238483e-05
3.99577811873e-06 0.000187188637734  0.00084685080278  0.00129126920867  0.00133801817762   0.0014152028452  0.00165079633846  0.00186057082763  0.00204242313538  0.00215185466804   0.0020137368225  0.00162952764988 0.000928547358459 0.000325532761507  0.00135629992492  0.00119430862554 0.000337648040619  0.00019288154222 0.000111978117301 3.50522249142e-05 1.31980379976e-05 2.54022563719e-06 1.33378365966e-06 1.51471632296e-05 1.52522627396e-05 1.81240221555e-05 2.29708986179e-05 2.41111524563e-05 2.48426017369e-05
1.07795723698e-05 0.000190422997138 0.000858504629062  0.00134221594757   0.0014471653296    0.001569877622  0.00182411672879  0.00205990469232  0.00224422838452   0.0023194827513  0.00213501085099  0.00171833380694 0.000997948015476 0.000160049241194   0.0012285942503  0.00111953875092 0.000416547786343 0.000229099155434 0.000124286792869 5.20647425148e-05 3.21019236077e-05 2.21266522365e-05 2.12984258859e-05 4.44270116882e-06 5.01487032118e-06 1.79625325987e-06 5.98052560683e-06 7.06235272541e-06 7.08441788097e-06
3.75473215347e-05 0.000228043547058 0.000902487233043  0.00133825986797  0.00157820977544  0.00178607289357  0.00209021246244   0.0023817675574  0.00255776691657  0.00255287327683  0.00226153776164  0.00178194896762  0.00104080004004 0.000130890531842  0.00110148089456  0.00103842386986 0.000429837613187 0.000223192667105 0.000132785093296 6.24833147729e-05 4.45139434003e-05 3.45563988781e-05 3.39668364566e-05 2.22690765168e-05 2.21230191569e-05 1.95926847784e-05 1.44521478194e-05 1.35906546903e-05 1.35902949845e-05
1.52599321696e-06 0.000318821801447  0.00100734128606  0.00139442048858  0.00163222877239  0.00188903372038  0.00225699170839  0.00263637304741  0.00282350158459  0.00274790897398  0.00238086386583  0.00184720175761  0.00109474253876 5.02986967241e-05 0.000914644382011 0.000853152536499 0.000452091766323 0.000235879144168  0.00012458925108 5.72001203717e-05 4.07652731663e-05 3.59635662696e-05 3.48774329671e-05 2.93971406037e-05 2.97633005211e-05 2.89253437901e-05 2.65041005964e-05 2.59909044614e-05 2.60474076708e-05
4.19634208852e-06 0.000325230714034 0.000945295334941  0.00133422435341   0.0016269320719  0.00193435782532  0.00234472800899  0.00277155472128  0.00295542320811  0.00282027832531  0.00238539713479  0.00183669803922  0.00112259855955 0.000101382040337 0.000922473750235 0.000963265868751 0.000510392661211 0.000252729585127 0.000141148296745 6.10249949723e-05 4.45895002109e-05 3.95258764627e-05 3.80959369544e-05 3.33086721859e-05 3.31701703142e-05 3.23234336058e-05 2.86631104882e-05 2.81933506472e-05 2.76841601246e-05
1.77356663771e-05 0.000310639641024 0.000915983928128  0.00132203590669  0.00162177101415  0.00191696026349  0.00231839728959  0.00275531515748  0.00297685161488  0.00279550192792  0.00228303890032  0.00174711991887  0.00110699182105 0.000172177048698 0.000557979793253 0.000653588291518 0.000468854194467 0.000215749316396 8.03945567032e-05 2.82544404631e-05  1.5347323785e-05 1.46399007927e-05  1.2092768168e-05 2.20528168127e-05 2.17360785844e-05 2.33146982212e-05 2.43300991937e-05  2.5214859972e-05  2.5653196162e-05
2.77568358875e-05 0.000249960451076 0.000873573601086  0.00123539809866  0.00140713119116  0.00158326991075  0.00185687150764  0.00216743943453  0.00225416236942   0.0018762960882  0.00135296405105   0.0010613394859 0.000792223078929  0.00042299396533 0.000490629906316 0.000763922770327 0.000622808809781  0.00020902836729 3.24723916544e-05 3.05504686837e-05 3.01188807414e-05  2.2200319238e-05  2.2823281453e-05 4.24147067818e-06  4.2158812078e-06 1.47926688852e-06 7.86942574733e-06 8.29387729358e-06 8.22778717573e-06
1.66714023027e-05 0.000268023926614 0.000730655619184 0.000906081200363  0.00088796993692 0.000830858564236  0.00090107818469  0.00107377093754  0.00103762180173 0.000803720364204 0.000769100679601 0.000875443103627 0.000771964065396 0.000503841312389 0.000696724719913  0.00130319287298  0.00099554865204 0.000204093141672 3.37405603957e-05 2.61103482914e-05  4.2336707718e-05 3.92217257973e-05 4.07503267974e-05 2.69857730511e-05 2.81206418406e-05 2.46962718932e-05 1.73756455657e-05  1.5567360954e-05 1.50915635604e-05
1.41494916382e-05 0.000227277568149 0.000695248505111 0.000819465059086  0.00070565526499 0.000574668018196 0.000564428909593 0.000666508028325 0.000608238253746 0.000546156971486 0.000739100258218 0.000904808968984 0.000801668607389 0.000508561320642 0.000652091315315  0.00129610493042  0.00100770928949 0.000232235801718 8.28176590995e-05 2.63143160948e-05  2.6265458632e-05 3.15684925197e-05 3.19559168286e-05 2.94736228589e-05 2.93960842711e-05  2.9313172116e-05 2.65598891389e-05  2.5952890523e-05 2.52826162361e-05
1.71028009028e-06 0.000222167718806 0.000680937732266 0.000836699685172 0.000768747762502 0.000679062962594 0.000698193073593 0.000809425682043 0.000783729051222 0.000659582860988 0.000726165913597 0.000863032989892 0.000769024024964 0.000470132276536 0.000648640595887   0.0013125119509  0.00106312322654 0.000316494923223 0.000150760371599 8.38198581188e-05 2.46874631309e-05 5.16622691469e-06 4.50518485927e-06 1.46809100682e-05 1.51438222779e-05 1.75306198791e-05  2.1884760114e-05 2.24585451049e-05 2.32718474984e-05
 1.5490380057e-06 0.000219010707819  0.00068180318071 0.000861211045577 0.000829204790817 0.000758461926482 0.000773343053624 0.000865379051123 0.000841746614207  0.00067152173261 0.000704688204262 0.000860005314214 0.000792412819289 0.000478394059691 0.000484396162268  0.00104486340234 0.000880614216719 0.000283746430068 0.000151265166608 8.57828098037e-05 2.88722365302e-05 1.43803075064e-05 1.27370620802e-05 1.57166613971e-06 1.70130829613e-06 3.27332662817e-07 4.01382652811e-06 5.60476062575e-06 5.85330643597e-06
1.49320116313e-07 0.000217837600613 0.000678163123886 0.000856253096749  0.00082272103252  0.00074062615987 0.000730073642536 0.000795087106545 0.000774590621703 0.000668325051779 0.000817004145497  0.00099668008769  0.00092902387043 0.000541026237606 0.000398937742277  0.00105394235669 0.000910300011662 0.000403044005542 0.000255871519431 0.000122591388342 4.74754701415e-05  2.9466697105e-05 2.69723148092e-05 1.58825122843e-05 1.59495690893e-05 1.44307907804e-05 1.06775686787e-05 9.95560710125e-06 1.00742055385e-05
2.99265439509e-05 0.000215398255456 0.000676433986763 0.000865317179902 0.000847166319086 0.000775441071486  0.00076841436158 0.000830969575085 0.000888589562598 0.000892210227348 0.000960787815908  0.00109156738701 0.000993332832469 0.000559233298225 0.000362898892271  0.00106836922475 0.000980569615977 0.000462081839664 0.000315796951333 0.000157004687339 5.58757044092e-05 3.48335596618e-05 3.27983069396e-05 2.55105010559e-05 2.49013350361e-05 2.47631768201e-05 2.17242206163e-05 2.09823686202e-05 2.11002899336e-05
2.65574185959e-05 0.000212651591287 0.000678356466931  0.00088807423203 0.000901019652021 0.000855667586656 0.000869765942145 0.000954767686398  0.00108274206569  0.00111684296784  0.00115109819056  0.00124617278693   0.0011212267988 0.000643962313246 0.000316014065094  0.00101516612275  0.00102466220534 0.000533645837984 0.000312774723163 0.000150111610029 6.89607633911e-05 4.78321121459e-05 4.50784095864e-05 3.84135267295e-05 3.77369558374e-05  3.6701512612e-05 3.30827722451e-05 3.22488397587e-05 3.21871134926e-05
1.16599605405e-05 0.000270317684152 0.000799738540284  0.00104692765084   0.0010336109903 0.000976761353922 0.000996139229414  0.00110261102251  0.00129261804566  0.00132149722001  0.00131979746257  0.00137845949403  0.00121652581471 0.000686542956003 0.000228117496888   0.0010162677599    0.001016435918 0.000587924409611 0.000378522271299  0.00018974225468 8.14888668414e-05  5.5283278089e-05 5.07016767342e-05 4.37829900882e-05 4.35875309408e-05 4.26611009505e-05 3.83986670242e-05 3.77959229394e-05 3.85025843978e-05
7.22441853687e-06 0.000231251437626 0.000720541101793 0.000969750056176  0.00106048156028   0.0010867690089  0.00116291047452  0.00130673507145  0.00151483872308  0.00157446334943  0.00150007236608  0.00149723245554  0.00132439428613 0.000781630271579 0.000194271773832 0.000975048892432  0.00106575564843 0.000620060916577 0.000340098321282 0.000144658314123 7.64223915019e-05 5.23188694909e-05 4.68659642628e-05 4.24236337399e-05 4.23765861331e-05 4.22010018878e-05  3.6118034294e-05 3.46079713605e-05 3.58157464526e-05
 1.0733317071e-05 0.000255147402464 0.000736382183838 0.000994110649829   0.0010819639029  0.00112226298135  0.00121672168626  0.00137271223236  0.00161626165373   0.0016733479142   0.0015766813171  0.00157563577354  0.00141693281435 0.000882312083829 0.000200021135546 0.000920107720494  0.00114216033389 0.000631062472056 0.000280829951648 0.000170398951449 9.61964022954e-05 5.78875071597e-05 5.34004744333e-05 4.71652655603e-05 4.61100374792e-05 4.64485679533e-05 4.20091829891e-05 4.11432423344e-05 4.23810750043e-05
1.07988058314e-05 0.000254633118618 0.000761076622801  0.00103759208746  0.00110175275131  0.00111195678468  0.00118456385938  0.00132673389523  0.00156138201598  0.00153382437817  0.00136920308157  0.00140520388748  0.00132928858589  0.00090443394853 0.000305306270094 0.000557601635989  0.00107494632126 0.000803028990786 0.000203570265876 5.14541790252e-05 1.28516183005e-05 8.89930359756e-06  1.5143773179e-05 1.24432660863e-05 1.30476557632e-05 1.79819369406e-05  2.9244965607e-05 3.15349050988e-05 3.25794768208e-05
9.30055962361e-06 0.000202838415741 0.000688400480001 0.000925913812011 0.000943246785794 0.000918161423733 0.000940607843277  0.00101597886135  0.00118649736057  0.00124108815189  0.00130060522079  0.00154818138105  0.00161386633776  0.00127775942271 0.000698515096776 0.000499892291969  0.00103444031678  0.00082165667781 0.000141056923171 1.82649680443e-05 2.62108591633e-05 3.85345534512e-05 4.76470364383e-05 2.21132004189e-05 2.17054616425e-05 1.74852372247e-05   3.819999478e-06 2.19655721266e-06 3.24058092365e-06
1.62974239376e-05 0.000235720088093 0.000641296262324 0.000819329623684 0.000867751888762 0.000833954748671 0.000847758941271 0.000923308986947  0.00114193676148  0.00129128643242  0.00142907999269  0.00168880900369  0.00174718525887  0.00139138364098 0.000732618362442 0.000496574092178  0.00108937431872 0.000828536304446 7.96798747599e-05 2.58966329101e-05 1.87753090392e-05 4.25713110603e-05 4.76046166366e-05 3.60243655513e-05 3.82252502996e-05 3.55398157147e-05  2.7956117316e-05  2.5824558606e-05 2.63408192442e-05
3.72600416141e-05 0.000243143081427 0.000738707975626 0.000980575873812  0.00094861884859 0.000891478847827 0.000899488035547 0.000976657478078  0.00118366620391  0.00131724767459  0.00141036662115   0.0016296095962  0.00170696474118  0.00137816536862  0.00072809045371 0.000404004571065  0.00100665019848 0.000745229693536 0.000100431062544 5.20706732293e-05 3.56867177936e-05 1.81352448806e-05  2.6594677025e-05 3.19496813691e-05  3.2225451021e-05 3.30038248734e-05 3.04876917011e-05 3.02191289782e-05 3.15521094496e-05
3.70193130374e-05  0.00022048880161 0.000689042734051 0.000929557312612 0.000996868994828 0.000981384357193   0.0010126116844  0.00109395492237   0.0012769433363  0.00132336303876  0.00133163088085  0.00158402973218  0.00168668625357  0.00138223275695   0.0007463128521 0.000334213616703 0.000915785294784 0.000692239901852 0.000186716610091 0.000113694778953 5.47220318211e-05 4.04507699867e-06 7.54423673773e-06 1.86785625684e-05 1.83807067612e-05 2.09555963596e-05 2.32231943182e-05 2.34282739652e-05 2.52065952313e-05
2.63333328167e-05 0.000264921718668 0.000741012706572 0.000989599180964  0.00103664888089   0.0010180809355  0.00103452916478   0.0010791053549   0.0012029948768  0.00124758947651  0.00129977225053  0.00156491730582  0.00167357010444  0.00137973089319 0.000746377897138 0.000280350517566 0.000808449570107  0.00063830614136 0.000207092897826 0.000138044982438 5.78956488735e-05 1.44364208253e-05 1.06873972894e-05 1.59040499382e-05 1.62441246872e-05 1.75524264166e-05  2.0520547845e-05 2.09332390151e-05  2.0147842629e-05
 5.4856932675e-06 0.000237424862246  0.00069621516033 0.000949941125924  0.00101414005669  0.00100968915253  0.00103899572557  0.00110128614858  0.00122715337586  0.00124582807124   0.0012695837772  0.00152764239286  0.00165017002899  0.00137576996986 0.000750156208926 0.000254366242689 0.000727128100268 0.000568061037604 0.000216940173453 0.000155457728883 7.08998483258e-05   2.763426939e-05 1.34241169627e-05 1.03885325532e-05 9.85775899392e-06 1.13319142966e-05 1.26887740057e-05 1.33379153956e-05 1.35243016063e-05
1.21318271285e-05 0.000177711413579 0.000595236074506 0.000820031422185 0.000947892324937 0.000981077100381  0.00104195004281  0.00113353630108  0.00126837838004  0.00126238609389  0.00124964572386  0.00149222471582  0.00161761923265  0.00135550612239 0.000732461792626 0.000198698598425 0.000567822275995 0.000457697649283 0.000159244367523  0.00011282247155  7.2319090449e-05 2.86085444073e-05 8.86193598448e-06 8.60526835428e-06 8.83862856137e-06 9.31758890206e-06  1.0933735679e-05 1.09063463914e-05 1.11457175885e-05
2.12369755669e-05 0.000206191630789 0.000655209369894 0.000893803276483  0.00096504421746 0.000993468488051  0.00107095698784  0.00118711329846  0.00131601021673  0.00124969355909  0.00117606210792  0.00139463403959  0.00154036080963  0.00131198540968 0.000746210984461 0.000255582138768 0.000368954651524  0.00036352243293 0.000204145046358 0.000119100130359 5.01530967758e-05 1.50286197953e-05 1.08232636319e-05 1.18662746515e-05 1.33976468815e-05 1.26242119511e-05 1.24992836774e-05 1.25130004651e-05 1.25756522076e-05
1.31469454407e-05 0.000230340844285 0.000703607092417 0.000961496169639  0.00103701141337  0.00101538424951  0.00105228566518  0.00115672292528  0.00126656407457   0.0010303891283 0.000701854895498 0.000901337908627  0.00112134010648  0.00103667676007 0.000663318510683 0.000318112104493 0.000572021530426 0.000584984502673 0.000337030771098 0.000182725242103 7.44231012188e-05 3.44793126573e-05 6.02353484862e-06 1.06965543345e-05 1.14536200323e-05 1.26220420462e-05 1.33900915707e-05 1.33484227116e-05 1.33501402669e-05
1.06074613414e-05 0.000208690572118 0.000696915203057  0.00091990472094 0.000848987770299 0.000786554468876 0.000827659329445 0.000949129979055  0.00106052810912 0.000826733020911 0.000428513486789 0.000652499860852  0.00090189478473 0.000871596829721 0.000580713396962 0.000329590247252 0.000619083308603 0.000624676391898 0.000401759694315 0.000230384861011 9.95742581339e-05 6.35225702061e-05 2.78111788997e-05 1.03178076328e-05  9.0624017377e-06 6.59733022586e-06 1.99157032132e-06 1.14833756056e-06 1.20926001868e-06
5.05540443674e-05 0.000241971222127 0.000668918347013 0.000818964206221 0.000748025782267 0.000651624373879 0.000667612469494  0.00078263684676 0.000916244736432 0.000712925713286 0.000280706694981 0.000465317417969 0.000759123996878 0.000763432446527 0.000519125355022 0.000359835270601 0.000678758151901 0.000694611091514 0.000428845026893 0.000233442725727 0.000118265900803 8.33625368387e-05 3.85414924071e-05 2.14202365639e-05 2.10879901733e-05 1.92515658948e-05 1.53239823103e-05  1.4403598425e-05 1.46666057734e-05
4.04087102401e-06 0.000205827294271 0.000643760147554 0.000783724862646  0.00067156634959  0.00055619699155 0.000597652527797 0.000758828450659 0.000941827843233 0.000744732485861 0.000215383864684 0.000329120221997 0.000661213529564 0.000697575833625 0.000506931383565 0.000408385599354 0.000752155379395 0.000911342518678 0.000585266507629 0.000285188352783 0.000141300659103 8.89222228044e-05 4.35911818998e-05 3.12355144431e-05  2.8275105247e-05 2.71300691934e-05 2.48870478732e-05 2.38504245126e-05  2.3435157852e-05
4.80611643864e-05 0.000158273093298 0.000567999895261 0.000693427466776 0.000621181706831 0.000518307345771 0.000536853145554 0.000643136143677 0.000759690220873 0.000579101459275 0.000152216471352  0.00045579467811 0.000772595753604 0.000782553953712 0.000529590134542 0.000357202112092 0.000834277947972  0.00101841636454 0.000636011883127 0.000261150371432 0.000126783667784 9.20742092559e-05 4.68616853449e-05 3.22227488277e-05  2.9962820832e-05 2.86247358987e-05 2.68619383376e-05 2.63007284224e-05 2.64465621907e-05
