0.000309076062083 9.41356580288e-05  0.00149530196483  0.00457711717788  0.00703119649911  0.00867725672322  0.00928451456485   0.0090076068476  0.00774386346808  0.00668920998053  0.00626009501209  0.00602425492262   0.0058622298122  0.00556110046062  0.00530709197962  0.00510143740449  0.00496971159606  0.00474153278702  0.00456255215916     0.00444769947  0.00431756464785  0.00421408455595  0.00410080956585  0.00403980023911  0.00395958420564  0.00389917684175  0.00386554673833  0.00381879329735  0.00377475521456
0.000181024513506 0.000532102280622  0.00281681828757  0.00563339421251  0.00778592281477  0.00919306329937  0.00967335747638  0.00939959255648  0.00830441492619  0.00689043779715  0.00587818760468  0.00548022116026  0.00530974355178  0.00499659108793  0.00473718846382  0.00454270531069  0.00443654902126  0.00421123110394  0.00403386401547  0.00396603633521  0.00387579499543  0.00379953586072   0.0036856070795  0.00370574857865   0.0036292320417   0.0035843224401  0.00359001036205  0.00355513978112  0.00352623346588
0.000247748676439  0.00102262020719  0.00349898396841  0.00580173156933  0.00748089172914  0.00854815440606  0.00892228337223  0.00880200995868  0.00813077136173  0.00705857697806  0.00577918603914  0.00489806791118  0.00455358271206  0.00422589801433  0.00393312180733  0.00367277487712  0.00346052486539  0.00321379485959   0.0030118477842  0.00287152007952   0.0027254322392  0.00260051761252  0.00246372519278  0.00240741318656  0.00232377187537  0.00226429661713   0.0022350032424  0.00219419152361  0.00216539427218
0.000187789943515  0.00125468725957  0.00312817117734  0.00449295239184  0.00546203959842  0.00607509025465  0.00630303847944  0.00627283410133  0.00597132305527  0.00544641849862  0.00475377021594  0.00399075647314  0.00345082487647  0.00314224570316  0.00282325478075  0.00251881203666  0.00223844622278  0.00194275740882  0.00166909862499  0.00140090376186  0.00116596283425  0.00095214246217 0.000771032292253 0.000585940237117 0.000403661873204 0.000268348757018 0.000119985207332 1.03602257822e-05  0.00012434348769
0.000190211287866  0.00297267499956  0.00431135848333  0.00346348868514  0.00332848920919  0.00342873736758  0.00346122493845  0.00343901509288  0.00335143110776  0.00323297303596  0.00310575525062   0.0030557711631  0.00293419021178  0.00264883953599  0.00237730116674  0.00210783198415   0.0018549184857  0.00162348658252  0.00142887318713  0.00127440289596  0.00113337188117  0.00102670789053 0.000974086647772 0.000963017666671 0.000970700202733  0.00100853378594  0.00106403712077  0.00112067637188  0.00116835678589
0.000188361312992 0.000784382127687  0.00274539227902  0.00425652290385  0.00451621079263  0.00421928347076   0.0037843282024  0.00336973998318  0.00302014938384  0.00277215001694  0.00262508036693  0.00265573389386  0.00259013748222  0.00231783474739  0.00204506633902  0.00177820756296  0.00152403723933  0.00132131810656  0.00113477095351 0.000985492443554 0.000894556506575 0.000845257370055 0.000837313537033 0.000882284602628 0.000948816286081  0.00102688818522  0.00110000142514  0.00118221814389  0.00127158975238
0.000189806649784 0.000894197021091  0.00256314349419  0.00377247335702   0.0044402862724  0.00464210854749  0.00453866593861  0.00428438910283  0.00396639939291  0.00361662585507  0.00324736164142  0.00273965219786  0.00228123071503  0.00200660842158  0.00173502086878  0.00148055829636  0.00124970801606  0.00103596209247 0.000860635819123 0.000751472097941 0.000713072464475 0.000748318673682 0.000826338007376 0.000923386372055  0.00103322506581  0.00113805503261  0.00125355698998  0.00135230643045  0.00145230123012
 0.00026735007276   0.0011711932336  0.00268930243788  0.00296710629102  0.00317164492777  0.00351741857576  0.00372248706314  0.00373794497994  0.00355471537364   0.0032386226235  0.00284148446523  0.00241549434705  0.00204580281107  0.00174580153684  0.00145178374184  0.00116103544824 0.000880110080942 0.000613829428994 0.000379526123645 0.000197145762391  0.00022768936938 0.000407180372768 0.000574669779706 0.000760595375095 0.000919963132391  0.00106862961263  0.00119866762268  0.00132999384117  0.00142430788501
0.000234631571015   0.0007531916848  0.00285902735447  0.00439977978805  0.00465545815053  0.00437847367748  0.00400348519476  0.00367463263873  0.00335313072042  0.00301068751506  0.00262933952241  0.00219611157877  0.00178507508004  0.00148800595838  0.00118940991117 0.000891846362774 0.000606927015722 0.000347489121424 0.000147894553752 0.000244133444422 0.000446797846301 0.000638142638027 0.000834445965592   0.0010194635013  0.00119609062848  0.00134867078457  0.00149847616287  0.00161855604277  0.00174378264287
0.000253233631323 0.000507160853658   0.0036345922925  0.00381744537346  0.00316206446442  0.00351459941595  0.00383682733319  0.00383903401098  0.00357554046022  0.00312897347885  0.00257751307855  0.00193644954149  0.00143996409236   0.0011686007598 0.000898745089766 0.000652680827315 0.000425559007107 0.000363715407564  0.00045398229962 0.000610157772846  0.00080569375105 0.000996180382599    0.001184339422  0.00134967796126  0.00150476673444  0.00164566818191  0.00176479985679  0.00188444259498  0.00198850237991
0.000292836473204  0.00121425794428   0.0021203385939  0.00584981287364  0.00766481517957  0.00755549030033  0.00684725903504   0.0059264894264  0.00499849933998  0.00406944841935  0.00319716500537  0.00234699219993  0.00178891701373  0.00168090731518  0.00170181351002  0.00173373123476  0.00176565988991  0.00187459192872  0.00198572466958   0.0020818148267  0.00220386770518  0.00232465133017   0.0024563838436  0.00256408685235  0.00269837552731  0.00281154619822  0.00290338951694  0.00299477277099  0.00308573877964
0.000237223142102 0.000536603937859  0.00161385180638  0.00179175186827  0.00146698382994  0.00186290602791  0.00237194072116  0.00267977770885  0.00273612426022  0.00255311648909  0.00221617144387  0.00184418176184  0.00165617756035  0.00164522531278  0.00173006986781  0.00186527198234  0.00205899010357  0.00218954031201  0.00234683725658  0.00254839465109  0.00271253988771  0.00288576462376  0.00301537515509  0.00315972780768  0.00327762009045  0.00339787466835  0.00351448245579  0.00360666477894  0.00367167933904
0.000347167108051  0.00104252131267   0.0058131965328  0.00710591791444  0.00550999000366  0.00406565909196  0.00295294563711  0.00204458831362  0.00150811950703  0.00125260575586  0.00123058375691  0.00127114338073  0.00138023316134  0.00153882677651  0.00161931256009  0.00170498220476  0.00178932498958  0.00193843063548  0.00208736273791  0.00221980346693  0.00237469374551  0.00250685606856   0.0026588590604  0.00278844533266  0.00291343642532  0.00302816934272  0.00312358539069  0.00322323062817  0.00333400894218
0.000281185191851  0.00109569386859  0.00478805067657  0.00457866551863  0.00235744436698 0.000953732260405 0.000963952301479  0.00162826335724  0.00199032277454  0.00200600970319  0.00184016380711  0.00159958727925  0.00136994838923  0.00134543814531  0.00143563992745  0.00155701528117    0.001700435722   0.0018741789144  0.00204696989229  0.00222213740999  0.00238977259352  0.00256123878616  0.00270452069559  0.00287437496586  0.00300886995924  0.00313358469291  0.00326013554674  0.00336919712205  0.00347950933883
0.000288040953444  0.00087702389135  0.00404076819409  0.00383871490125  0.00271159030581   0.0021523197416  0.00182307888388  0.00163970887717  0.00161955413206   0.0016956703362  0.00182353914128  0.00196405948513  0.00211295774448  0.00227013605969  0.00242681514234  0.00258550032216  0.00274439986646   0.0028995805522  0.00305424107056   0.0032003808166  0.00334378247854  0.00347762262301  0.00361184116682  0.00372270669734  0.00384474198327  0.00394939341675  0.00406144839255  0.00415674239128  0.00422462870931
0.000589261400403 0.000464875770982  0.00118312068377  0.00134998535706  0.00199879950944  0.00224756731118  0.00216854576419  0.00183342673673  0.00145092039938  0.00113805871952   0.0010457255317  0.00113695456691  0.00134382491046  0.00154323611695  0.00170224302761  0.00187430262581   0.0020633097179  0.00224044253801  0.00242029074708  0.00261362412081   0.0028004233779   0.0029693566265  0.00312534830252   0.0032813571676  0.00340685479324  0.00353488475142  0.00364573088039  0.00375074470936  0.00384472094669
0.000160386514891  0.00103060387537  0.00316645649137  0.00377963352414  0.00670564675978   0.0071024363722  0.00669542056535  0.00572634787643  0.00476608456127  0.00392248334501  0.00330623285584  0.00278959527521   0.0023236426127  0.00233726880974  0.00247710469752  0.00258381768639   0.0026486935448   0.0028130649281  0.00296763731164  0.00307153751854  0.00318636151753  0.00330997215575  0.00345844170278  0.00355682818234   0.0036854069044  0.00380113572134  0.00389680544041  0.00399506289466  0.00407625701872
0.000206192786324 0.000870538712652  0.00247609195051  0.00367564614309  0.00407578275917  0.00410559495346  0.00448793712047  0.00513586764595  0.00553705930276  0.00548793671704  0.00505449586012  0.00444694297578  0.00389231879523  0.00372441851335  0.00384472004464  0.00401932947732  0.00419640617045  0.00435526103962  0.00449570537557  0.00464007375621    0.004785447326  0.00491794947049  0.00503664404962  0.00515033601121  0.00525385486708  0.00534856757157  0.00543656450853  0.00552020807138  0.00560797573269
0.000167251115499 0.000455528547583  0.00153743629525  0.00237479508766  0.00309839817409  0.00327988838248  0.00325716677687  0.00326070226899  0.00329938672827  0.00337520014436  0.00345025224053  0.00357551044293  0.00378491006176  0.00393351360287  0.00412376553099  0.00434242742665  0.00460911644068  0.00475641459702  0.00493256056036  0.00515431116073  0.00532433585388  0.00548622930733  0.00559303575924  0.00577554780064  0.00587134042406  0.00597627561804  0.00609898767058  0.00617389867993  0.00623925754929
0.000216474473761 0.000659753746405  0.00142891163296  0.00203035587275  0.00238901065808  0.00195477618578   0.0020712421309  0.00249814847752  0.00288251066562  0.00316160881762  0.00332225357236  0.00339726553864  0.00344196070763  0.00359579228528  0.00377088647718   0.0039110306182  0.00404223925466  0.00419657916078  0.00432899942044  0.00444925492125  0.00457758348623   0.0046954946488  0.00482503634646  0.00492205086663  0.00503232327541  0.00511682529408  0.00519887297998  0.00528918613543  0.00537262951549
0.000173860420949 0.000988306603615  0.00262831200195  0.00429012777222  0.00491184030923  0.00439582047217  0.00381468132464  0.00329061340087  0.00296398868875  0.00283055846599  0.00284320811047  0.00295010080178  0.00310392674483  0.00327648344699   0.0034520989417  0.00361634986703  0.00377082142796  0.00391869811464  0.00406870958891  0.00420628301937  0.00433407245947   0.0044588996502  0.00458020706372  0.00467378005176  0.00478191759276  0.00451562889303  0.00397296584706  0.00395658574862  0.00396372323386
 0.00019705429412 0.000833532245839  0.00214827777344  0.00386366856535  0.00406449945143  0.00306753881749  0.00365398834106   0.0042508758825  0.00452459369213  0.00442693966383  0.00418635170184  0.00383605103739  0.00345043763048  0.00336469276724  0.00343072732426  0.00352388474702  0.00357283806528  0.00371988725378  0.00383883806886   0.0034954793119  0.00358566465163  0.00354924310176  0.00352427333759  0.00346778365128  0.00345532493458  0.00344488533603  0.00341531189948  0.00341042860489  0.00340601929682
0.000179830022833 0.000483760045925  0.00131673106456  0.00179306773784  0.00244546536127  0.00306116189587  0.00336610513441  0.00360943887289  0.00377913046884  0.00390288637387    0.003954012794  0.00398158262031  0.00401279976462  0.00404722252933  0.00416208716085  0.00432529693853  0.00438780680422  0.00438155104417  0.00437250331506  0.00438494421733  0.00439573934908  0.00440383926432  0.00440379885156  0.00442574844307  0.00442809894803  0.00444159740853  0.00446279553018  0.00446880271101  0.00447461596323
0.000204262328618 0.000536005695564  0.00119132968838  0.00214592739566  0.00331780166693  0.00384968042374  0.00383751524494  0.00371430248701  0.00360279490045  0.00357813150805   0.0036267381684  0.00376248017672  0.00396215704171   0.0040282475859  0.00436341229871  0.00436569523009  0.00437924229933  0.00436694849771  0.00436594869908  0.00437728812381  0.00437251759398  0.00438375081381   0.0043898022581  0.00440750914445  0.00442016832795  0.00441594663167  0.00442902906205  0.00444344592278  0.00444647662284
0.000185875338788 0.000507761394605  0.00127158023048  0.00209649112212   0.0030653632006  0.00285292457781  0.00253222781748  0.00280283244936  0.00304489226298  0.00331988343113  0.00361312739741   0.0039098920983  0.00433292391223  0.00435259144203  0.00434948490654  0.00436097453752  0.00436745060458  0.00436010214259  0.00435713216655  0.00436088738577  0.00436040778746  0.00437289474018  0.00437809750675  0.00438365619753  0.00438929928639  0.00440759667237   0.0044101482243  0.00441228764498  0.00443237630501
0.000193577278808 0.000433245631706 0.000949528995973  0.00142386957283  0.00196242465837  0.00216516822457  0.00296265212131  0.00345555634368   0.0034638774731  0.00330164808352  0.00339175118949  0.00374821766953  0.00365444784498  0.00367007200778  0.00370860194532  0.00371194975922  0.00370988697353  0.00368900226197  0.00367219627894  0.00366206043926  0.00366533526599  0.00365664830207  0.00365390487335  0.00366310150746  0.00365214789703  0.00366449097961  0.00368714682114  0.00369175251487  0.00369466796199
0.000177257446256 0.000446117436286  0.00116838164239   0.0022572602747  0.00372284348719  0.00386161424423  0.00344746552128  0.00333611504632  0.00337119356965   0.0041051242027  0.00425355851309  0.00416594715241  0.00400002219867  0.00372532854524  0.00355797631008  0.00354147502199   0.0035120531194  0.00349605713081   0.0034689183017  0.00343393653784  0.00339364052913   0.0033745984661  0.00337186668721  0.00334194044441  0.00335423635502  0.00334404132412  0.00332554679021  0.00333674896499  0.00333770826298
0.000193492499428 0.000421273880751  0.00105676526822  0.00173000474316  0.00232652727053  0.00276114762877  0.00334937087369  0.00369295162546  0.00431134866372  0.00469107252666  0.00426561792597  0.00383391912656  0.00347352949344  0.00321168497029  0.00310358278209  0.00307917359705  0.00306464611928   0.0030133400022  0.00298922863837  0.00299721400349  0.00300063552641  0.00298788282292  0.00296071464543  0.00298613115583  0.00297787423778  0.00297835072265  0.00298982124686   0.0029829936742  0.00299987886426
0.000215638851702 0.000385482511681  0.00103289835593  0.00148449349767  0.00214149032732  0.00255937509297   0.0027934632647  0.00291290528719  0.00406342663745  0.00403526039052  0.00392761059797  0.00374609058629  0.00349185756338  0.00312628507716  0.00287072652593  0.00278860673791  0.00269968844328  0.00262948221276  0.00255087230145  0.00245870415717  0.00239546180225  0.00232728713214  0.00228799568138  0.00224393698793  0.00221119268042  0.00218839016479  0.00217859523836  0.00217819638159  0.00215155044914
0.000215210098982  0.00050132003806  0.00124095865221  0.00149193933534  0.00205314488267  0.00284550763768  0.00324221390095  0.00438550602265  0.00435217699793  0.00421506984294  0.00400242611936  0.00374531461762   0.0034578626714  0.00311974716501  0.00285218434383  0.00277186213631  0.00271770209152  0.00265843824641  0.00260683046164  0.00256540204262  0.00251815796489  0.00249504444015  0.00245693963544  0.00242843226161  0.00241516337745  0.00240851189598  0.00239665930336  0.00238864439212  0.00239225190381
0.000192956007431 0.000460566820633  0.00121183805985  0.00151178476472  0.00198903836742  0.00276387411543  0.00334322109689  0.00443744781851  0.00450616346278   0.0044319866018  0.00425045666687  0.00400520116295  0.00371906002071  0.00339093123506  0.00305322725838  0.00289129819344   0.0028862376893  0.00286374160335  0.00284896665034   0.0028418928726  0.00282881473315  0.00281804688335  0.00281709734797  0.00281515221404   0.0028154932372  0.00281330712328  0.00281556162243  0.00282578793818  0.00283326742424
 0.00018707908988 0.000523353409821  0.00126190637613  0.00168318401292   0.0021439010446  0.00273873988971  0.00367687006511  0.00396284496116  0.00399252961569  0.00392936970618  0.00379958219765  0.00362521376323  0.00342232438486  0.00322330137157   0.0030267020613   0.0029369659294   0.0029282219366  0.00293400259522  0.00292826276502  0.00290571995247  0.00289756302092  0.00288280233967  0.00288161517731  0.00287183156451   0.0028734186791  0.00288221962877  0.00288453454692  0.00288477718944  0.00289209723794
0.000198962307375  0.00043876200038  0.00124372468103  0.00156366451147  0.00188982402594  0.00232735205003  0.00320653441002  0.00331257624302   0.0033524579275  0.00332470371025  0.00322687368139  0.00310025903696  0.00297309344599  0.00283423625143  0.00275120444323  0.00274228436029  0.00278246360276  0.00278218040405  0.00278594622926  0.00281056548454  0.00281818513369  0.00283328573437  0.00283399923691  0.00285650254675  0.00286474518709  0.00287250625337  0.00289101247974  0.00289643737226  0.00290112359056
0.000214304928798  0.00035857493965  0.00119994702164  0.00163879420144  0.00219448874742  0.00271527448909  0.00354272876151  0.00346539203396  0.00330508194052  0.00311590595616  0.00292568850088  0.00276482205566  0.00264440175881  0.00256122913494  0.00250136380113  0.00244630955526  0.00239828896895  0.00235295245322  0.00230990259328  0.00226569540432  0.00222872583627  0.00219257064029    0.002169690677  0.00214439760843  0.00212482568089  0.00211016829744  0.00210120772123  0.00210264484244  0.00210075027995
0.000360746434002 0.000470291984188 0.000866720141259  0.00101120349681 0.000861372844445 0.000910892956638  0.00100390843515  0.00116318630452  0.00133362827571  0.00144142781068  0.00147435360399  0.00141959579403  0.00126800651613 0.000960745688601 0.000603049990569 0.000557339133916 0.000675068246282 0.000667631714597 0.000699484086955 0.000759545463266 0.000808215649203 0.000827579665053 0.000834689189507 0.000875131737939 0.000895651072421 0.000898394812626 0.000903841465277 0.000932158917769 0.000932168647902
0.000319325808184 0.000380473494672 0.000802852230821  0.00113071466088 0.000926248143726   0.0005238158687  0.00124370863219  0.00174476935108  0.00226158873327  0.00258139158367  0.00263971280526  0.00237214580778  0.00173899920269   0.0007627507351  0.00018313013016 0.000202837980579 0.000261772880518 0.000261113045474 0.000275213829867 0.000315656373265 0.000323084116618 0.000336097405463 0.000339468579087 0.000350868780104 0.000353780942643 0.000356704200835 0.000365179699851 0.000346491721655 0.000359131187823
2.74277765356e-05 0.000333082310268  0.00069281776179 0.000617691914639  0.00060166481923 0.000594882878087  0.00126208612963  0.00172592653239  0.00222641077443  0.00252438055366  0.00253165194692  0.00217338428196  0.00145092555897 0.000527921790452 0.000135828425412 0.000154080327648 0.000199556368511 0.000199390713509 0.000207862540312 0.000248108900393 0.000256312307713 0.000288101179637 0.000274097854916 0.000318007217164 0.000299031067444 0.000299705697441 0.000318246446731 0.000308531815647 0.000311613118514
8.32058799283e-05 0.000390543304292 0.000730676462616 0.000844091345385 0.000615664043738 0.000458681425262  0.00108384546279  0.00147972947313  0.00184622387716   0.0019887345089  0.00183809686099  0.00133853793197 0.000494138012982  6.5917671071e-05  8.4399535071e-05 0.000107018492296 0.000166017503595  0.00017552605799 0.000176323138412 0.000209030536168 0.000220977365663 0.000231200946729 0.000233988479399 0.000256391456701 0.000265778180433 0.000265188861727 0.000280099368825 0.000285330149312 0.000279648945574
0.000138355144315 0.000780580187346  0.00103699713436  0.00116641795292 0.000928856545687 0.000342613477405  0.00084350728886  0.00117430577886   0.0015594986296  0.00173243000314  0.00162228331971  0.00117838781215 0.000449339037595 7.80766301853e-05 9.47548893901e-05 0.000117314251902 0.000143433082879 0.000135464086238 0.000145848395116 0.000167319384304   0.0001832014141 0.000183043821917 0.000191550652265 0.000213463619486 0.000206569285535 0.000220871767002 0.000230124691894 0.000232281673316 0.000222414292711
5.51493660922e-05 0.000512236845443   0.0008208054481  0.00100186482934  0.00082263413622 0.000441715192244 0.000996271529491  0.00135898743292  0.00171567735229  0.00183323485803  0.00159802740839 0.000948099871888  0.00026272808079 3.49376179342e-05 4.23560336712e-05 7.24447809163e-05 0.000107022302644 0.000109168259214 0.000116511488534  0.00014173300314 0.000151163990074 0.000187558741788 0.000174362029319 0.000196473632151 0.000189601869697 0.000195885453659 0.000203738972991 0.000203384433794 0.000203627154915
7.47576576729e-05 0.000397745361976 0.000707934258401 0.000896871205844  0.00070140445963 0.000504649679849  0.00111023490822  0.00147432706109  0.00179207709833  0.00181122694967  0.00142656190179 0.000553803023595  1.7226154824e-06 5.58886917578e-06 1.89612870198e-05 3.82520209013e-05 7.31618440856e-05 7.28814499164e-05 8.49003254162e-05 0.000109278699609 0.000121306523139 0.000135015764075 0.000133875697695 0.000154593183921 0.000161015287982 0.000158706335841 0.000171658665748 0.000172992719705  0.00017095644014
 4.1621303003e-05 0.000458053966642 0.000775852485144  0.00104186972431 0.000913777130552 0.000594771123433  0.00110526534767  0.00153075823281  0.00187079660765  0.00190824247093  0.00150884769428 0.000598590832979 2.38820989948e-05 2.45363852323e-05 2.44484283085e-05 3.80480339368e-05 7.63428313615e-05 7.63041018733e-05 8.37456607233e-05 0.000107447508033 0.000124192213395 0.000122546298057 0.000128698147793 0.000139860165222  0.00013471264955 0.000141408732486 0.000145455894943 0.000147311055719 0.000145278297716
9.81659528302e-05 0.000424353286758   0.0010853875513  0.00185482762489  0.00260076011269   0.0034437287421  0.00311125939877  0.00271781485639   0.0026092061475  0.00218193071125  0.00114178857934 0.000238068569582 2.08725645133e-05 1.79536484657e-05 1.87363778317e-05 3.84213922413e-05 6.91133028598e-05 6.95986470287e-05 7.76340788073e-05 0.000100286493139 0.000112131819177 0.000115537858717 0.000117265978214 0.000126032799575 0.000124341925949  0.00012639045901 0.000129676466396  0.00013037539173 0.000131682231742
9.86532216734e-05 0.000470515150818 0.000785280195131  0.00103292341455 0.000982338449586 0.000840978340305  0.00120322273873  0.00151365778172  0.00153257136853   0.0012279343559 0.000562888534152 0.000136442446466 7.42190161139e-05  5.1381018871e-05 5.42235709126e-05 5.43399646382e-05 6.81321828835e-05 6.86838487597e-05 7.22185788041e-05 8.37076997476e-05 8.86896735083e-05 9.26625099461e-05 9.34611770679e-05 0.000101370907518 0.000104261034314 0.000106793636597 0.000108319837004   0.0001118760923  0.00011310835333
5.17649636293e-05 0.000434182661622 0.000871428983007  0.00134063893525  0.00154580566369  0.00127479934491   0.0009818603102 0.000804449706101 0.000797575519397 0.000737083676842 0.000351731517838 6.59194513067e-05 5.08430589676e-05   5.116809672e-05 5.43475665036e-05 6.14024257149e-05 6.40113040667e-05 6.72170834649e-05 6.83180669929e-05 7.27356251933e-05 7.47499103015e-05 7.86816756938e-05 7.72810250405e-05 8.72291321341e-05 8.78629529337e-05 8.87481749122e-05 9.82888951058e-05 9.91798464681e-05 9.91205630324e-05
2.27895609523e-05 0.000370613882879 0.000707978068787  0.00100186221862 0.000919370576859 0.000484587377047 0.000919197310464  0.00128274547764  0.00154633343107  0.00140470658875 0.000617858212371 8.51015739485e-05  4.0859399724e-05 1.36561317585e-05   1.913365382e-05 3.13846366645e-05 5.14668850645e-05 4.95522224932e-05 5.16950640865e-05  5.9792409136e-05 6.64075460563e-05 6.91898254384e-05 6.98361468052e-05 8.09020819814e-05 8.05605464679e-05 7.94174577406e-05 8.15040721352e-05 8.26280889827e-05 8.24219433769e-05
 2.0237661081e-05 0.000407737214447 0.000848565304615  0.00135355757379  0.00152156111513  0.00113841808562   0.0013544000072   0.0020480572234  0.00201170572933  0.00163466556677 0.000636932286356 7.41895475278e-05 3.58717749034e-05 1.72168521994e-05 1.45959365006e-05 2.26805855276e-05 3.73426310449e-05 3.78855627668e-05 4.20711691192e-05 5.07928740924e-05 5.71004408578e-05 6.27079389571e-05 6.32073253336e-05 6.87086725645e-05 6.75083470416e-05 6.90526948352e-05 7.09773764278e-05 7.22989860565e-05 7.26885317675e-05
3.36647016572e-05 0.000358913396676 0.000728096767314  0.00114167164665   0.0014494204129  0.00153176762143  0.00181631193605  0.00226259909323  0.00164330826522 0.000744931980732 0.000120112996522 3.77749579628e-05 6.18202468624e-06 4.15119714047e-06 1.79532712481e-06 1.18220595324e-05 2.82106216227e-05 2.80000114676e-05 3.13376521547e-05 4.35209018946e-05 4.77514702954e-05 5.05058740579e-05  5.1161467685e-05 5.92745360635e-05   5.847844475e-05 5.87853283176e-05 6.30285299354e-05 6.04523066903e-05 5.98302757827e-05
1.81879016958e-05 0.000297652153569 0.000661805414267 0.000992877196938  0.00117283284229  0.00122880834603  0.00155392171232  0.00204825332928  0.00152037302095 0.000716839756972 0.000103844183495 3.08598875108e-05 6.43122792697e-06 4.77360739697e-06 7.31366236218e-06 1.42831885789e-05  2.8259992293e-05  2.7738278418e-05 3.01034474014e-05 3.95536889794e-05 4.30186407068e-05 4.66455854585e-05 4.74027298081e-05 5.23708470256e-05 5.07875667291e-05 5.16777512222e-05 5.36148335399e-05 5.71825745987e-05 5.77984541588e-05
7.86160215842e-05 0.000393655371883 0.000695279609005  0.00105948864501   0.0011421521526  0.00106174975283  0.00140887316914  0.00193732629621  0.00145120504997  0.00067733585277 7.62893249395e-05 2.26086170987e-05 3.40324384044e-06 4.30282479346e-06 6.38528232393e-06 1.08516881533e-05  2.0760521099e-05 2.07371971073e-05 2.27888013796e-05 2.93246523276e-05 3.25639709263e-05 3.58617210106e-05 3.70197420304e-05 4.35716578261e-05 4.28261161469e-05 4.52678441766e-05 4.94719718593e-05 4.91432705468e-05 4.90256446404e-05
5.80874353156e-06 0.000325385077491 0.000705476198857  0.00112836382234  0.00116670875175 0.000920957824674  0.00120604803256  0.00179860857474  0.00102073273664 0.000350899564856 2.31374922425e-05 4.30661604513e-06 5.68281526929e-06 6.05104580648e-06 7.63842592509e-06 1.11352260913e-05 1.69325717918e-05  1.6552929945e-05 1.81531924622e-05 2.36406300088e-05  2.7550147588e-05 3.03440076875e-05 2.99015219587e-05 3.44595401621e-05 3.46473018972e-05 3.49141584136e-05 3.64408955705e-05 3.66965502748e-05 3.71612852742e-05
3.98656360132e-05 0.000253730588567 0.000710011355102  0.00108921100061  0.00101314188295 0.000799730933031  0.00118270287777  0.00167665469298 0.000963003919757 0.000269103402378 2.09575919381e-05  6.5388258113e-06 3.27218778405e-06 5.04771199362e-06 5.69023429524e-06  8.6016751319e-06 1.62951947846e-05 1.64588704961e-05 1.79661848952e-05 2.28280342525e-05 2.48252316896e-05 2.64747342011e-05  2.6976353703e-05 3.05323047479e-05 3.03397339217e-05 3.12342130424e-05 3.25872962329e-05  3.3366944202e-05 3.32580565284e-05
3.35982429082e-05 0.000302587644356 0.000713406388559 0.000980572068253 0.000974303360547 0.000853000630816  0.00140390935812  0.00166452156562  0.00129905120566 0.000161107445005 1.95721746403e-05 6.28534087973e-06 1.84804439025e-06 2.46658107001e-06  3.2205818706e-06 5.72483918437e-06 1.15265273802e-05 1.16857410484e-05 1.28784745768e-05 1.64632409602e-05  1.9035917028e-05 2.13055602149e-05 2.13143076116e-05 2.48331550851e-05 2.50867631765e-05 2.56673658618e-05 2.73954677424e-05 2.74622215498e-05 2.75739656537e-05
6.07429765775e-06 0.000301882137794 0.000737053521567  0.00106964982308 0.000993671703075 0.000828119937845  0.00137402736297  0.00163531926569  0.00127245763335 0.000136966635779 2.34795256821e-05 1.04951259527e-05 3.26332028036e-06 3.08885652451e-06 1.27915858817e-06 3.95498826723e-06 1.01566472104e-05 1.02357420135e-05 1.16466087955e-05 1.57677945235e-05 1.76374175064e-05 1.87113555367e-05 1.90606530423e-05 2.10691248383e-05  2.1178613143e-05 2.20697415628e-05 2.31898839334e-05 2.39443067984e-05 2.39552515197e-05
3.56087504199e-05  0.00032095095799 0.000799819431808  0.00123599565614  0.00116098174202 0.000879069522331   0.0013855129597  0.00165047433876  0.00127327516355 0.000140609094127 2.11147350904e-05 7.97958225429e-06 1.89754454848e-06 2.53394235148e-06  1.0869679585e-06 1.65429736012e-06 6.26318689878e-06 6.16915272012e-06 7.15946135012e-06  9.9482634138e-06 1.14458475933e-05 1.30660073783e-05 1.29683000357e-05 1.77231444513e-05 1.75797582004e-05 1.82107797538e-05 1.99510912126e-05 1.97928316077e-05 1.99690682991e-05
6.63950715938e-05 0.000239612005059 0.000737038178011  0.00109140229666  0.00101321807294  0.00103056589424  0.00146406097504  0.00148652061563  0.00120509383264 0.000115947788996  2.7333344209e-05 1.71784280471e-05 8.11192719141e-06 7.18637755701e-06 5.84142624473e-06 2.96199703406e-06 3.14866155141e-06 2.99717142267e-06 3.76751925938e-06 6.86178653014e-06 8.83055686696e-06 1.03763880483e-05 1.06432684748e-05 1.34437546261e-05 1.27170389389e-05   1.344181379e-05 1.51449247677e-05 1.55454181457e-05 1.55833448428e-05
3.32472218855e-05 0.000359355375251 0.000844449155102  0.00114123582933  0.00104129311683   0.0012492057244   0.0016326082415  0.00149675823356  0.00119334626031 8.78475696058e-05 2.35034584417e-05  1.7045684426e-05 1.06233470583e-05 1.08805009794e-05 9.27790859526e-06 6.25855865892e-06 1.33944779958e-06  1.7824180787e-06 1.40703578402e-06 4.77767573055e-06 7.47010533747e-06 9.20809777632e-06  8.9617446665e-06 1.09878964023e-05 1.08123302064e-05  1.0849938532e-05 1.07288360596e-05 1.14637200498e-05 1.15644147794e-05
5.69172382605e-05  0.00029722975259 0.000816502096559  0.00109321884597 0.000993102863615  0.00123804543729  0.00162918168306  0.00150387061764  0.00118958197904 7.39021017351e-05  2.4357833702e-05 1.71145269278e-05 1.11543527712e-05 1.12602702748e-05 1.01837200068e-05 7.42528017154e-06 2.91667154542e-06  2.7189209315e-06 1.76142818889e-06  1.2241646289e-06 2.72740101738e-06 4.30114732414e-06 4.36034050238e-06 6.55585049966e-06 6.59433206841e-06 7.11310016106e-06 8.16213739806e-06 8.11938280095e-06  8.1122693418e-06
3.54379874996e-06 0.000285904714444  0.00080667333878  0.00107228966157 0.000950489605335  0.00118647518217   0.0015851392541  0.00148968961599  0.00117661822675 9.34435825304e-05  1.7777383608e-05 1.26462758483e-05 8.59635578007e-06 8.95107183876e-06  8.1825694003e-06 6.30634324303e-06 3.36795912128e-06  3.2714751959e-06 2.62366247777e-06 6.55651092529e-07 6.28680679492e-07 1.92824710799e-06 2.00856377217e-06 4.13235288205e-06 3.83142439842e-06 4.14993995168e-06 5.25400659348e-06 5.48492291943e-06 5.72640980894e-06
1.83285824693e-05 0.000262831192252 0.000788742788034   0.0010512560508 0.000931598933476   0.0011274113805  0.00154303578685  0.00148243836397  0.00116053085123 0.000861466390125 2.42609093189e-05 1.67373939237e-05 1.28405909404e-05 1.24997296198e-05  1.1494427737e-05  1.0039977351e-05 6.30812108349e-06 6.45013764041e-06 5.66440159343e-06  3.0491722971e-06 1.80051415765e-06 5.60925311587e-07 5.41591103237e-07 1.80814401056e-06 1.81794166565e-06  2.2938110119e-06  3.2236140449e-06 3.58523920185e-06 3.55088762011e-06
3.17988139269e-05 0.000276087838716 0.000828984695067  0.00106881115821 0.000916196703084  0.00101814826944  0.00140627548631  0.00142469498465  0.00113412089482 0.000872713444673 2.50949605608e-05 1.64598687908e-05 1.24755472522e-05 1.16532034781e-05 1.14121494204e-05 9.42461633623e-06 5.99174931908e-06  5.6400649062e-06 5.12688737903e-06 3.79239675538e-06 2.97202530001e-06 2.39204252143e-06 2.32458114624e-06 1.43678414941e-06 1.43245041593e-06 1.20772969234e-06  8.8608674689e-07 9.31054315079e-07 9.59361708332e-07
 2.2232093941e-05 0.000271470540665 0.000797824196313  0.00107164395348 0.000957378400291 0.000896988401722  0.00119934656099  0.00133503430932  0.00113790711494 0.000915570337514 1.69748136253e-05 1.15505820181e-05 1.16152998296e-05 1.23616067221e-05 1.15199372801e-05 1.10468972345e-05 9.27648449544e-06  9.5720795975e-06 8.91997250089e-06 6.83839922937e-06 5.74218909937e-06 4.77862838219e-06 4.77267700523e-06 3.29045847577e-06 3.23437590144e-06 3.04425289287e-06 2.50769321411e-06 2.28260304358e-06 2.26659348454e-06
1.85873068336e-05 0.000306491231907 0.000817532565869  0.00112117424278  0.00101527472482 0.000818234954557  0.00101015889151  0.00120926353587  0.00109898480618 0.000938887510507 1.95359760446e-05 1.49672057908e-05 1.23778699935e-05 1.16570137318e-05 1.12394767974e-05 1.00370133633e-05  8.0824343371e-06 8.02032766868e-06  7.6331189125e-06  6.7976902333e-06 6.33088946452e-06 5.78750435061e-06  5.7270107982e-06 4.77676937341e-06 4.77267700523e-06 4.59110555927e-06 4.11728009285e-06 3.99629030034e-06 4.05322541061e-06
4.91783603371e-06 0.000177683235907 0.000722154514777 0.000981046320559 0.000785442370886 0.000859417891727   0.0013418830714  0.00143035886579  0.00118672686824  0.00086159350198  3.6388297263e-05 2.54451322722e-05 1.81209393671e-05 1.91354873102e-05 1.78822688544e-05 1.55853609234e-05 1.08033418655e-05 1.06406916509e-05 9.80506597266e-06 8.22545447642e-06 7.27671167817e-06 6.85649369571e-06 6.97603554838e-06 6.08434684523e-06 6.14146617801e-06 5.90133017896e-06 5.60410464933e-06 5.54523444666e-06 5.66512674722e-06
1.94068883864e-05 0.000223176398186  0.00074701286578 0.000935062885005 0.000754876473717  0.00096576813134  0.00152776323444  0.00159558180085  0.00129424002164 0.000897143217849 2.20922497887e-05 2.16899696995e-05 1.50190103952e-05 1.45789110892e-05 1.43924236743e-05  1.3286656121e-05 1.13798930007e-05 1.15942621173e-05 1.11848080187e-05 9.15280704071e-06 8.43484701294e-06 7.87142468415e-06 7.81122224099e-06 7.27214834216e-06 7.27396486233e-06 7.27361380556e-06 6.91824823787e-06 6.85921346023e-06 6.85558686776e-06
 1.8923774525e-05 0.000249600004344 0.000700744752533 0.000890633963903 0.000811419955212 0.000953806206719  0.00151131620104  0.00162002829217   0.0013005476311 0.000899828694963  1.8455594967e-05 1.85885101319e-05 1.93312345492e-05  1.9190682467e-05 1.75328103633e-05  1.5824338627e-05 1.23110378164e-05 1.22289881691e-05 1.13703183311e-05 9.12652026785e-06  9.1523703552e-06 8.96580716377e-06 9.12652026785e-06 8.52722773876e-06 8.64452309384e-06 8.46574822697e-06 8.16931615597e-06  8.1097370871e-06 8.10624538536e-06
1.55491039721e-05 0.000221115945203 0.000750077314203 0.000968260321428 0.000820858107465 0.000867992918462  0.00143965340349  0.00161764808971  0.00129425944709 0.000897280701103 2.11084209445e-05 1.82111994998e-05 1.38716925654e-05 1.49104566192e-05 1.45860067914e-05 1.42941908179e-05   1.404923487e-05 1.42179255985e-05 1.43625242388e-05 1.42550539349e-05 1.29854023034e-05 1.21256362307e-05  1.2107998106e-05 1.10304933597e-05 1.10285607037e-05 1.08500510892e-05 1.03150913784e-05 1.03134229638e-05 1.01934834646e-05
2.47384580869e-05 0.000235496907616 0.000749919339044 0.000958743110831 0.000766789313872 0.000877215178852   0.0014767483563   0.0016052012296  0.00128113748749 0.000887112721124 0.000291731655865 2.48623475274e-05 2.22421981776e-05 1.99252764544e-05 1.94146748272e-05 1.82735145779e-05 1.68867700974e-05 1.67261999901e-05 1.63420362921e-05 1.55132753724e-05 1.51427254098e-05 1.45043420703e-05 1.43722684625e-05 1.28186021218e-05 1.26385742753e-05 1.25180485952e-05 1.19222699842e-05 1.17445352645e-05 1.18017290728e-05
4.30670075857e-05 0.000193741738867 0.000710170872094 0.000907057860695 0.000747813790185 0.000939234426931  0.00147854044778  0.00158146216606  0.00128933756302 0.000885614657507 0.000581493741297  3.0064394114e-05 2.49624339492e-05 2.53862087914e-05 2.50034602497e-05 2.40827706448e-05 2.17235268981e-05 2.15465483676e-05 2.09911034545e-05 1.90441270711e-05 1.80920471304e-05 1.71331993634e-05 1.71771095668e-05 1.56252371221e-05 1.56215987749e-05 1.53203649403e-05 1.45446325496e-05 1.44268176095e-05 1.44254323439e-05
2.22184022282e-05 0.000235190599982 0.000717374044546 0.000875737148693 0.000757847862837  0.00107370575078  0.00151814055198  0.00155270708182  0.00131361997586 0.000891887226472  0.00058046787833 3.11668896322e-05 2.74040092477e-05 2.69671333144e-05  2.5961060307e-05 2.41473305652e-05 2.05846746343e-05 2.04435514205e-05  2.0220260797e-05 1.86134113919e-05 1.82799049765e-05 1.78497314778e-05 1.78956928299e-05 1.71135992586e-05 1.71715760164e-05 1.69301915315e-05 1.66305036866e-05 1.65718064004e-05  1.6690531168e-05
 1.9795991688e-05 0.000196834314006  0.00066167977612 0.000823675319529 0.000735714975189  0.00106414026585  0.00150544873587  0.00155957636481  0.00132172054985 0.000891373257097 0.000580821762394 3.30067905445e-05 2.69780204456e-05 2.76576189505e-05 2.66484094535e-05 2.45190038335e-05 2.07972224273e-05 2.15423021472e-05   2.108549587e-05 1.88228269001e-05 1.82993600683e-05 1.77328138239e-05 1.74060935267e-05  1.6823826737e-05 1.66570189462e-05 1.66932382366e-05   1.704745593e-05 1.71074675926e-05  1.6929398037e-05
2.78842748039e-06 0.000176524233621 0.000711517451872 0.000900364438576 0.000761065991659  0.00104137605193  0.00148556071309  0.00157142010803  0.00133417861282 0.000893701587573 0.000582646267175 3.28936009382e-05 2.90881048262e-05 2.92117227188e-05 2.83320884161e-05 2.71925778472e-05 2.39841538042e-05 2.43317529053e-05  2.3847463813e-05 2.18299366899e-05 2.02391617494e-05 1.97611702962e-05 1.98848779908e-05 1.90937376639e-05 1.89673052198e-05 1.87812393723e-05 1.81268935812e-05 1.80608220909e-05 1.81810776937e-05
6.71180377789e-05 0.000352902505717 0.000739429395412 0.000906391126861 0.000844721378288  0.00105733250443  0.00146150678428  0.00159746034535  0.00137412727875 0.000910242068054 0.000595047292961 2.60027079926e-05 2.56295987223e-05 2.44398350723e-05 2.49703671627e-05 2.52582242594e-05 2.49753108057e-05 2.48451471551e-05 2.49706472694e-05 2.33599692064e-05 2.29086683742e-05 2.21655761993e-05 2.24595648151e-05  2.1014018835e-05  2.0766429534e-05 2.07437865583e-05 2.00874340617e-05 1.99085090254e-05 1.99086261342e-05
1.76815381544e-05 0.000199977509549 0.000670197078518 0.000828385431085 0.000758361358837 0.000962157684716   0.0013993610074  0.00159441027492  0.00137590923654 0.000901763139099 0.000591624905919 2.86482068808e-05 2.82653032025e-05 2.92210403232e-05 2.81118413257e-05 2.52568660161e-05  2.2631469391e-05 2.36396719545e-05 2.31376601849e-05 2.28883582161e-05 2.25770639967e-05 2.22723315176e-05 2.24117625545e-05 2.22461161731e-05 2.24809537782e-05 2.21771384367e-05 2.18771427374e-05 2.18160328195e-05 2.18758993741e-05
2.20307257095e-05 0.000303598499051 0.000783111440046 0.000983207650447 0.000840117195589 0.000943029053482  0.00134008936321  0.00160736446305  0.00140194954161 0.000905687968698 0.000600424470841 1.74770331874e-05 2.57478435728e-05 2.60703725486e-05 2.63416960255e-05 2.77517115388e-05 2.86769585471e-05 2.65955798084e-05  2.7034107008e-05  2.6822768971e-05 2.60475025556e-05 2.55727587966e-05 2.54012354839e-05 2.38586158271e-05 2.37836770493e-05 2.36092005984e-05 2.30697696706e-05 2.29490267432e-05 2.30085558008e-05
 1.0473469426e-05 0.000211570252134 0.000687763992108 0.000902078492022 0.000853083004808 0.000929898679991  0.00128451812869   0.0016367366336  0.00144190997337 0.000906387890183 0.000604115307221  8.4175892217e-05 2.81085796847e-05 2.78398518608e-05 2.77305124919e-05 2.54947154104e-05 2.33820871824e-05 2.43181700524e-05 2.39267180139e-05 2.46981116647e-05 2.45350096538e-05 2.44265668508e-05 2.45216480489e-05 2.46360542456e-05 2.49760220407e-05 2.49208411551e-05 2.46168084928e-05 2.39635876616e-05 2.36634240087e-05
7.91238734777e-06 0.000231874015795 0.000710956395812 0.000935916825108 0.000922457239066  0.00110799859035   0.0014179115758  0.00147995371789  0.00125946006256 0.000869306285756 0.000584650827814 0.000393314063099  3.4420435572e-05 3.37068646933e-05 3.51585059304e-05 3.51202287702e-05 3.25423791094e-05 3.16621589818e-05 3.05780686934e-05  2.7828017272e-05 2.64329337524e-05   2.546311541e-05 2.57070253351e-05 2.39652601012e-05 2.34286110235e-05 2.33487882429e-05 2.25441912862e-05 2.31269142118e-05 2.29302291138e-05
9.86432229089e-06 0.000249195021975 0.000732265740712 0.000914210526573 0.000909645908708  0.00115982107049  0.00144568064685   0.0014170931099  0.00121768804207 0.000884674002405 0.000607405024649 0.000391735543353 4.64010153536e-05 4.41420813134e-05 4.09733839898e-05 3.66003217908e-05 3.10512454996e-05 3.23194094762e-05 3.17793840617e-05 2.78538059832e-05 2.68557125861e-05 2.55357039072e-05 2.55122197233e-05  2.3982723405e-05 2.41896475445e-05 2.41232127537e-05 2.34350548357e-05  2.3897374605e-05 2.37558721677e-05
 2.6839132369e-05 0.000254416385867 0.000741130845827 0.000925133998742 0.000904136595319  0.00112324549122  0.00141041898616  0.00140273368298  0.00121912192176 0.000904178227192 0.000626583810644 0.000404099327684 3.60265739682e-05 3.38930539172e-05  3.2819285731e-05 3.52474581685e-05 3.48236662058e-05 3.33678492191e-05 3.30215279598e-05 3.19318672629e-05 3.07876922668e-05 2.95123808081e-05  2.9342032359e-05 2.62738362683e-05 2.64458334673e-05 2.55813143209e-05 2.42185314006e-05 2.41481259551e-05   2.460488111e-05
2.79868995833e-05 0.000278974476611 0.000735699263086 0.000917535349014 0.000868410131214   0.0010954060976  0.00140540670381  0.00138536393192   0.0012045706179 0.000912175978502 0.000647884769789 0.000416695266288 3.52343918698e-05 3.12034869678e-05 3.05527916337e-05 2.96575486926e-05 2.65120763143e-05 2.69466107503e-05 2.74253432764e-05 2.83514436389e-05 2.85324553593e-05 2.87093097523e-05 2.86192308611e-05 2.85331985474e-05 2.86302304143e-05 2.87236415833e-05 2.88147002466e-05 2.90502331859e-05  2.9078916436e-05
9.23747057106e-06 0.000159982668681 0.000703042710748  0.00092477301479 0.000904617151657  0.00109751132598  0.00134066245298  0.00135482808616  0.00120707294571 0.000913237559117 0.000626526761515 0.000397690552902    4.44379025e-05 3.66830907552e-05 3.62311553511e-05 3.12184732636e-05 3.00259100591e-05 2.93619166855e-05 2.90097863559e-05 2.84006125103e-05 2.79353814001e-05 2.80742661991e-05 2.80937160602e-05 2.75976947744e-05 2.73060190784e-05 2.73493105072e-05 2.58601914189e-05 2.58644713592e-05 2.67809355103e-05
2.84774620453e-05 0.000370083971168 0.000697551336442 0.000844043113642 0.000880913716787  0.00105182091742  0.00131039815355  0.00144932151029  0.00135767709888  0.00102890175497 0.000670403189444 0.000424397311455 4.28260317889e-05 2.86475356546e-05 2.89605744993e-05   3.217012653e-05  2.7335228818e-05 2.70110377673e-05 2.85973277655e-05 2.83892111354e-05 2.84436158042e-05 2.78619081262e-05 2.76714884342e-05 2.74602324554e-05 2.78122299867e-05 2.80406478465e-05 2.69281093413e-05 2.76092782471e-05 2.87257287095e-05
2.67158253923e-05 0.000220698659296  0.00072284596837 0.000919301063676 0.000719475232117  0.00088034423317  0.00125422503664   0.0014168656793  0.00132997521429  0.00102824001756 0.000671122383937 0.000421458532381 5.19386065454e-05 3.22727949111e-05 3.25294635564e-05 3.38920417216e-05 3.76135210031e-05 3.75672814017e-05 3.46323022626e-05 3.18643136307e-05 3.10198979721e-05 3.00627926527e-05 2.97367596679e-05 2.89433528294e-05 2.91240555702e-05  2.9093005134e-05  3.0050968991e-05 3.02996014094e-05  3.1094267738e-05
6.85224995739e-06 0.000228637686216  0.00065302987207 0.000795148656179 0.000794226940936 0.000955036216178  0.00124436265496  0.00141323654359  0.00134371377252  0.00104293017075 0.000684645003925 0.000422117847683 3.34416200635e-05   3.501837421e-05 3.42152726479e-05 3.51464190858e-05 3.53521373884e-05 3.43966057289e-05 3.44275778102e-05  3.3171688433e-05 3.22661033794e-05 3.26702819338e-05 3.26986892806e-05 3.12512558196e-05 3.09632217721e-05 3.05880771216e-05 2.97714050677e-05 2.96165517625e-05 3.04380355579e-05
6.86297679599e-06 0.000180782606854 0.000659282618248 0.000846793071938 0.000768287748541  0.00087312138228  0.00116073273128  0.00136892566744   0.0013265158924  0.00104574341775 0.000695393487153 0.000423634131993 0.000267403025907 3.61927357563e-05 3.51010887706e-05 3.41377147364e-05 3.00652004012e-05 2.91879820763e-05 2.91812563613e-05 2.82914193603e-05 2.72604964173e-05 2.77561238024e-05 2.76041105274e-05 2.77530876963e-05 2.82876989367e-05 2.77135479886e-05 2.87214035517e-05 2.84820406821e-05 3.03299254021e-05
 1.9302513465e-05 0.000174448723702 0.000618777000784 0.000782828131421 0.000746168357085   0.0008578797687  0.00114056806612  0.00135906909276  0.00133147271327  0.00106710080963 0.000710343877051 0.000436193940144  0.00029168414986 3.09203270409e-05 2.99735514714e-05 3.11532786406e-05  3.1896383681e-05 3.22198805168e-05 3.17029199638e-05 3.17578845789e-05 3.16411307317e-05 3.22431930553e-05 3.26720217996e-05 3.17024191798e-05 3.18217917025e-05  3.1907589623e-05 3.23458322219e-05 3.26106354959e-05  3.4259610305e-05
1.98504758906e-05 0.000199605031999 0.000648700753781 0.000822115059341 0.000777106248776 0.000848693999053  0.00109548701835  0.00132452413289  0.00131836812489  0.00107570576626 0.000730053375945 0.000442578593378 0.000291895033652 3.25485197081e-05 3.16234554934e-05 3.23868331469e-05 3.20534056707e-05 3.16137924109e-05 3.24873201241e-05 3.34119291098e-05 3.33201293249e-05 3.29925573216e-05 3.31183595811e-05  3.2180160762e-05  3.2174588492e-05 3.14947842329e-05 3.06745678438e-05 2.95158302587e-05 3.01326092517e-05
3.45208628889e-06 0.000174653577759  0.00061062230083 0.000746248013942 0.000654771276363 0.000679848525326 0.000945881485826  0.00127629399518  0.00133036829008  0.00111722948049    0.000715457998 0.000485880155969 0.000289281668991 5.12706320354e-05 3.82671248617e-05 3.35409250586e-05 3.20939637896e-05 3.15545801624e-05 3.06620314385e-05 2.90291639621e-05 2.81084407663e-05 2.87199926131e-05 2.90939667796e-05 2.78929995996e-05 2.84424721314e-05 2.78072277464e-05 2.74575639317e-05 2.70768491211e-05 2.85846532555e-05
1.95894374786e-06 0.000165210414152 0.000564617549412 0.000636640713953 0.000542041733865 0.000652343075933  0.00100542443465  0.00137874868305  0.00142829943636  0.00120598598527 0.000683022768595 0.000509789616851 0.000307334706837 6.98596981417e-05 3.65552910163e-05 3.26565908504e-05   3.188031264e-05 3.16277488592e-05 3.15306775112e-05 3.15207605668e-05 3.18575674652e-05 3.17947623632e-05 3.26782193186e-05 3.09963781625e-05 3.16519885952e-05 3.06028822823e-05 2.94048657958e-05 2.89069046672e-05 3.06055522547e-05
 1.5941974038e-05 0.000155225993182  0.00055126285539 0.000628158990324 0.000553301154895 0.000690919138194  0.00106512744385  0.00143877396038  0.00149009664502  0.00125148654522   0.0006668915118 0.000500125176335 0.000282864021271 6.40098279513e-05 5.29853443711e-05 4.71443539775e-05 3.74437598892e-05 4.04360519608e-05   3.877646637e-05 3.58729509752e-05 3.48235673737e-05 3.33733320335e-05 3.33948952422e-05 3.18948382049e-05 3.12076602345e-05 3.09873686687e-05 3.13702393849e-05 3.12009998207e-05 3.26558157117e-05
 1.3190725629e-05 0.000175947291835 0.000588789839702 0.000680239883455 0.000622029749963 0.000787331813116  0.00118625493176  0.00155452013229  0.00160673341492  0.00135191518503 0.000715784262299  0.00050606760763 0.000302478016666 6.79441410291e-05 5.02164974901e-05 5.01312092616e-05 4.86582970308e-05 4.67300795171e-05 4.61732623492e-05 4.06535357488e-05 3.83507054904e-05 3.56645028304e-05 3.46046448809e-05  3.3348389267e-05  3.2945442971e-05 3.29254332664e-05 3.29607218494e-05 3.15324098391e-05 3.27354093504e-05
1.20550343034e-05 0.000198266360333  0.00059987204237 0.000727614328012 0.000728614775804 0.000879781856835  0.00123328119845  0.00155616044546  0.00158473665916  0.00129919216244 0.000702506916114 0.000549561385991 0.000312700858022 3.41875930973e-05 3.17121106561e-05  3.8132618857e-05 4.15918503485e-05 4.06480625798e-05 4.07969547087e-05 4.08616603544e-05 4.01445579337e-05 4.04575746916e-05 4.07268363268e-05 3.85491657679e-05 3.98573389452e-05 3.86345501497e-05 3.80050106849e-05 3.75113226366e-05 3.79575018434e-05
6.87376279612e-06 0.000171996097673 0.000604005325213 0.000769964645868 0.000775737489857 0.000913615639045  0.00126706772467    0.001574127955  0.00158280702591  0.00126334971318 0.000694388522312 0.000552810568359 0.000328461456055 8.46557867961e-05 3.02196130268e-05 2.99747700656e-05 3.09454032921e-05 3.08814225753e-05 3.24268989103e-05 3.58333611513e-05 3.73816173883e-05 3.91949375903e-05 3.90183882652e-05 4.13360494494e-05  4.1224713505e-05 4.01584745999e-05 4.01708885203e-05 3.94309644144e-05 3.92910364313e-05
5.16989579625e-06 0.000218668935067 0.000647008588926 0.000814530837993 0.000841490932339  0.00096220496475  0.00129938863481  0.00156657061257  0.00153331146107  0.00119450347521 0.000706905895036 0.000588707159934 0.000334909003931 0.000231201747948 2.12255045645e-05 2.30722383295e-05 2.80875030566e-05 2.52582594233e-05 2.64021665437e-05 2.97423743274e-05 3.24529228286e-05 3.36111042438e-05  3.2880863258e-05 3.50100173982e-05  3.4819779661e-05 3.59786986425e-05 3.67133435377e-05 3.62685937324e-05 3.79306914184e-05
7.90304664199e-06 0.000190137260883 0.000633003872686 0.000820150107719 0.000841672247188 0.000963268914792  0.00118054976009  0.00138681831314  0.00144343812289  0.00125412985564 0.000795391071983  0.00050967584684  0.00036865118824 0.000193111488285 4.73419681832e-05 3.96025798061e-05  3.6064664481e-05 3.72385981036e-05 3.54548103977e-05 3.19767253606e-05 3.11263678797e-05 3.07461765418e-05 2.87242600069e-05 2.98700791748e-05 3.00725517037e-05 3.03481345201e-05 3.34642394144e-05 3.36441458636e-05 3.45686160945e-05
1.10286457422e-05 0.000230383310681 0.000613622863656 0.000742450021899 0.000736826274438 0.000841903431963  0.00109087281291  0.00135684956349  0.00145955283218  0.00129936175551 0.000855003529854 0.000568574342403 0.000424145282641 0.000209163509133 4.30628745209e-05 4.22909472299e-05 3.90360142841e-05 3.93538538679e-05 3.83297984545e-05 3.70892985307e-05 3.58120757434e-05 3.36728922076e-05 3.52339618586e-05 3.10880937183e-05 3.04802769598e-05 3.10096887922e-05 3.12799793656e-05 3.17718790682e-05 3.29363531414e-05
1.23449761156e-05 0.000211084405805 0.000585815672607  0.00071268219615 0.000710119721312  0.00081002678562   0.0010521007668  0.00133643855067  0.00145833525108  0.00131159615391 0.000871798475706 0.000535451058227 0.000417195227034 0.000216809265405 5.57060924381e-05 4.92802037468e-05 4.27099124271e-05 4.21122422776e-05 4.11594349237e-05 3.75830918446e-05 3.51217682441e-05 3.40276882377e-05  3.4396011825e-05 3.46447895908e-05 3.60681121503e-05 3.69695647013e-05 3.64946474092e-05 3.59543528687e-05 3.53248047392e-05
1.35328198985e-05  0.00019755276497 0.000611102573485 0.000768414870744 0.000745427329857 0.000831442642914   0.0010478499563  0.00131450774005  0.00143823236341  0.00129392683693 0.000849678961622 0.000558894377187 0.000455872807953 0.000216935429942 3.44583489484e-05 3.79100916006e-05  3.7629760479e-05 3.67235512485e-05 3.66980841282e-05 3.66827033622e-05 3.64737692251e-05 3.54982597832e-05  3.5936191617e-05 3.50699897134e-05 3.28100695883e-05 3.48596606964e-05 3.54920510691e-05 3.42266795234e-05 3.38973873455e-05
2.29218175726e-05 0.000228474171634 0.000582073535454 0.000720083839644 0.000762228271977 0.000856404129673  0.00105668130891  0.00131640808764  0.00145269178289  0.00132196156393 0.000883748572836 0.000545427922565 0.000451092492632 0.000232335282057 3.46169568803e-05 3.26061650655e-05 3.06679980019e-05 2.94255339582e-05 2.97666910375e-05 2.92999877076e-05 2.97050266222e-05 3.01249188087e-05  3.2981477647e-05 3.38410587063e-05 3.08122145352e-05 3.12802065205e-05 3.18325077269e-05 3.30123413732e-05 3.31853142087e-05
5.16183329257e-06 0.000228982955877 0.000592923310146 0.000745689149345 0.000808878871883  0.00091739774348  0.00110412058701  0.00134403146418  0.00147528740343  0.00134320343115 0.000891237961575  0.00053263029203 0.000440996324324 0.000233080057523 1.96902322623e-05 2.58901744522e-05 2.82382508956e-05 2.99356725655e-05 2.97035465385e-05 3.39634469302e-05 3.71810966097e-05 3.73104128387e-05 3.52446956892e-05 3.50042485862e-05  3.4763371142e-05 3.48863903317e-05 3.46335428634e-05 3.46558885083e-05 3.49537189577e-05
3.04860983591e-05 0.000227325303627 0.000596770146001 0.000781944187284 0.000864501749112 0.000982536735276  0.00115745340333   0.0013862367522   0.0015273198588  0.00141125968735 0.000966068965396 0.000539135262625 0.000457108427761 0.000261577307348 4.59828224625e-05 2.47670013245e-05 2.49353780294e-05 2.53366762243e-05 2.89024299234e-05 3.20067646426e-05 3.23474522517e-05 3.31927370988e-05 3.34448455059e-05 3.58250722551e-05 3.45837428689e-05 3.48654693534e-05 3.41546869443e-05 3.41914084301e-05  3.3898648292e-05
2.13008701636e-05 0.000242393845649 0.000607403456136 0.000809228370177 0.000914627787845  0.00104307688609  0.00119190851665  0.00137054380014  0.00149402185843  0.00137711358211 0.000932133617187 0.000538238934131 0.000462322703665 0.000258886442337 0.000182769918394 1.84753361107e-05 2.38698230961e-05 2.25749198728e-05 2.22254403349e-05 2.42310521658e-05 2.66692863798e-05  3.0893816049e-05 3.07876922668e-05  3.6716509562e-05 3.99924764107e-05 3.63230559771e-05 3.62155486904e-05 3.55062153588e-05 3.53584680077e-05
2.17372267416e-05 0.000239548588094 0.000600090404478 0.000806110378274  0.00091340443889  0.00100726344053  0.00106097874591   0.0011746911667  0.00132312847522  0.00126572407858 0.000896800774761 0.000573006894476 0.000463636577927 0.000279077814192 0.000204220442111 5.73586283153e-06 9.52641152861e-06 9.02577491595e-06 1.12264699696e-05 1.94018669404e-05 2.38137946147e-05 2.43157183062e-05 2.35502893995e-05  2.6261346699e-05 2.66658059454e-05 2.68738465842e-05 2.82981525538e-05 2.92295155465e-05 2.91392692928e-05
2.20208841292e-05 0.000243769725105  0.00057295059394  0.00077724643457 0.000880199145324   0.0009726342767  0.00102056036244  0.00113856365106  0.00130244898376  0.00126125604622 0.000904543973212 0.000567602148197 0.000462997952615 0.000281391810305 0.000199743536616 6.95468341024e-06 7.55694580467e-06 6.81665830033e-06 9.23948900037e-06 1.41431174825e-05   1.636158356e-05 1.87092193841e-05 1.84299414643e-05  2.2155180561e-05 2.28683116028e-05 2.36695412288e-05 2.44685052679e-05 2.43972057447e-05 2.39822049221e-05
1.24649269758e-05 0.000246155961882 0.000626941629663 0.000860655720417 0.000989553588438  0.00109999527918  0.00113528421356  0.00118494608015  0.00129247626526  0.00122172800674 0.000837392918099 0.000526306586891 0.000470232624597 0.000263159143362 0.000186655574145 7.39549298564e-06 9.97559012341e-06 1.02081655215e-05 1.08838983097e-05 1.35328880684e-05 1.48505902469e-05 1.66986909487e-05 1.61048466048e-05 1.85397274983e-05 1.84611435618e-05 1.88939202697e-05 1.94659361711e-05 1.98811871182e-05 1.98962589866e-05
1.06273079439e-05 0.000253993575334 0.000618683443701 0.000878961289989  0.00105772109463  0.00121943640651  0.00126694787494  0.00125739640357  0.00130963100479  0.00121460514092 0.000814276590771 0.000511427302154 0.000447981680693 0.000269753922512 0.000191863909818 3.72613167625e-06 7.83795412598e-06 7.21985479589e-06 7.96196247967e-06  1.0868004369e-05 1.30236489821e-05 1.42949597256e-05 1.39506705229e-05  1.6698405058e-05 1.71118281141e-05  1.7321233093e-05 1.78362915844e-05 1.79926322902e-05 1.81944581639e-05
1.47238816957e-05 0.000225792922666 0.000608049333621 0.000880376452031  0.00107846974073  0.00125182474664  0.00125864219271  0.00117370740607   0.0012321136452  0.00119738411985 0.000890343745125  0.00054590547371 0.000440916528929 0.000252581526459 0.000146970960298 2.95108629759e-05 1.71679549484e-05 1.63389109078e-05 1.58818698336e-05 1.19130659994e-05 1.12929666959e-05 1.26700272147e-05 1.25868865806e-05 1.29593506474e-05 1.35575674728e-05 1.38709322106e-05 1.42131224892e-05 1.43760376504e-05 1.44976888548e-05
1.33916903943e-05 0.000249718663862 0.000572138165306 0.000779277497017 0.000882727229151  0.00096527924785 0.000878666511604 0.000844382494035  0.00109062422127  0.00121429973427  0.00100322158939 0.000681408829833 0.000463687074027 0.000310169630705 0.000130217644915 5.79399184203e-05 3.85855518672e-05 3.89607551263e-05 3.62100669868e-05 2.92623144073e-05 2.68516650664e-05 2.24266832411e-05 2.19421407457e-05 1.81385819196e-05 1.84274051781e-05 1.79644051068e-05 1.67548698872e-05 1.69469708055e-05 1.65903401664e-05
 6.8256710368e-06 0.000204923392265 0.000517100678871 0.000720771652618 0.000831374507255 0.000913863094813 0.000823149797839 0.000792400453131  0.00106039807786  0.00120308241111  0.00102363852821 0.000703767587315 0.000481683876329 0.000324679182063 0.000143807072357 3.69912264854e-05 4.46687095514e-05 4.23369577533e-05 4.19600215544e-05 3.60035490937e-05 3.34666578867e-05 3.02944821585e-05 3.01960073294e-05 2.57658442471e-05 2.60864989944e-05  2.4895341064e-05 2.15774782702e-05  2.1213397957e-05 2.09282392682e-05
9.97006284393e-06 0.000207862971817 0.000518019887068 0.000684585995401 0.000716014007569 0.000747492066099   0.0006018964025 0.000615522821955  0.00105201205733   0.0012941405911  0.00117516670992 0.000885225592387 0.000520524094818 0.000374664158631 0.000147297839806  7.1966846396e-05 4.01984983679e-05 4.43325949013e-05 3.99031979742e-05  3.5335416716e-05 3.34122181951e-05  3.1646337358e-05 3.06959291071e-05 2.68642810619e-05 2.77034067801e-05 2.78379216545e-05 2.55125286943e-05   2.620480518e-05  2.5790810812e-05
 1.1069795448e-05 0.000200759916462 0.000469256686207 0.000509144883154  0.00035433333763 0.000251578799857 0.000254008269665 0.000564914347299  0.00107008299103  0.00132496144231  0.00115723086116 0.000744935784597 0.000598081974264 0.000473265039131 0.000173106803328 0.000115793905699 3.54164608394e-05 3.42097073339e-05  3.3222265035e-05 3.19497193725e-05 3.37948776134e-05 3.30055304853e-05   3.280316932e-05 3.20012593205e-05 3.32775225975e-05 3.24576161373e-05 2.92998247733e-05 2.92136077594e-05  2.8964438477e-05
1.31561778306e-05 0.000192282287347 0.000455289429439 0.000449883810256 0.000333761232872 0.000360119567177 0.000492814008432  0.00073582719302  0.00112339782391  0.00138487434441  0.00121900074144 0.000694428281202 0.000719089465739 0.000610585410477 0.000196365239508 0.000127030406886 2.88400206829e-05  2.8640144232e-05 2.99823805284e-05 3.11216735842e-05 2.95340413402e-05 3.13049955378e-05 3.09952785356e-05 3.20102227633e-05 3.24696849496e-05  3.4476923919e-05 3.38077399359e-05 3.36805933116e-05 3.39479194878e-05
1.83912869869e-05 0.000155387549753 0.000399146782556 0.000425125355003 0.000343616632837 0.000306852641921 0.000394733852137 0.000670711271248  0.00112722052567  0.00141054004685  0.00121881851093 0.000673527490853 0.000692540390469 0.000595755473937 0.000219792126512 0.000147284024059 2.69293238385e-05  2.4130846764e-05 2.53395637194e-05 2.91511809092e-05 3.07610932875e-05 2.99890487425e-05 2.92406538215e-05 2.90976337154e-05 2.96825894583e-05 3.08409545979e-05 3.00658023082e-05 2.96889211402e-05 3.00627446435e-05
1.43410570816e-05  0.00025054406863  0.00050189051292 0.000524740807588 0.000378781718862 0.000287494856207 0.000384864211493  0.00070594566526  0.00115833342211  0.00143243300956  0.00125800030382 0.000739605347287 0.000548713029378 0.000522457281756 0.000285424903483  0.00021076044431 6.87648177788e-05 3.85749620993e-05 2.50272665651e-05 2.57443252601e-05 2.68417731557e-05 2.65826859366e-05 2.63451223524e-05 2.62675309403e-05 2.65156648554e-05 2.78402985011e-05 2.59369639135e-05 2.67166642023e-05 2.65263606001e-05
5.05181565444e-06 0.000182760486702 0.000469065720259 0.000558153842445 0.000427673096509 0.000317869306074 0.000373185380905 0.000694378860266  0.00113447483233  0.00140705592069  0.00126597916703 0.000757683916619 0.000553012433706 0.000556635559303 0.000255300289733 0.000167155692644 1.32901081461e-05 9.80206492216e-06 9.91151271673e-06 1.74409800777e-05 1.95383716458e-05  2.1089286574e-05  2.1360101206e-05 2.39645698286e-05 2.34000426441e-05 2.53972140809e-05 2.49275049415e-05 2.52231590636e-05 2.55014948053e-05
 9.8547136815e-06 0.000158824653086 0.000424121178799 0.000530004951758 0.000494568952145 0.000400348097912 0.000387889007769 0.000647129245356  0.00113956005519  0.00144764037243  0.00131077265211 0.000757194098333 0.000503403427996 0.000540528711928 0.000321632683434 0.000223890751108 3.91945436522e-05  1.9307857221e-05 1.01081837769e-05 1.02229025134e-05 1.29527438333e-05 1.54992993942e-05 1.50664298969e-05 1.88384626444e-05 1.77653841042e-05 2.10936081982e-05 2.30854914269e-05 2.39180301742e-05 2.43711987675e-05
1.48092857314e-05 0.000192526705837 0.000438462958863 0.000561302327075 0.000553730251603 0.000498263928222 0.000508521505644 0.000734659576034  0.00125714411171  0.00160769470573  0.00149282783695 0.000905949737715 0.000496018935736 0.000709226474581 0.000542789806426 0.000276038585887 7.62264385221e-05 4.13570577532e-05 3.06268420293e-05 2.49326530111e-05 2.34289901203e-05  2.2209049772e-05 2.16448227349e-05 2.07747840255e-05  2.2357785878e-05 2.02239501748e-05 2.01469485581e-05 2.02099796932e-05 2.04529931856e-05
1.31379508099e-05 0.000216805797314 0.000548207027195 0.000718314371132 0.000670445016485 0.000642301177246 0.000682594501756  0.00086062109999  0.00136586915005   0.0017307692728   0.0016019004062 0.000968442375717 0.000505819255938 0.000739257728481 0.000567345187673 0.000303379250027 7.71795954217e-05 4.35089312665e-05 2.60813913789e-05 2.49433153971e-05 2.59692356751e-05 2.57223264434e-05 2.55714042351e-05 2.54343572426e-05 2.51515048466e-05 2.50350905412e-05 2.11575972627e-05  2.1609052372e-05 2.21134236236e-05
1.18718404748e-05 0.000230343306026 0.000528295709138 0.000735335524051 0.000825041265846  0.00086153047787 0.000950136354334  0.00109714095216  0.00153886054819  0.00187770563954  0.00171691869997  0.00102472433171 0.000461104620135 0.000731994170189 0.000561813540916 0.000316183928721 0.000123642624244 3.86497699059e-05  2.8200005639e-05 2.31381400137e-05 2.40485722086e-05 2.42331963624e-05 2.38422723451e-05 2.33242540799e-05 2.31752486186e-05 2.28987555439e-05 2.26862239092e-05 2.17565985796e-05 2.22782875135e-05
1.24685365449e-05   0.0002004872891 0.000519316976604 0.000774653291583  0.00090467291163  0.00100558664025  0.00115362543757  0.00130297248608  0.00170838310531  0.00202851701974  0.00185071043256   0.0011089784266 0.000457080112402 0.000777206677032 0.000650742315342 0.000260254925407 8.55020009281e-05 5.22716897415e-05 4.76923972847e-05 3.89324198662e-05 3.46355719673e-05 3.13599495439e-05 3.06157366409e-05 2.57009092528e-05 2.58323566711e-05  2.5074381905e-05 2.32449899736e-05 2.22072350729e-05 2.29106455796e-05
1.80460398847e-05 0.000138865629436 0.000507072099044 0.000806382536697 0.000931982273802  0.00105144681109  0.00122424175228  0.00140848918161  0.00187012899856  0.00226169898603  0.00217011311033  0.00140939300969 0.000590897121521 0.000816142164525 0.000783025626487 0.000169941880536  4.6116944364e-05 7.86649288327e-05 7.39570735894e-05  5.6316677097e-05 5.32622554136e-05 4.85981149238e-05 4.81868648747e-05  4.0358883876e-05 4.08184884158e-05 3.91073700893e-05 3.54858569119e-05  3.2273648246e-05 3.04165990303e-05
9.83916090076e-06 0.000238866800984 0.000581738214875 0.000873468856997  0.00103815754316  0.00119216710361  0.00142920251458   0.0016848725703  0.00214932680972  0.00250877295204  0.00233864864279   0.0015596102579  0.00061408324788 0.000886992306032 0.000827548249549 0.000161320454179   5.282593643e-05 7.64270489335e-05 7.59231578988e-05 7.13893358437e-05 6.21278072048e-05 5.53582630743e-05 5.54032788037e-05  4.4610624926e-05 4.48108020695e-05 4.36224794102e-05 4.00944810731e-05 4.11965556007e-05 4.23629739568e-05
5.04596817206e-06 0.000199728465399 0.000558497726809 0.000910932497793   0.0011446134792  0.00136016757671  0.00163788110575  0.00186849434012  0.00220221408585  0.00242865888519  0.00216413138074  0.00144667810244 0.000475167115059  0.00102152541757 0.000996239574229 0.000282875971208 0.000117043916792  6.9133520881e-05 6.48025716522e-05 6.24454028395e-05 5.92160915496e-05 5.63770797279e-05 5.58489478352e-05 4.99611935962e-05 4.95986241566e-05 4.99933847017e-05 4.82417033148e-05 4.97148921734e-05 5.14854505487e-05
7.17574846308e-06 0.000187515905625 0.000633818349952  0.00105364233386  0.00127357736464  0.00150576576403  0.00182839293959  0.00208988094231  0.00237586998675  0.00253512820964  0.00222222050509  0.00144511163135 0.000367516576779  0.00106873800764  0.00104340747596 0.000274731866209 0.000135573130986 6.59993103603e-05 6.29041113567e-05 6.45685936414e-05 6.35793574142e-05 6.20074828678e-05 6.09854048028e-05  5.8533733795e-05 6.02539282697e-05  5.9549552073e-05 5.84132532186e-05 5.77962624246e-05 5.86060680656e-05
1.22593441821e-05 0.000200856755302 0.000612851543555  0.00103676929751  0.00137747202098  0.00171652913115  0.00213150017903  0.00244024297038  0.00265444432276  0.00269410362493  0.00227262921869  0.00143911383752 0.000306273644851  0.00104938505827  0.00104510633405 0.000333921975156 0.000192542784965 8.62457280657e-05 3.06567733369e-05 3.31074159027e-05 3.91906800102e-05 4.16277746699e-05 4.24072701171e-05 5.14914880645e-05 5.24402519204e-05 5.47077133567e-05    5.39504541e-05 5.43232821609e-05 5.61736700747e-05
1.22633493358e-05  0.00016703211539 0.000626368679095  0.00113948565266  0.00153287374917  0.00192587575185  0.00240173796085  0.00277125942437  0.00295292168573  0.00290016819388  0.00240221642973  0.00150858613519 0.000320954853452 0.000958479488931  0.00094486886129 0.000397071233663 0.000260514187797 9.15489309125e-05 2.79081678943e-05 2.14165562277e-05 2.79771632811e-05 3.50439101868e-05 3.07263858849e-05 4.25781640316e-05 4.45679980777e-05 4.72753987347e-05 5.17028293635e-05 5.19897734295e-05 5.41714761305e-05
 1.2982879647e-05  0.00022006513423 0.000707486138689  0.00125097179517  0.00164899181517  0.00205346702227  0.00254389933681  0.00291617108153  0.00306152919792  0.00296179798508  0.00249078710367  0.00172423260165 0.000768064434949 0.000391492640145 0.000608213862149 0.000370390141828 0.000199178702024 9.60811693645e-05 1.70189504139e-05 1.57169675404e-05 2.21879240886e-05  2.6281563725e-05 2.63819114818e-05 3.18817195278e-05  3.0100404626e-05 2.99138277944e-05 3.25376946149e-05 3.32001215449e-05 3.33143611528e-05
1.36966691213e-05 0.000203620836964 0.000765663067293  0.00133501166827  0.00168499204943  0.00204348135701  0.00249525574219  0.00289487257405  0.00312348131372  0.00311480762527  0.00275078157526  0.00211588373067  0.00121099116111 0.000454023504385 0.000387115969028 0.000347865754759 6.87512988142e-05 2.88636862441e-05 7.98959534863e-05 6.38448263565e-05 5.34061359095e-05 4.94909267691e-05  4.9021051865e-05 4.03340523281e-05 3.97622067073e-05 3.91028985505e-05 3.52681525528e-05 3.34875874557e-05 3.45902173279e-05
1.74585007456e-05 0.000210513164484 0.000829487619526  0.00141581573017  0.00175581359014  0.00210907263103  0.00256840614463   0.0029672628456  0.00315964268228  0.00310005412473  0.00273517790493  0.00208274966546  0.00117049724857 0.000470196907719 0.000648989946445 0.000537181513155 9.46520887388e-05 5.12171459586e-05 5.42345502392e-05 5.93735341974e-05 5.87191974776e-05 5.50055954962e-05 5.47151342668e-05 4.86204864338e-05 4.84878587673e-05 4.98339032763e-05 4.69270286838e-05 4.52933436643e-05 4.72725547173e-05
1.05931444731e-05 0.000189853860991  0.00081417252189   0.0012978297137  0.00144922080575  0.00164508671692  0.00200896607736  0.00224208598747  0.00230887348459  0.00229045062878  0.00207520074781  0.00165162220451 0.000969760448699 0.000487514617373  0.00133076450869  0.00113398749045 0.000242032747149 6.62931228672e-05 5.08386786117e-05 4.91830269021e-05 4.81586073049e-05 4.87820436243e-05 4.75028288593e-05 4.91528845733e-05 4.87961156651e-05 4.97863673154e-05 5.11423916692e-05 5.10482117639e-05 5.19590136448e-05
2.08422267454e-05 0.000214540234806 0.000769012937611  0.00118056123521  0.00127191209447  0.00136785893772  0.00161762445603  0.00182288071751  0.00199945331887  0.00211294466677  0.00198711139862  0.00162169432415 0.000949261059696 0.000443148106524  0.00141875064439  0.00120480632743 0.000275264302548 0.000138650657189 4.93250449304e-05 2.38458436356e-05 2.41771099288e-05 3.00592766982e-05 3.03072804959e-05 3.99545121577e-05 4.03856217906e-05 4.30947378301e-05 4.49562303866e-05 4.42272514023e-05 4.57166459755e-05
3.99577811873e-06 0.000187188637734  0.00084685080278  0.00129126920867  0.00133801817762   0.0014152028452  0.00165079633846  0.00186057082763  0.00204242313538  0.00215185466804   0.0020137368225  0.00162952764988 0.000928547358459 0.000325532761507  0.00135629992492  0.00119430862554 0.000337648040619  0.00019288154222 7.36149336895e-05 2.64629394157e-05 1.12481659808e-05 2.38534966016e-06 1.22670138484e-06 1.51734508255e-05 1.52589127533e-05 1.81256502186e-05 2.29713084085e-05 2.41112576139e-05 2.48426267532e-05
1.07795723698e-05 0.000190422997138 0.000858504629062  0.00134221594757   0.0014471653296    0.001569877622  0.00182411672879  0.00205990469232  0.00224422838452   0.0023194827513  0.00213501085099  0.00171833380694 0.000997948015476 0.000160049241194   0.0012285942503  0.00111953875092 0.000416547786343 0.000229099155434 8.04138717988e-05 4.17737491388e-05 2.97327757526e-05 2.15924561453e-05 2.11708323046e-05 4.41154910802e-06 5.00714493812e-06  1.7943374185e-06 5.98101129212e-06 7.06247447699e-06 7.08444833315e-06
3.75473215347e-05 0.000228043547058 0.000902487233043  0.00133825986797  0.00157820977544  0.00178607289357  0.00209021246244   0.0023817675574  0.00255776691657  0.00255287327683  0.00226153776164  0.00178194896762  0.00104080004004 0.000130890531842  0.00110148089456  0.00103842386986 0.000429837613187 0.000223192667105 8.01845125099e-05 4.95039279491e-05 4.17513545153e-05 3.39390523531e-05 3.38179153084e-05 2.22328520949e-05 2.21140461672e-05 1.95904427685e-05 1.44515837198e-05 1.35905125528e-05 1.35902593082e-05
1.52599321696e-06 0.000318821801447  0.00100734128606  0.00139442048858  0.00163222877239  0.00188903372038  0.00225699170839  0.00263637304741  0.00282350158459  0.00274790897398  0.00238086386583  0.00184720175761  0.00109474253876 5.02986967241e-05 0.000914644382011 0.000853152536499 0.000452091766323 0.000235879144168 9.70023332108e-05 4.19604606818e-05 3.75207836079e-05 3.52444940859e-05 3.47040846274e-05  2.9355166527e-05 2.97528691064e-05 2.89227508291e-05 2.65034484286e-05 2.59907393123e-05 2.60473661616e-05
4.19634208852e-06 0.000325230714034 0.000945295334941  0.00133422435341   0.0016269320719  0.00193435782532  0.00234472800899  0.00277155472128  0.00295542320811  0.00282027832531  0.00238539713479  0.00183669803922  0.00112259855955 0.000101382040337 0.000922473750235 0.000963265868751 0.000510392661211 0.000252729585127 0.000141148296745 4.26247987897e-05 4.07525482398e-05 3.86797980608e-05 3.78933218427e-05 3.32598490976e-05 3.31580302719e-05 3.23204262672e-05 2.86623516004e-05 2.81931584338e-05 2.76841118069e-05
1.77356663771e-05 0.000310639641024 0.000915983928128  0.00132203590669  0.00162177101415  0.00191696026349  0.00231839728959  0.00275531515748  0.00297685161488  0.00279550192792  0.00228303890032  0.00174711991887  0.00110699182105 0.000172177048698 0.000557979793253 0.000653588291518 0.000468854194467 0.000215749316396 8.03945567032e-05 2.13212317091e-05 1.28144441529e-05 1.37298574719e-05 1.18595644949e-05 2.19962591405e-05 2.17219527472e-05 2.33111748279e-05 2.43292112613e-05 2.52146361225e-05 2.56531399174e-05
2.77568358875e-05 0.000249960451076 0.000873573601086  0.00123539809866  0.00140713119116  0.00158326991075  0.00185687150764  0.00216743943453  0.00225416236942   0.0018762960882  0.00135296405105   0.0010613394859 0.000792223078929  0.00042299396533 0.000490629906316 0.000763922770327 0.000622808809781  0.00020902836729 3.24723916544e-05 5.31407751469e-05 3.55075035937e-05 2.33830367986e-05 2.31004383313e-05 4.30847176755e-06 4.23234950926e-06 1.48324574687e-06 7.86839163795e-06 8.29361739745e-06 8.22772172824e-06
1.66714023027e-05 0.000268023926614 0.000730655619184 0.000906081200363  0.00088796993692 0.000830858564236  0.00090107818469  0.00107377093754  0.00103762180173 0.000803720364204 0.000769100679601 0.000875443103627 0.000771964065396 0.000503841312389 0.000696724719913  0.00130319287298  0.00099554865204 0.000204093141672 3.37405603957e-05 5.69132053829e-05 4.86378466631e-05 4.05945511143e-05 4.10733337693e-05  2.7063171277e-05 2.81397688032e-05 2.47010018923e-05 1.73768305335e-05 1.55676632273e-05 1.50916397573e-05
1.41494916382e-05 0.000227277568149 0.000695248505111 0.000819465059086  0.00070565526499 0.000574668018196 0.000564428909593 0.000666508028325 0.000608238253746 0.000546156971486 0.000739100258218 0.000904808968984 0.000801668607389 0.000508561320642 0.000652091315315  0.00129610493042  0.00100770928949 0.000232235801718 8.28176590995e-05  4.3211050817e-05 3.37603261117e-05 3.31959111403e-05 3.23341635505e-05 2.95642042337e-05 2.94179568148e-05 2.93185221987e-05 2.65612769845e-05  2.5953237422e-05 2.52827040736e-05
1.71028009028e-06 0.000222167718806 0.000680937732266 0.000836699685172 0.000768747762502 0.000679062962594 0.000698193073593 0.000809425682043 0.000783729051222 0.000659582860988 0.000726165913597 0.000863032989892 0.000769024024964 0.000470132276536 0.000648640595887   0.0013125119509  0.00106312322654 0.000316494923223 0.000150760371599 6.39894871444e-05 2.21223032617e-05 6.44972452975e-06 4.88923879887e-06 1.47864050584e-05 1.51695870215e-05 1.75369638335e-05 2.18863718668e-05  2.2458951849e-05 2.32719502148e-05
 1.5490380057e-06 0.000219010707819  0.00068180318071 0.000861211045577 0.000829204790817 0.000758461926482 0.000773343053624 0.000865379051123 0.000841746614207  0.00067152173261 0.000704688204262 0.000860005314214 0.000792412819289 0.000478394059691 0.000484396162268  0.00104486340234 0.000880614216719 0.000283746430068 0.000151265166608 4.45704274656e-05 1.84456157815e-05 1.21060632215e-05 1.22192792732e-05 1.45024359949e-06 1.67132316742e-06 3.29514509253e-07 4.01569015091e-06 5.60523375633e-06 5.85342572883e-06
1.49320116313e-07 0.000217837600613 0.000678163123886 0.000856253096749  0.00082272103252  0.00074062615987 0.000730073642536 0.000795087106545 0.000774590621703 0.000668325051779 0.000817004145497  0.00099668008769  0.00092902387043 0.000541026237606 0.000398937742277  0.00105394235669 0.000910300011662 0.000403044005542 0.000255871519431 9.25074062426e-05 3.57133456865e-05 2.68262331796e-05 2.63671952527e-05 1.57407123955e-05 1.59146145591e-05  1.4422176446e-05 1.06754002938e-05 9.95505751439e-06  1.0074066654e-05
2.99265439509e-05 0.000215398255456 0.000676433986763 0.000865317179902 0.000847166319086 0.000775441071486  0.00076841436158 0.000830969575085 0.000888589562598 0.000892210227348 0.000960787815908  0.00109156738701 0.000993332832469 0.000559233298225 0.000362898892271  0.00106836922475 0.000980569615977 0.000462081839664 0.000315796951333 0.000157004687339 4.24938232817e-05 3.17384519323e-05 3.20920818811e-05 2.53468051088e-05 2.48606080685e-05 2.47531746003e-05 2.17217023036e-05 2.09817292232e-05 2.11001284377e-05
2.65574185959e-05 0.000212651591287 0.000678356466931  0.00088807423203 0.000901019652021 0.000855667586656 0.000869765942145 0.000954767686398  0.00108274206569  0.00111684296784  0.00115109819056  0.00124617278693   0.0011212267988 0.000643962313246 0.000316014065094  0.00101516612275  0.00102466220534 0.000533645837984 0.000312774723163 0.000150111610029 5.27136512204e-05 4.41405797657e-05 4.42415049237e-05 3.82181524248e-05   3.768946727e-05   3.668985442e-05 3.30798394963e-05 3.22480959115e-05 3.21869255465e-05
1.16599605405e-05 0.000270317684152 0.000799738540284  0.00104692765084   0.0010336109903 0.000976761353922 0.000996139229414  0.00110261102251  0.00129261804566  0.00132149722001  0.00131979746257  0.00137845949403  0.00121652581471 0.000686542956003 0.000228117496888   0.0010162677599    0.001016435918 0.000587924409611 0.000378522271299  0.00018974225468 6.29218139039e-05 5.09334245142e-05  4.9717529489e-05 4.35543583001e-05  4.3532094292e-05 4.26475737014e-05  3.8395249841e-05 3.77950586219e-05 3.85023658625e-05
7.22441853687e-06 0.000231251437626 0.000720541101793 0.000969750056176  0.00106048156028   0.0010867690089  0.00116291047452  0.00130673507145  0.00151483872308  0.00157446334943  0.00150007236608  0.00149723245554  0.00132439428613 0.000781630271579 0.000194271773832 0.000975048892432  0.00106575564843 0.000620060916577 0.000340098321282 0.000144658314123 5.33101421599e-05 4.71509661973e-05 4.57115774411e-05 4.21574918804e-05 4.23118911603e-05 4.21853557736e-05 3.61140731922e-05 3.46069644087e-05 3.58155012298e-05
 1.0733317071e-05 0.000255147402464 0.000736382183838 0.000994110649829   0.0010819639029  0.00112226298135  0.00121672168626  0.00137271223236  0.00161626165373   0.0016733479142   0.0015766813171  0.00157563577354  0.00141693281435 0.000882312083829 0.000200021135546 0.000920107720494  0.00114216033389 0.000631062472056 0.000280829951648 0.000170398951449 7.12653400454e-05 5.18277724351e-05 5.20351621284e-05  4.6850691596e-05 4.60349929597e-05  4.6430794035e-05 4.20045840651e-05 4.11420709756e-05 4.23807886163e-05
1.07988058314e-05 0.000254633118618 0.000761076622801  0.00103759208746  0.00110175275131  0.00111195678468  0.00118456385938  0.00132673389523  0.00156138201598  0.00153382437817  0.00136920308157  0.00140520388748  0.00132928858589  0.00090443394853 0.000305306270094 0.000557601635989  0.00107494632126 0.000803028990786 0.000203570265876 5.14541790252e-05 4.02753352495e-05  1.5898805736e-05 1.67538427837e-05  1.2074400893e-05 1.29593506474e-05 1.79608944518e-05  2.9239560309e-05 3.15335365053e-05 3.25791356383e-05
9.30055962361e-06 0.000202838415741 0.000688400480001 0.000925913812011 0.000943246785794 0.000918161423733 0.000940607843277  0.00101597886135  0.00118649736057  0.00124108815189  0.00130060522079  0.00154818138105  0.00161386633776  0.00127775942271 0.000698515096776 0.000499892291969  0.00103444031678  0.00082165667781 0.000141056923171 1.82649680443e-05 6.01536168432e-05 4.69149893762e-05 4.95392975397e-05 2.25460822733e-05 2.18084234023e-05  1.7510379817e-05 3.82632108824e-06 2.19811068947e-06 3.24095973995e-06
1.62974239376e-05 0.000235720088093 0.000641296262324 0.000819329623684 0.000867751888762 0.000833954748671 0.000847758941271 0.000923308986947  0.00114193676148  0.00129128643242  0.00142907999269  0.00168880900369  0.00174718525887  0.00139138364098 0.000732618362442 0.000496574092178  0.00108937431872 0.000828536304446 7.96798747599e-05 2.58966329101e-05 5.01409713705e-05 5.27185795037e-05 4.98169776777e-05 3.65249346856e-05 3.83435804254e-05 3.55678232215e-05 2.79634454083e-05 2.58263949345e-05 2.63412745523e-05
3.72600416141e-05 0.000243143081427 0.000738707975626 0.000980575873812  0.00094861884859 0.000891478847827 0.000899488035547 0.000976657478078  0.00118366620391  0.00131724767459  0.00141036662115   0.0016296095962  0.00170696474118  0.00137816536862  0.00072809045371 0.000404004571065  0.00100665019848 0.000745229693536 0.000100431062544 5.20706732293e-05 3.56867177936e-05 2.99788285486e-05 2.91860193015e-05 3.25311734128e-05 3.23657371749e-05 3.30370841818e-05 3.04960373262e-05  3.0221274217e-05 3.15526273782e-05
3.70193130374e-05  0.00022048880161 0.000689042734051 0.000929557312612 0.000996868994828 0.000981384357193   0.0010126116844  0.00109395492237   0.0012769433363  0.00132336303876  0.00133163088085  0.00158402973218  0.00168668625357  0.00138223275695   0.0007463128521 0.000334213616703 0.000915785294784 0.000692239901852 0.000186716610091 0.000113694778953 5.47220318211e-05 1.08344629109e-05  1.0583517612e-05 1.93563044001e-05 1.85444756486e-05 2.09944617116e-05 2.32329126481e-05  2.3430767055e-05 2.52071982071e-05
2.63333328167e-05 0.000264921718668 0.000741012706572 0.000989599180964  0.00103664888089   0.0010180809355  0.00103452916478   0.0010791053549   0.0012029948768  0.00124758947651  0.00129977225053  0.00156491730582  0.00167357010444  0.00137973089319 0.000746377897138 0.000280350517566 0.000808449570107  0.00063830614136 0.000207092897826 0.000138044982438 5.78956488735e-05 1.84023216486e-05 1.37582188092e-05  1.6716632431e-05 1.64346770624e-05 1.75988202187e-05 2.05320482448e-05 2.09361314774e-05 2.01485741273e-05
 5.4856932675e-06 0.000237424862246  0.00069621516033 0.000949941125924  0.00101414005669  0.00100968915253  0.00103899572557  0.00110128614858  0.00122715337586  0.00124582807124   0.0012695837772  0.00152764239286  0.00165017002899  0.00137576996986 0.000750156208926 0.000254366242689 0.000727128100268 0.000568061037604 0.000216940173453 0.000155457728883 7.08998483258e-05 2.79213669031e-05  1.5834830965e-05 1.13122094294e-05 1.00807759678e-05 1.13860473762e-05  1.2702162706e-05 1.33412668437e-05 1.35251413806e-05
1.21318271285e-05 0.000177711413579 0.000595236074506 0.000820031422185 0.000947892324937 0.000981077100381  0.00104195004281  0.00113353630108  0.00126837838004  0.00126238609389  0.00124964572386  0.00149222471582  0.00161761923265  0.00135550612239 0.000732461792626 0.000198698598425 0.000567822275995 0.000457697649283 0.000159244367523  0.00011282247155  7.2319090449e-05 2.12064400041e-05 1.01400184765e-05 9.67322970224e-06 9.09903509009e-06 9.37997027895e-06 1.09492613034e-05 1.09102553503e-05 1.11467060376e-05
2.12369755669e-05 0.000206191630789 0.000655209369894 0.000893803276483  0.00096504421746 0.000993468488051  0.00107095698784  0.00118711329846  0.00131601021673  0.00124969355909  0.00117606210792  0.00139463403959  0.00154036080963  0.00131198540968 0.000746210984461 0.000255582138768 0.000368954651524  0.00036352243293 0.000204145046358 0.000119100130359 5.01530967758e-05 1.90568190727e-05 1.67682562023e-05 1.31542147395e-05 1.36993467028e-05 1.26976431022e-05 1.25174100125e-05 1.25175430532e-05 1.25768007382e-05
1.31469454407e-05 0.000230340844285 0.000703607092417 0.000961496169639  0.00103701141337  0.00101538424951  0.00105228566518  0.00115672292528  0.00126656407457   0.0010303891283 0.000701854895498 0.000901337908627  0.00112134010648  0.00103667676007 0.000663318510683 0.000318112104493 0.000572021530426 0.000584984502673 0.000337030771098 0.000182725242103 7.44231012188e-05 1.72606204923e-05   7.525086284e-06 1.22289881691e-05 1.18107566197e-05 1.27076767175e-05 1.34111775286e-05 1.33537020215e-05 1.33514736912e-05
1.06074613414e-05 0.000208690572118 0.000696915203057  0.00091990472094 0.000848987770299 0.000786554468876 0.000827659329445 0.000949129979055  0.00106052810912 0.000826733020911 0.000428513486789 0.000652499860852  0.00090189478473 0.000871596829721 0.000580713396962 0.000329590247252 0.000619083308603 0.000624676391898 0.000401759694315 0.000230384861011 9.95742581339e-05 3.00319878389e-05 1.94769531173e-05 8.49717730419e-06 8.64349558636e-06 6.49733347866e-06 1.96700972057e-06 1.14224957804e-06 1.20772969234e-06
5.05540443674e-05 0.000241971222127 0.000668918347013 0.000818964206221 0.000748025782267 0.000651624373879 0.000667612469494  0.00078263684676 0.000916244736432 0.000712925713286 0.000280706694981 0.000465317417969 0.000759123996878 0.000763432446527 0.000519125355022 0.000359835270601 0.000678758151901 0.000694611091514 0.000428845026893 0.000233442725727 0.000118265900803 7.20846864015e-05 2.85521247461e-05 1.93251975492e-05   2.060148992e-05 1.91346692239e-05 1.52954231882e-05 1.43964652118e-05 1.46648019802e-05
4.04087102401e-06 0.000205827294271 0.000643760147554 0.000783724862646  0.00067156634959  0.00055619699155 0.000597652527797 0.000758828450659 0.000941827843233 0.000744732485861 0.000215383864684 0.000329120221997 0.000661213529564 0.000697575833625 0.000506931383565 0.000408385599354 0.000752155379395 0.000911342518678 0.000585266507629 0.000285188352783 0.000141300659103 8.89222228044e-05 3.22865060612e-05 2.87571602709e-05 2.76997476612e-05 2.69939007806e-05 2.48537253304e-05 2.38421000528e-05 2.34330602861e-05
4.80611643864e-05 0.000158273093298 0.000567999895261 0.000693427466776 0.000621181706831 0.000518307345771 0.000536853145554 0.000643136143677 0.000759690220873 0.000579101459275 0.000152216471352  0.00045579467811 0.000772595753604 0.000782553953712 0.000529590134542 0.000357202112092 0.000834277947972  0.00101841636454 0.000636011883127 0.000261150371432 0.000126783667784 9.20742092559e-05 3.35664599324e-05   2.921600949e-05 2.92995481619e-05 2.84675092197e-05 2.68229676474e-05 2.62910541071e-05 2.64441331814e-05
2.59886269042e-05 0.000195886214107  0.00063075424016 0.000776677082349 0.000685075778661 0.000540060499393 0.000508323377179 0.000592018387121  0.00074297172596 0.000588236039621 0.000166629158193  0.00047154886396 0.000801994531384  0.00082822412608 0.000579874762542  0.00036932907937 0.000748758463462 0.000942467848299 0.000621464110455 0.000286715695592 0.000145018683655 9.90375114042e-05 4.05551621658e-05 3.49198308322e-05 3.46821701797e-05 3.46705417086e-05 3.33218519187e-05 3.33290745145e-05 3.34826969913e-05
2.68521086521e-05 0.000199724199405 0.000665828957958 0.000838304693051  0.00070924622562 0.000576855238958 0.000544219912881  0.00061861558853 0.000782616506469 0.000629104363836 0.000164788109392 0.000468950701175 0.000824781993226 0.000874730002363 0.000636323676895 0.000337865977981 0.000621826290224 0.000871120425321 0.000626951277843 0.000270717200357 0.000116943804195 7.12012735777e-05 2.42084185173e-05 2.69538405313e-05 2.46774746907e-05 2.62493714234e-05 2.98346441057e-05 3.02287381466e-05 3.01411891305e-05
1.30617043991e-05 0.000205771095193 0.000639218036916 0.000788523520954 0.000716761854221  0.00058492616615 0.000576906729977 0.000702304267574 0.000926668782569 0.000769332047802 0.000200803812257  0.00037975743341 0.000781663619474 0.000884278212021 0.000710193627464  0.00045423283126 0.000607991258094 0.000986577469174 0.000764942642468 0.000268202884446 0.000129521002621 2.21827477244e-05 3.99807413385e-05 1.57382858889e-05 1.62142163619e-05 1.18075977634e-05 1.84924551113e-06 6.75829677012e-07 9.03089050919e-07
1.33829529578e-05 0.000185981100492 0.000621404796829 0.000765253331855 0.000674357461324 0.000553968287462 0.000568083775878 0.000700903964305 0.000891827697247 0.000734628289516 0.000208169385652 0.000400021072557   0.0008012666843  0.00091401266819 0.000747035769495 0.000512879843878   0.0006946340937  0.00114711328334 0.000859934839219 0.000263728919973 0.000143452257273 4.16199794344e-05  3.8697691081e-05 3.07141669176e-05 3.07394739244e-05 2.96163868211e-05 2.40893528686e-05  2.2432914999e-05 2.29192260312e-05
1.16109185611e-05 0.000194652871242 0.000672092797179 0.000846036086693 0.000703088895117 0.000557425812044 0.000543057412429 0.000643904272775  0.00081760980646 0.000639720640123 8.42462447976e-05 0.000479210157272 0.000886346820701 0.000994727582808 0.000785163341146 0.000433059363531 0.000600598553648  0.00110342953658  0.00082422859338 0.000215974373538 0.000136615032427 5.88450587555e-05 3.69225741607e-05 3.20827253591e-05  3.2256908161e-05 3.05039690498e-05 2.80897283551e-05 2.69830694308e-05 2.76912532757e-05
2.86356747851e-05 0.000162859320313 0.000586181335443  0.00074098930548 0.000694555425943 0.000596997828672 0.000581625639179 0.000659480024458 0.000826959522841 0.000670609745351 0.000162235755385 0.000489010144992 0.000919559195387  0.00103461054014 0.000833734659507 0.000467495953348 0.000554786751753   0.0011187505985 0.000873043247844 0.000291041611869 0.000177660736352 6.24335335988e-05 2.16190425688e-05 2.85194054117e-05  2.9531740663e-05 2.94562753305e-05 2.89420639558e-05 2.76352871518e-05 2.98177001439e-05
3.08935581397e-05 0.000165623111361  0.00061706555166 0.000783386950304 0.000729679537509 0.000611435646459 0.000566954676483 0.000598855159485 0.000705027126148 0.000560435754154  0.00023562612475 0.000657204976169  0.00108638353598  0.00120115265264 0.000971211891571  0.00050155908287 0.000443911991595  0.00105692772977 0.000800995129376 0.000225160823646 0.000140542971288 5.89416523953e-05 3.41992756906e-05 2.45977096948e-05 2.25211370504e-05  2.4131458669e-05 2.70677449985e-05 2.75685657962e-05 2.88891975288e-05
2.89674660698e-05 0.000187871685026 0.000659534112668 0.000841838587388 0.000752086906841 0.000629031747156 0.000563505198412 0.000561989222855 0.000640885452715 0.000580305583547 0.000390753542535 0.000707143754424  0.00110775916591  0.00120898570269 0.000959365211688 0.000450101782548   0.0004254062331  0.00109282829757 0.000829463867263 0.000253987082897 0.000169736986545 7.83130245072e-05 5.25475125818e-05 1.69522688712e-05 1.00633489252e-05 1.06184235982e-05 1.55730252649e-05 1.65173709027e-05 1.68133704956e-05
2.11732858288e-05 0.000143980549806 0.000573473012847 0.000775058240439 0.000797529728571 0.000720506977595 0.000673244558482 0.000651476468767 0.000696621331645 0.000724720134769 0.000607675568547   0.0007758874151  0.00110932769051  0.00118086995666 0.000911292386786 0.000342189173244 0.000440050031479  0.00109272303592 0.000851112681945 0.000294695406871 0.000189710787247 7.96074878756e-05 5.35489606394e-05 1.17212965975e-05 7.03247984779e-06 4.16361482852e-06 6.42659977706e-06 7.58672541276e-06 7.70446235278e-06
1.76806877124e-05 0.000179999007604 0.000675011464134 0.000894168075533 0.000857224996476   0.0007855222439  0.00076156801393 0.000777033807137 0.000849127031906 0.000941801353151 0.000815773060962 0.000818529811076  0.00106683967532  0.00110182547743 0.000812920733393 0.000216906575747 0.000501906994066  0.00108124037623 0.000848445410279 0.000324548230237 0.000186997802852 8.22549839362e-05 5.21175449373e-05 1.11258698268e-05 6.60686299631e-06 3.18550442553e-06 3.40350481039e-06  3.4755501079e-06 3.52688797212e-06
1.31386236733e-05 0.000168378601222 0.000623952899914 0.000873570911758 0.000960001571994 0.000947747925977 0.000962730724718 0.000999468081138  0.00108551608904  0.00121837746326  0.00108776240957 0.000961128272844  0.00110014634681  0.00108456186512 0.000760909463519 0.000133544925158 0.000557515341479 0.000954093389506 0.000740856298943 0.000329894895448 0.000191514204178 0.000101701203424 5.78918261992e-05 9.64704060379e-06  5.5569944552e-06 3.16592695214e-06 2.19163612257e-06 1.91687091957e-06 1.97258958141e-06
5.27190102868e-05 0.000138981177945 0.000599166472058  0.00085680197737 0.000960229087613  0.00098220077534  0.00102976326444  0.00108550910329  0.00116803944114  0.00128430808012  0.00111922076461   0.0010542834195  0.00132582661151  0.00140482738562  0.00115268045372 0.000661067155445 0.000275518676034 0.000483579584049 0.000508679525209 0.000290688608771 0.000106338097195 3.71825849258e-05  7.0569029933e-06 2.06665749141e-05 2.09639849447e-05 1.90470417179e-05 1.16355171161e-05 9.33497987636e-06 1.06467310775e-05
5.16570080489e-05 0.000181253856749 0.000649594677207 0.000899710570516 0.000943923523015  0.00092899314937 0.000947082284118 0.000977221369474   0.0010304566122  0.00114940442981  0.00109602516052  0.00125604398865   0.0016020433603  0.00170274226911  0.00143283646294 0.000814146992643 0.000270793585532 0.000449425708356 0.000555501968253 0.000287497507287  6.3611044722e-05 1.08988732712e-05  1.5675780891e-05 3.96494807349e-05 3.96357887073e-05  3.7788196041e-05 3.32691241838e-05  3.1703452257e-05 3.16660158601e-05
