 0.00304967107084  0.00340705138412  0.00372210387099 0.000564142629586  0.00389218326841  0.00392040355739 2.11052340872e-06  0.00394688156143  0.00395425634015 3.75515228983e-07  0.00396492982593  0.00396945747695 4.98470111503e-07  0.00397636646665  0.00397858746092 3.45247494241e-07  0.00398359125401  0.00398443969596 1.45913531545e-06  0.00398717601756  0.00398807690944 9.98776176363e-07  0.00398962380787  0.00399049328181 1.65321177949e-06  0.00399146168274  0.00399180022914  1.0809573471e-06  0.00399259777905
 0.00247694240692  0.00289945084216  0.00356375163241 0.000556585410996  0.00389783038492  0.00392263688554 3.50689352964e-06  0.00394779115942  0.00395555457369 3.57742840148e-07  0.00396590133905   0.0039704840096 1.36903367666e-06  0.00397708696421   0.0039791394412 1.91660678981e-06  0.00398405274232  0.00398497484634 9.34781368742e-07  0.00398761636122  0.00398868495873 1.85896465922e-06  0.00398991741944  0.00399087753507 1.14430078774e-06  0.00399156098933  0.00399224830314 1.87276073189e-06  0.00399262020676
 0.00204911613933  0.00252347858231  0.00344216865783 0.000528100976697  0.00390244714997  0.00392465996651 3.17499578294e-06  0.00394895667054  0.00395616370984  3.4417159827e-07  0.00396623258551  0.00397054571152 3.37067123087e-07  0.00397725171502  0.00397938280083 4.86290796101e-07  0.00398426082821  0.00398505278471 1.57992032568e-06  0.00398770306666  0.00398869058378 1.03871790116e-06  0.00399006351724  0.00399090729311 1.73636306743e-06  0.00399183593317  0.00399209435144  1.1174941449e-06  0.00399298312991
 0.00172266628395  0.00211566637339  0.00323528447577 0.000526632978614  0.00391085540193  0.00392793209298 2.70243869072e-06  0.00395043993445  0.00395698710956 3.60491499062e-07  0.00396674030969  0.00397084867827 1.28429504806e-06  0.00397731940424  0.00397934283416 1.79474711564e-06  0.00398402117792   0.0039849659891 9.85880224101e-07  0.00398754939014  0.00398859703756 1.85716961714e-06  0.00398980648759   0.0039907525182 1.45205145014e-06  0.00399142437073  0.00399222207744 1.87719728735e-06  0.00399253299961
 0.00210286147631  0.00258839448197  0.00270173005289 0.000716956123862  0.00392170461957  0.00393732951321 6.65750579614e-05   0.0039537200166  0.00396012198573 4.83351062908e-06  0.00396846572377  0.00397258636932 3.36390169521e-07  0.00397823867536  0.00398015602338  4.6259933829e-07  0.00398466347515   0.0039854088394 1.33948221732e-06   0.0039878936715  0.00398882064956   8.864049526e-07  0.00399004904688  0.00399091165333 1.67271218596e-06  0.00399161391814  0.00399209084917 1.00408113829e-06  0.00399282788182
 0.00210884480079  0.00460552098889  0.00391520955006  0.00123845933434  0.00419430465131   0.0039039727352 0.000194194990852  0.00391552484188   0.0039221439513 4.80127042414e-05  0.00394112171883  0.00394326054147 1.71186309427e-06  0.00395329392382  0.00395670093351 3.69565414818e-07  0.00396386153604  0.00396579027607 6.79601291004e-07  0.00397015513469  0.00397197792545 1.86015257842e-06  0.00397455530669  0.00397609909259 1.18354063406e-06   0.0039780270686  0.00397894834824 1.90307470411e-06  0.00398030378847
 0.00624627824159  0.00653599436309  0.00408872952608  0.00109896239134  0.00435147068061  0.00402772648193  0.00030220039752  0.00395854921915  0.00395894525054 0.000145601374624   0.0039598357447  0.00396391606703 2.61626475075e-05  0.00396929052404  0.00397033064898 1.15550507279e-06  0.00397624594499  0.00397726961125 1.09765069131e-06  0.00398034147902  0.00398148602021  8.2314448022e-07  0.00398333228051  0.00398436172053 1.59863022724e-06  0.00398548146743  0.00398614813045 1.16384208059e-06  0.00398723493381
 0.00562797208582  0.00724479964839  0.00393828413272  0.00081854872152  0.00435524360419  0.00402390778187 0.000220136835371  0.00393490514799   0.0039383553945 0.000161176607362  0.00394684161627  0.00394825114483 7.39441028316e-05  0.00395163409651  0.00395513470541 3.65578475772e-05  0.00396217705025    0.003963830678 2.97055043194e-06  0.00396863755355  0.00397032017412 1.38004393006e-06  0.00397305856976  0.00397467506317  1.2829302519e-06    0.003976725978   0.0039777595089 1.82863607876e-06   0.0039791516685
 0.00521121671235  0.00725708227864  0.00389209536788 0.000649557978275   0.0044538314455  0.00404794144112 7.09443422997e-05  0.00392381582068  0.00392885935851 0.000106219975135   0.0039378240718  0.00393906452911 7.71620339822e-05  0.00394517133837  0.00394833758579 5.14357712475e-05  0.00395421830445  0.00395716470047 1.46438927905e-05  0.00396186036347  0.00396406381172 9.44075575596e-07  0.00396768157292   0.0039694426444 1.29533208299e-06  0.00397184486268   0.0039730727993 1.10452979787e-06  0.00397515886247
 0.00465489600598  0.00443511371477  0.00404190611309 0.000554655616922  0.00439809603395  0.00409848265278 7.85366481794e-05  0.00392731874606  0.00393463954296 1.19360990862e-05   0.0039424789691  0.00394384846567 3.62587581851e-05  0.00394810381264  0.00395085124526 3.04449303816e-05  0.00395443810082  0.00395745423778 1.09302442022e-05  0.00396277673668   0.0039650771155 1.09315432152e-06  0.00396833449319  0.00397005752901 5.87745801995e-07  0.00397254089069  0.00397375712824 1.56628076309e-06  0.00397541845318
  0.0046766609579  0.00485337885329  0.00393370610503 0.000396326830736  0.00442044021231  0.00420465046293 0.000359256679729  0.00397530742153  0.00397211811462 9.34901928977e-05  0.00397365258309  0.00397182010867  4.9288939699e-06  0.00397206459325  0.00397305830392 1.81396978732e-06  0.00397417010799   0.0039756825813 6.37706870592e-06  0.00397848801416  0.00397993157807  4.7883918592e-07  0.00398200232832  0.00398311291998 1.12465538787e-06  0.00398445490098  0.00398526636937 8.58590101709e-07  0.00398651202827
   0.004699719317  0.00786105008117  0.00354315346188 0.000482399194355  0.00457262838146  0.00419558146055 0.000444555795141  0.00396619523872  0.00396823111197 0.000211857676276  0.00397067103881  0.00397179498529 4.80430524185e-05   0.0039706361827  0.00397290205202 3.57031100664e-06  0.00397301290048  0.00397484684812 1.24554945567e-06  0.00397766465705  0.00397894463447 1.29820948991e-07  0.00398102990963  0.00398221336978 7.90949422183e-07   0.0039837500621  0.00398459972997 1.75887907875e-06  0.00398544561251
 0.00438891955992  0.00521633290192  0.00360276313508 0.000478306818644  0.00425246580147  0.00418710139171  0.00060817591666  0.00392732021826  0.00393040726082 0.000308884021111  0.00394449979779  0.00394801604118 0.000118614303387  0.00395229355771  0.00395421346157  6.1523713566e-05  0.00395849970751  0.00396096277358 1.23443179426e-05  0.00396517254268  0.00396718681915 1.32773143552e-06  0.00397040251723   0.0039719788752 1.19106383575e-06   0.0039743417396  0.00397542648574 9.35848729255e-07   0.0039773240981
 0.00429946085645  0.00428657977949  0.00161943053346  0.00120012694877  0.00415829148256  0.00416169620448 0.000934162153412  0.00392689681419  0.00391273980742  0.00048828984472  0.00392937334933  0.00393214579875 0.000207662600896   0.0039376313319  0.00394068273896 0.000122806387123  0.00394688579765  0.00395025242159 3.53181808772e-05  0.00395548928542  0.00395783380441 2.15163758764e-06  0.00396184816167    0.003963866604 1.30023559888e-06  0.00396680858417  0.00396818171651 1.81870685987e-06  0.00397036549411
 0.00420460161028  0.00671334456749  0.00170999104536  0.00136928205378  0.00503901551923  0.00422362264395  0.00120007736782  0.00394291292265  0.00390920291156 0.000695713779008  0.00392822632989   0.0039295125955 0.000347495134452  0.00393221839044  0.00393613102102 0.000227690538949   0.0039406758163  0.00394381348194 9.51172767305e-05  0.00395021810626  0.00395311846212 2.34616216743e-05  0.00395744955522  0.00395960873241 7.77107664089e-06  0.00396277424741  0.00396434809463 1.58888260256e-06  0.00396726691978
 0.00412922560892  0.00937585248239  0.00185411687265  0.00110077198528  0.00493500318204  0.00504461108032  0.00121953116082  0.00393325071067  0.00388320646041 0.000837812129717  0.00391812435458  0.00392669663548 0.000499486947272  0.00393133829352  0.00393551604862 0.000355482746634  0.00393707390706   0.0039410525534 0.000177025836043  0.00394703367377  0.00395058703621 5.19298320563e-05  0.00395447255565  0.00395681798607 1.44266297804e-05  0.00396056991554  0.00396188589299 4.62506474114e-06  0.00396464948142
 0.00406880403152   0.0117403062169  0.00163562226126  0.00165144379554  0.00459989647624  0.00510544922843  0.00159281242484  0.00402465384024   0.0038949972757 0.000980743781294  0.00391077174323   0.0039169563151 0.000619532616919  0.00392879233068  0.00393410169493 0.000471950230405  0.00393631859106  0.00394070605196 0.000274540238376  0.00394616946366  0.00394837614712 0.000101692708578  0.00395316843311  0.00395586905162 4.86944213616e-05  0.00395889152206  0.00396102634367 9.16456818506e-06   0.0039643615588
  0.0041156985125   0.0144681870655  0.00136058688839   0.0014343126831  0.00443339261179  0.00511027506335  0.00184222203685  0.00420119912942  0.00394964361315  0.00116754337857  0.00391733141332  0.00392747022968 0.000771880229048  0.00393141898009  0.00393706637109 0.000602009744307  0.00393572080857  0.00394076291161 0.000374676275054  0.00394543582549  0.00394728269947 0.000168443607083  0.00395259599362  0.00395484397709 9.12649449091e-05  0.00395820205363   0.0039620279001 3.47419854347e-05  0.00396300816353
  0.0040016816841   0.0174908056143  0.00135592810157  0.00228792082757   0.0037682449154  0.00484624444241  0.00211602795897   0.0043577059099  0.00402634043236  0.00133035092397   0.0039043093129  0.00391504663009 0.000918269414838  0.00392424293921  0.00393049999244 0.000741482279987   0.0039284995591  0.00393504964302  0.00049185936082  0.00393839898482  0.00394024668413 0.000247716971576  0.00394569182786  0.00394769204412 0.000153542944961  0.00395283151259  0.00395320025113 8.78608300464e-05  0.00396002313752
 0.00399956000968   0.0212517831101   0.0012469934527  0.00195273528302  0.00375521865763  0.00462410174881  0.00225551245451  0.00448956846666  0.00415049439451  0.00151499353283  0.00390496126341  0.00391844253497  0.00108385139537  0.00392566414338  0.00393503108572 0.000893593134218  0.00392609722321  0.00393339053319 0.000621320988807  0.00393565809829  0.00393734427566 0.000350117730479  0.00394286186108  0.00394411455588 0.000244737261034  0.00394918446997  0.00395117458194 0.000171499114157  0.00395376352867
 0.00397121142913   0.0255287239516  0.00129480665873  0.00118483374162  0.00348868981717   0.0044792831617   0.0023739738173   0.0045486669361  0.00426113745066  0.00168056058623  0.00391605814701  0.00389762050537  0.00124932649788  0.00392819689753  0.00393683654932   0.0010535718895  0.00392597802221  0.00393511548769 0.000767233164179  0.00393494382517  0.00393573184095 0.000474095427322   0.0039414191577  0.00394119827778 0.000358760740295  0.00394673044967  0.00394748532969 0.000276627462871  0.00395300580309
 0.00404235068549   0.0299338040349  0.00115726514044  0.00149086227147  0.00305554662109  0.00405218652468  0.00245710951081    0.004545454561  0.00433500720182  0.00182373743668  0.00393436451288  0.00390768996073  0.00140119240435  0.00392816108895  0.00394093750177  0.00120723252795   0.0039279247175  0.00393989672009 0.000919344368921  0.00393869363025  0.00393901595612 0.000618577120697  0.00394474989163  0.00394262560348 0.000498414445372  0.00394890876945  0.00394928914785 0.000411275368127  0.00395213565702
 0.00405720422952    0.035099214639  0.00114289816686   0.0016659036117  0.00273732912519  0.00375938557614  0.00249721917084  0.00450326444013  0.00438229394599  0.00198298722124  0.00397460255568  0.00390278511113  0.00155318268097  0.00392202089449  0.00393749514851  0.00136435036737  0.00392819926692  0.00394066070846  0.00108051526913  0.00394093127747  0.00394103490697 0.000778556049996  0.00394772731038  0.00394382177625 0.000656307067002  0.00395114321287  0.00395096708775 0.000567615476714  0.00395662961331
   0.014393438515   0.0401529463365  0.00102690144763   0.0020871680451  0.00266053052998  0.00330652257523  0.00249594887344   0.0043346537791  0.00436118389929  0.00211067132037  0.00401606372231   0.0039081734933  0.00169968906179  0.00391183259533  0.00393285599062  0.00152325631531  0.00393017274986  0.00394443874009  0.00124860232766  0.00394655044504  0.00394642366107 0.000952244041436  0.00395477266414  0.00394936284409 0.000831783080348  0.00395818746519  0.00395766366108 0.000745117920748  0.00396482316634
  0.0112708160263   0.0167283681709  0.00188280593274  0.00296542413198   0.0025594478245  0.00302793571285  0.00253626017925  0.00426955281233  0.00440073343498  0.00224407170917  0.00413566927167  0.00399385860101  0.00184822198894  0.00395642803327  0.00397694321692  0.00167847482047  0.00397901968718  0.00399487021037  0.00141835404378  0.00399090497943  0.00399350158686  0.00113809136031   0.0040002877955  0.00399302425789   0.0010236503391   0.0039979550642  0.00399370403678 0.000937044776316  0.00400487722479
0.00879443728755 0.00710155827364 0.00119485887849 0.00186892762384 0.00217280172031 0.00347286489643 0.00200328807878 0.00401183064504 0.00422317986858 0.00210676922297 0.00412052195688 0.00402016326006 0.00193372107623 0.00397678263434 0.00400231005518 0.00181412713709 0.00404131217155 0.00405692187238 0.00159394910568 0.00405568320274 0.00405303940903 0.00132846957344 0.00405579275773 0.00405045496861 0.00122129928536 0.00405693062166 0.00405147652166 0.00114185303912 0.00405824086512
0.00697157725981 0.00229979083059 0.00122405986047 0.00192713050509 0.00272000504894 0.00413390332049 0.00176561339166 0.00400097898587 0.00407458804169 0.00189134951384 0.00405733152179  0.0039937391126 0.00189788924735 0.00398047248403 0.00399581952155 0.00185439084726 0.00408775286415 0.00409705563111 0.00172233727103 0.00411583753075 0.00411472387991 0.00151956367613 0.00412226634863  0.0041142359814 0.00142657762286 0.00412036596905 0.00411789961447 0.00135517182516 0.00411702635923
 0.00552035257157 0.000342893218227  0.00125695623918   0.0010719812849  0.00242265811274  0.00364822678999  0.00222451173939  0.00436769051369  0.00424856022532   0.0019769392683  0.00415160721637  0.00404728305834   0.0018605756097  0.00396535564231  0.00400490282171  0.00184572224966  0.00411016922106  0.00411969285575  0.00179577154069  0.00415994999808  0.00416843605851    0.001681328309   0.0041783262459  0.00417993070354  0.00161898138225  0.00418595271438  0.00418614510931  0.00156891381006   0.0041906424793
 0.00436395113607 0.000745649850354 0.000740844391584  0.00115885447226  0.00383398471712  0.00443955037085  0.00200806074352  0.00442917030723  0.00435581422781  0.00203803561867    0.004229697747  0.00414883226957  0.00195205298519  0.00402757839973  0.00404679875141  0.00192666318703  0.00414303132024  0.00415321974198  0.00188410384669  0.00419690484342   0.0042138075792  0.00182354489584  0.00422610210044  0.00423766187567   0.0017911791992  0.00424827142948  0.00425367795265  0.00176543015561  0.00425847794321
 0.00345504014618 0.000805316251426  0.00074500747336  0.00101398362474   0.0040188170401  0.00409494607129  0.00249325509415  0.00459649616813  0.00453053856695  0.00219965566772  0.00435395225848  0.00424711367755   0.0020411287702  0.00408815084005  0.00408551278938  0.00201926063469  0.00416689031712  0.00419234673579   0.0019968758057  0.00424200631314  0.00425838344836   0.0019646886725  0.00427873037021  0.00429695095471  0.00195056299224  0.00430638149458  0.00431506007834  0.00193995249048  0.00431988541431
 0.00274019364886 0.000802583039091  0.00117569956637  0.00119977881922  0.00496887448441  0.00560502423567   0.0024684589366  0.00458512267506  0.00460545986583  0.00233785321191  0.00446619038607  0.00437525024007  0.00219893413805  0.00418562441998  0.00415703699697  0.00215555383402  0.00423965391399  0.00423908298158  0.00211751540715  0.00429004265129  0.00430750909564  0.00210273450119  0.00432926253873  0.00435406580842  0.00210016971465  0.00436168966445  0.00437375710358  0.00210016974691  0.00437980031013
0.00210908200849 0.00055019170132 0.00127229798397 0.00073423905112 0.00504773742409 0.00576028504403 0.00275258830828 0.00482550653388 0.00472087935268 0.00253674284864 0.00460529894534 0.00450521773482 0.00235459907472 0.00428594667875 0.00423561177593 0.00230432219633  0.0043026791756 0.00430009143424 0.00226259468649 0.00434709502881 0.00436598000524 0.00224638030929 0.00438426274251 0.00440777793615 0.00224602284886 0.00441782026757 0.00443018632874 0.00224918131173 0.00443644359393
 0.00171390504336 0.000526209799486  0.00127921721097  0.00173370931308  0.00447574688994  0.00512480180252    0.003003172889  0.00506340852042   0.0048551685896  0.00273483891285  0.00472901255606  0.00463498542149  0.00253675186977  0.00440749227555  0.00433692866116  0.00247598088511   0.0043732931031  0.00437257731535  0.00242066429655  0.00440805683126  0.00442618728366    0.002391815364  0.00443932255748  0.00446604409078  0.00239074241336  0.00447352994907  0.00448615930204  0.00239360336302  0.00449284302948
0.00262081294462 0.00164660981642 0.00375723437725 0.00202850216078 0.00481587854363 0.00576760090837 0.00312663685866 0.00515975733095  0.0049686269222 0.00291308050026 0.00482629236495 0.00475915148147 0.00273607914886 0.00454319498434 0.00445349005165 0.00266433033039  0.0044531642465 0.00445174388007 0.00259399470282 0.00448125140382 0.00449485426652 0.00255477448174 0.00450854583866  0.0045273932317 0.00254603827018 0.00451896662798 0.00454712996501 0.00254249574032 0.00455367238102
  0.0019483659093  0.00222816363014 0.000762390614004  0.00237963356753  0.00353196971129   0.0045394300346  0.00348171410232  0.00502956280824  0.00494242368981  0.00312788923804  0.00483349850758    0.004782783823  0.00293414465747  0.00459983438587  0.00450294221802  0.00285673477444  0.00447984243934  0.00447288050431  0.00277425755555  0.00450742695414  0.00451820942747  0.00271451491797  0.00453718225561  0.00455250616911    0.002697531418  0.00456309258477  0.00456813009711  0.00268638134757  0.00458091950359
 0.00244924244008  0.00163487253124 0.000445469588222  0.00119173586383  0.00293019918019   0.0039311848623  0.00400181817866  0.00496403426748  0.00501454308768  0.00331107053652  0.00494926028296  0.00490895549152   0.0031282943583  0.00474717162348   0.0046474367263  0.00304858939475  0.00458918965009  0.00459279301101  0.00295734511636   0.0046042134354   0.0046126800871   0.0028835539779  0.00462639295799  0.00463406957628  0.00285857936251  0.00464816693494  0.00464972550775  0.00284284528958  0.00466006963707
 0.00221091689854  0.00226091537269 0.000962034812776  0.00107963378704  0.00199728435168  0.00392703066669   0.0036426677418  0.00453468307472  0.00472989546804  0.00334767701225  0.00484206454099  0.00486815865351  0.00328970183085  0.00479616379418  0.00471189935368  0.00323167849787  0.00464845718274   0.0046544478567  0.00314641109141  0.00466675411826  0.00467346697413  0.00305795673384  0.00468335157905  0.00469175733304  0.00302857357971  0.00470269552237  0.00470617005082  0.00300598148481  0.00471720516138
 0.00257203324575 0.000769799743487  0.00116328502868  0.00111389022085  0.00248605813314  0.00604846992006  0.00250384316911  0.00543578142296   0.0044567611732  0.00306602558636  0.00460046808938  0.00474390336223  0.00332344548326  0.00482176999616  0.00476529760448  0.00333998886771  0.00474703613732  0.00475120659544  0.00330722360698  0.00477081239544  0.00477911079073  0.00323927414504  0.00477433084671  0.00477775860089   0.0032067311654  0.00480336099069  0.00480523584631  0.00318056409743  0.00481655250148
 0.00188745157011  0.00130354539883 0.000664735826569  0.00105331893324  0.00184757899647  0.00555240721396  0.00259458911945  0.00531483008436   0.0046003966087  0.00299201368966  0.00440782436224  0.00453435314126  0.00323669426007  0.00467725891548  0.00465483039481  0.00332226869016  0.00471975612131   0.0047238288822  0.00339615390104  0.00480376418068   0.0048204941689  0.00339138520182  0.00484735343316  0.00484539073324  0.00337428566022  0.00487526856721  0.00488168334251  0.00335818533632  0.00489387623321
 0.00145198394441 0.000891609152496  0.00124220094887  0.00145292556441  0.00198676817005  0.00634619618434   0.0024473302423  0.00563124941899  0.00483671275235  0.00300804726172  0.00441372741556  0.00451656986451   0.0032357328928  0.00465802446897  0.00464282141225  0.00332787017245  0.00474425432251  0.00474996245553  0.00343453920377  0.00483890123811  0.00487118570423   0.0035032034423  0.00490644593396  0.00494573250217  0.00351695582163   0.0049419777086  0.00497472527245  0.00352156164325  0.00498876231449
 0.00294775302954 0.000341082570417  0.00218627218189  0.00164783345937  0.00262244814141  0.00634320411728  0.00253683094836  0.00611059349388  0.00514395542267    0.003092498497  0.00449518789433  0.00452164797571   0.0032574559045  0.00464396334012  0.00463686339115  0.00335081463646  0.00475990582636  0.00475638453283  0.00348222555282  0.00485582659002  0.00489294892024  0.00359571230985  0.00494962118836  0.00500250901267  0.00363053239641   0.0050234079302  0.00504148785043  0.00365167963965  0.00505915413172
0.00168099960752 0.00113339806087 0.00138814571984 0.00102509043906 0.00255788684336 0.00675588244769  0.0030616572488 0.00531430735833  0.0052009650534 0.00322206474754 0.00452992497034 0.00449928608549  0.0033253264464 0.00459697514671 0.00460244255834 0.00340490964348 0.00473499450273 0.00473834304455 0.00353884907088 0.00485729602471 0.00489034709928 0.00367506018341 0.00495453226374 0.00502026082369 0.00372589516384 0.00504585924318  0.0050755026004 0.00376123589929  0.0050999714406
 0.00261777615021 0.000919966177838  0.00120770691551  0.00159029872383   0.0023507354391  0.00520021814764  0.00322265475984  0.00547367356575  0.00537900030188  0.00357210804191  0.00485754889617   0.0047339826935  0.00351475603607  0.00471559348164  0.00471096546319  0.00353339512625  0.00478305283147  0.00478075894243  0.00361669630175  0.00488900797361   0.0049390504206   0.0037429344488  0.00498328311423  0.00505548053379  0.00380242436255  0.00508248639304  0.00511728702568  0.00384855309544  0.00513766377201
  0.0020630219732  0.00179273673912 0.000891912283287  0.00124894748249  0.00184857690032  0.00508552133783  0.00370847727915  0.00526595392406  0.00529386709963  0.00381677440093  0.00499691921501  0.00484202219917  0.00370498008943  0.00478030194804  0.00477953337013  0.00370119796817  0.00482753613674  0.00483004399098  0.00374258313751    0.004914633295  0.00495837682994  0.00383257957905  0.00500223040919  0.00506740529952  0.00388288828568  0.00508256936085  0.00511693889289  0.00392437014551  0.00515223405893
 0.00216683849424  0.00157989175432 0.000857180887789  0.00100176646308  0.00169251672603  0.00381174155542  0.00444026447046  0.00511610023915  0.00528435967673  0.00403168711719  0.00517870878678  0.00504019641612  0.00391143481736  0.00493307835055  0.00492461909526  0.00388629268484  0.00493796679401  0.00493825158054  0.00388611542993  0.00499320556496  0.00502748829459  0.00393486171435   0.0050503038853  0.00509680585511  0.00396418791155  0.00513986170118  0.00516472299656  0.00398999459372   0.0051839357046
0.00244484467761 0.00278690247214 0.00137454492785 0.00170910942211  0.0016836958571   0.002860596765 0.00539181660894 0.00458967867319 0.00503995731994 0.00417949341382 0.00516381773894 0.00509199009341 0.00407935045747 0.00500460131084 0.00499765535432 0.00405469200753 0.00500751203313 0.00500912928767 0.00403227254883 0.00504552676493 0.00507009158006 0.00403809644005 0.00510391489355 0.00513748257246 0.00405061354674 0.00516223540433 0.00518259502701  0.0040652752172 0.00520211782257
 0.00208769313647  0.00195923473972 0.000527819705762 0.000704125464182 0.000841714867709  0.00281407178617  0.00134075839009  0.00607400225196   0.0057481115271  0.00387045861978  0.00486774427645  0.00496434978317  0.00412526500339  0.00503894101254  0.00504372135071  0.00416239878529  0.00510937297202  0.00511014873797  0.00416794117659  0.00514276633045  0.00515797941762  0.00415492123537  0.00518246341733  0.00520223550665  0.00415313246636   0.0052245929932  0.00524113995324  0.00415462255966  0.00525410514716
 0.00217072727646  0.00211093075892 0.000398024630176 0.000373684348866 0.000833367693142  0.00258671623586  0.00162453272959  0.00635770502244  0.00637659717836  0.00387285136727  0.00482388570939  0.00484387996137  0.00406735376086  0.00492313912468  0.00494099124607   0.0041425789155  0.00509266036457  0.00509870768666  0.00422445572343  0.00516792247708  0.00518910486377  0.00425314993666  0.00521759781161  0.00524262619018  0.00425505718945  0.00526486276425  0.00527628152698  0.00425249356879  0.00529814703706
 0.00226030855245  0.00151278946531 0.000556177644694 0.000353839171768  0.00114180194977  0.00306057046993  0.00207843144309  0.00631296288784  0.00665762011933  0.00389136752725  0.00491594687652  0.00479367514597   0.0040306102588  0.00488198166621  0.00490391284983  0.00412930952939  0.00509561086284  0.00510483150481   0.0042489025106  0.00519428442734  0.00522399176936  0.00432408019898  0.00526083580959  0.00529643467506  0.00433850288812  0.00531630263357  0.00533849814661  0.00434780168394   0.0053581115355
 0.00211072872638  0.00213116425772 0.000159296614306 0.000284477348928  0.00078879741682  0.00241629339442  0.00148991478399  0.00552539674823  0.00639602467363  0.00415185067705  0.00534279219854  0.00495360173887  0.00410888345132  0.00488477130912  0.00489642801591  0.00416180995991  0.00505683867409  0.00507236974467  0.00426714890812  0.00517309349758  0.00521198239278  0.00437164533537  0.00525832588203  0.00530702905591  0.00440645223164  0.00533684225753  0.00536401739797  0.00442820814912  0.00538047906471
 0.00171839440957  0.00179210280252  0.00024183512837 0.000405121260242 0.000962722042008  0.00246824269795 0.000859045521428  0.00533736815747  0.00623214532266  0.00433621965646  0.00575626551305  0.00525828912053  0.00424872104601  0.00500811395895  0.00499908318056  0.00426813433337  0.00510788547644  0.00511819638804  0.00432413663999  0.00519830084183  0.00523594497915   0.0044169458535  0.00528162753165  0.00533605171043  0.00445687823799  0.00536421796918  0.00539177343876  0.00448459397355  0.00541860732321
0.00280448709252 0.00111790635638 0.00095129776484 0.00075874149375  0.0017878375038 0.00351939491566 0.00262947740142 0.00636651852544 0.00689572180571 0.00402128627014 0.00557460817113 0.00518506272444 0.00423362404773 0.00500403895993 0.00500028448695 0.00432577731159 0.00517749774971 0.00517526871038 0.00439924254604 0.00524081234102 0.00527206500069  0.0044724986302 0.00531248179621 0.00536071050207 0.00450634995008 0.00538736133074 0.00541679529824 0.00453233723213 0.00543970097963
 0.00188535876459  0.00184609048614 0.000449475847675 0.000602137451782 0.000812819697185  0.00194924655314   0.0019148188874  0.00405136048532  0.00574280314156   0.0041482223108  0.00576957294436  0.00527719601257  0.00421212685028  0.00494935267965  0.00493421009141  0.00429509835981  0.00513176912551  0.00513096982425  0.00441044937944  0.00522709470146  0.00526436529239  0.00451803810278  0.00530896396243  0.00534914734126  0.00455562920819  0.00538876691673  0.00541759002603  0.00458067670072  0.00544298661437
 0.00256009887463   0.0016143877676 0.000442975834243 0.000326937026521 0.000767390593288  0.00214550477773   0.0014178812841   0.0049409687886   0.0052138610752   0.0038891515694  0.00589388942497  0.00527441526106  0.00417602133686  0.00495266093757  0.00492652562987   0.0042937413541  0.00513725003222  0.00513440614624  0.00442105757191  0.00522843643871  0.00526667885873  0.00453699407262  0.00531199134303  0.00536984203442  0.00457847366589  0.00539449799091   0.0054281345945  0.00461137295443  0.00545260609214
  0.0021501226325  0.00228663676473 0.000393786048001 0.000486393494868   0.0005549082083  0.00190501249864  0.00117624640042  0.00499153747883  0.00515839214286  0.00381357391367  0.00589269282446  0.00532114208666  0.00412872057374  0.00489471390865  0.00485383942911  0.00424998604636  0.00507432151174  0.00507271669147  0.00440257639326  0.00518624005852  0.00523062264439  0.00454581726653  0.00528104635429  0.00534530919754  0.00459528124318  0.00537323996491  0.00540905450645  0.00463241349401  0.00543566753137
 0.00239765173388  0.00176591042188 0.000114383811456 0.000228659037976 0.000665026927538  0.00207913655465   0.0014985236869  0.00500516941918  0.00519170934436  0.00379457025412  0.00605928318431  0.00547169516888  0.00411787777915  0.00493856257985  0.00486955298395  0.00422878318117  0.00505619153679  0.00505166506278  0.00438004057094  0.00516460581721  0.00521169095331  0.00453795102745  0.00526411300871  0.00533486667233  0.00459957307795  0.00536138816737  0.00539768644017  0.00463819510488  0.00542707031963
 0.00219497825979  0.00235478250585 0.000497817433694 0.000600935376443  0.00028766272532  0.00159243409798  0.00139632511501  0.00599956581078  0.00646212727994  0.00449645237676     0.00593539124  0.00565397032219  0.00419820551119  0.00500843486794  0.00490666549976  0.00425203793567  0.00501202150638  0.00500825968053  0.00436966347131  0.00511383452701  0.00516114520551  0.00452173994709   0.0052151348831  0.00528726171179  0.00458300216129  0.00531921548828  0.00535584212619  0.00462883874687  0.00538633472512
 0.00212753161122  0.00209072691128 0.000416649835339 0.000636882187204 0.000334337608805  0.00161235899677 0.000892764124421  0.00424864606475  0.00554137300963  0.00509652258863  0.00595598031568   0.0059393098792  0.00448002513817  0.00533233442268  0.00517922490524   0.0044457914964  0.00508203038071  0.00507771201923  0.00443271950691  0.00512438603197  0.00515866140856  0.00451589991353  0.00520216398466  0.00526183209185  0.00456667103864  0.00529074373651  0.00532649421846  0.00460404163041    0.005352971161
 0.00241738533297  0.00288546609261  0.00135670779817   0.0013812779112 0.000979917739013  0.00118054902075  0.00144732391843  0.00288026429862  0.00441739537582  0.00529474718435  0.00571448588831  0.00582063087876  0.00464190705729  0.00548580950155  0.00532340634663  0.00459447656712  0.00516515546146  0.00515652737768  0.00454524820143  0.00515717438651  0.00517187138541  0.00454868377052  0.00519911777861  0.00523122531733  0.00456726679774  0.00525841417076  0.00528422548907  0.00458872340157  0.00531001388261
 0.0020742581728 0.00264589667736 0.00117996824363 0.00135088977058 0.00101701391587 0.00121120003798 0.00105802629064 0.00187563244459 0.00506216144206 0.00399536010649 0.00582989076685 0.00548240591719 0.00457411946832 0.00546390523206 0.00533920173166 0.00462580912555  0.0052456754887 0.00523657819522 0.00462761549141 0.00522438964991 0.00522615551944 0.00459970676138  0.0052385578267  0.0052465015439 0.00459027417291 0.00526635203285 0.00528113476265 0.00459158425464 0.00530314566867
 0.00241707496341  0.00288106657083  0.00130310155717  0.00128500696883 0.000912444082892  0.00110998142448  0.00037396221849  0.00165364671298  0.00525340008064  0.00376602515003  0.00630934320499  0.00550754699266  0.00444463972219  0.00529675725758  0.00520514969163  0.00451708283959  0.00517989837761  0.00516793263241  0.00460233760014  0.00520739867809   0.0052163530963   0.0046276029258  0.00523334262586  0.00524439073144  0.00462484525532  0.00526198023476   0.0052706976368  0.00461518784387  0.00528937190314
 0.00228061977079  0.00213496948049 0.000512090139141 0.000661231178499 0.000440028536934  0.00137453842625 0.000959718911802  0.00210896855915  0.00520456484534  0.00327934774169  0.00650787147213  0.00602202525652  0.00432876263519  0.00522198282048  0.00513388472236  0.00442862204032  0.00513969846386  0.00512463282028  0.00455262265866  0.00518122495996  0.00519850921202  0.00461961653272  0.00522209968928  0.00524673956377  0.00463259424736  0.00526814263529  0.00528239794865  0.00463593022991  0.00530543814156
 0.00229809858503  0.00253444022754 0.000857982474359 0.000807076614823 0.000102918481443   0.0011688983866 0.000924628009301  0.00186774110015  0.00458564858695  0.00358183899361  0.00628776619392  0.00622319207528  0.00439090752004  0.00526872804557  0.00514106907334  0.00443061590858  0.00507740302321   0.0050614336974  0.00451065753622  0.00511740759936  0.00514271224451  0.00459649000184  0.00517309333582  0.00521222495116  0.00462579961977  0.00523707594843  0.00525979134669  0.00464344043459  0.00528462931764
 0.00225848570744   0.0021614550713 0.000623760836894 0.000727295394024 0.000120129417951  0.00108965104001 0.000892683474358  0.00172517677517  0.00382319657556  0.00395297504654  0.00607383015039  0.00632044987518  0.00447659723715   0.0054299908024  0.00524445318952  0.00448690528701  0.00510692490311  0.00508509804227  0.00452388740294  0.00511293127441  0.00513236728056  0.00458373438092  0.00515881853345  0.00519612006505  0.00461244856169  0.00522004949208  0.00524433434005  0.00463449971047  0.00526862859067
  0.0023756603251   0.0027457582249  0.00125790424266  0.00119448230585   0.0005718485915 0.000403795565443 0.000689204111806  0.00127909247166  0.00303415791745  0.00453080829659   0.0056245434176  0.00612930406907  0.00457060405327  0.00552903792507  0.00531583212139    0.004556021985  0.00511854476774  0.00509358539361  0.00455631062992  0.00510134392213  0.00511264216645   0.0045859991965  0.00513473451544  0.00516269422729  0.00460446192639  0.00518546445051   0.0052061025649  0.00461995621888  0.00523015712749
  0.0021734923148  0.00250218106245  0.00117647967434   0.0012656009208 0.000746211237849 0.000603202617388 0.000931687166273  0.00114060831404  0.00196733950894   0.0050742798405  0.00499118965935  0.00593257535789  0.00460376574545  0.00561974706794  0.00540508779766  0.00460890603373  0.00518289747954  0.00514774908529   0.0046014897034  0.00513393813855  0.00513586603297  0.00459780035313  0.00514430613685  0.00516002202916  0.00460398551492  0.00517866433937  0.00519319832659  0.00461053873429  0.00521543198749
 0.00248958134289  0.00315336296727  0.00179107992173  0.00169961811697  0.00106171287476 0.000623253619803 0.000654726530194 0.000683559687143  0.00110117794223   0.0023210914454  0.00568493983035  0.00592015267203  0.00446867221951   0.0054781524201  0.00529797945332  0.00454607585509  0.00515716601018  0.00511693122246  0.00460005842737  0.00512180235221  0.00512331429245  0.00461329713401  0.00513143141597  0.00514184777181  0.00461268821415  0.00516070819061  0.00516888626498  0.00461089687737  0.00519173820967
  0.0022275374777  0.00253713844628  0.00108316900952   0.0010762696009 0.000424886641531 0.000974456330633 0.000631945453732  0.00128751237242  0.00124967013937  0.00297860943881  0.00704430830016  0.00605646359032  0.00454786145722  0.00559625751355  0.00537555418777  0.00452897128518  0.00514187449611  0.00509336799128  0.00456322263672    0.005105756269  0.00511293411763  0.00460185239843  0.00512422803167  0.00513976446889  0.00461078146232  0.00515686584114  0.00516976694236  0.00461328072795  0.00518910323192
 0.00234424393836  0.00273600852823  0.00132327629802  0.00120240275974 0.000589529327843 0.000421758399967 0.000296653709539 0.000519444757098  0.00111720868135  0.00109219622627  0.00536035198675  0.00619849370439  0.00474100194141  0.00571170873817  0.00551285620334  0.00466825454845  0.00518818065459  0.00513291514867  0.00461817884404  0.00509715579006  0.00509569333343  0.00460375912228  0.00510230214922  0.00511374117988   0.0046064901781   0.0051299657716  0.00514359823215   0.0046107773958  0.00516328609313
 0.00222012269662  0.00241287491617  0.00109551787201  0.00113466491358 0.000631101570961 0.000237096522887 0.000300766189521 0.000506594646849  0.00148125981824  0.00226608907394  0.00445613975854  0.00564027931951  0.00462906496357  0.00566086179625  0.00549035920768   0.0046514136418  0.00524294986514  0.00517854364832  0.00465441996035   0.0051407164087  0.00513105956967  0.00463022313456  0.00512740481776  0.00512395163318  0.00461602735695  0.00513426569328  0.00514261263821  0.00461340013995  0.00516139476154
 0.00248956311706  0.00311305454543    0.001918016877  0.00181026346451  0.00135640587273 0.000924185953468  0.00104727168752   0.0013647212581  0.00188826233267   0.0034116140386  0.00395536622047  0.00508994498802  0.00469382041022  0.00561294844037  0.00545395063734  0.00464504704398  0.00522555299591  0.00515846111377   0.0046537074777  0.00512539656115  0.00511818396731  0.00464202438433   0.0051163485075  0.00511584002147  0.00463390915342  0.00512524231606  0.00512984383734  0.00462341385182  0.00514859081219
 0.00216601866442  0.00287185537921  0.00178488027511  0.00179664330655  0.00136097807871 0.000631415113381  0.00085008968395 0.000955481937248 0.000842541018819  0.00081776308765  0.00489215098917  0.00599276040942  0.00437839698266  0.00541547515911  0.00528735039686  0.00449610923968  0.00519597598456  0.00512339411519   0.0046073394133  0.00512233452624  0.00511987279849  0.00464250083026  0.00511950119348  0.00512504733819  0.00464237339831  0.00513605793174  0.00513950576799  0.00463688497552  0.00515800905029
 0.00247662693963  0.00319369266414   0.0020233260217  0.00189871826478  0.00131396991214 0.000347346829378 0.000667882183837 0.000787708833186  0.00045886789055  0.00124819079226   0.0049254025938   0.0066919371624   0.0045112194493  0.00557867448336  0.00532677804913  0.00448960921943  0.00510568966077  0.00503776161516  0.00453522396103   0.0050446465346  0.00505553169853  0.00460721450107  0.00506720258732  0.00509416224296  0.00463081040369  0.00510830463842  0.00512393237483  0.00464141472137  0.00514149633034
 0.00224956609109  0.00267473595347  0.00143489475057  0.00134032232212 0.000757653467411 0.000365812241434 0.000492156565566  0.00071053929685 0.000620669380716 0.000900238299338  0.00392133979141  0.00542490829499  0.00441872344633  0.00602517664842  0.00532251400878  0.00441559482212  0.00509700558098  0.00502561532259   0.0045032841419  0.00502936019294  0.00503784769275  0.00458086911124  0.00504724812324   0.0050765127879  0.00460875686096  0.00508974876944  0.00510891016041   0.0046281826902  0.00512632711592
 0.00236991886422  0.00284320742647  0.00166828995738  0.00150192845131 0.000886896253609 0.000271330827013 0.000323419383728 0.000312550484762  0.00046953016576 0.000694834074279  0.00331298608915  0.00497464950625  0.00444165103928  0.00607771876383  0.00553612470522  0.00449146911932  0.00509018040281  0.00501714151751  0.00450460609075  0.00499021775448  0.00499518572998  0.00455357029427  0.00500303105369  0.00503182488936  0.00458121966356  0.00504573142998  0.00506661461021  0.00460386412098  0.00508518925785
 0.00223898536337  0.00245974288527  0.00130858149152  0.00127440297666 0.000766041744561 0.000288280177656 0.000300245568405 0.000323211321347 0.000760390894108 0.000647524059325   0.0027115473048   0.0044789759212  0.00456697202933  0.00603777107289  0.00568156747824  0.00454191117424  0.00516134962992  0.00507091607394  0.00453239600462  0.00501122665952  0.00500509391145  0.00454653745012   0.0050013387652  0.00501711520709  0.00456143106944  0.00502671481669  0.00504209256089  0.00457632697221  0.00505809508953
 0.00242882931296  0.00299430622529  0.00189660011769  0.00173454810102  0.00125843656571 0.000783914090259 0.000856063800874 0.000955104433686  0.00128162289068  0.00156134612393  0.00233168697615  0.00381732975476  0.00481481134761  0.00573128540883  0.00561342962054  0.00454964015722   0.0051846628458   0.0050800280478  0.00455220344288  0.00500736831316   0.0049949637458  0.00454808808841  0.00498518543808  0.00498967506697  0.00455117927543  0.00499710003368   0.0050066152841  0.00455606157216  0.00502159329186
 0.00219820320579  0.00273067195012  0.00170574488928   0.0016568829071  0.00123992780701 0.000626240487957 0.000745108128238 0.000596964906094  0.00078907955822 0.000576594552642  0.00117109269713  0.00480789999853  0.00393301592772  0.00603193725906  0.00544268278935  0.00437397242703    0.005149820572  0.00503083699281  0.00448272602372  0.00499611817809  0.00498873037279  0.00453461873485  0.00497885458996  0.00498636761354  0.00454235803643  0.00499069557508  0.00499743555925  0.00454437923312   0.0050105042743
 0.00243798275836  0.00305972374857  0.00196345172547  0.00178842979572  0.00126672349859 0.000481649937638 0.000595054274445 0.000584164991555 0.000522918284499 0.000505516276993  0.00110735671056  0.00440447140214   0.0039723452724  0.00623407687532  0.00576431420083  0.00426283279023  0.00504386532495  0.00492441933995  0.00438535364629  0.00490952930464  0.00491361696583  0.00448324110826  0.00491549181466  0.00494181769261  0.00451195986185   0.0049488578989  0.00496110344482  0.00452625983326  0.00497662210591
  0.0022792071446  0.00251373867953   0.0013779038491  0.00131516953058 0.000804255949782 0.000241578206408 0.000397393292749 0.000649475184184 0.000560544015094 0.000764434717004  0.00100198070627  0.00406827580375  0.00348829698799  0.00633942566672  0.00609683420687  0.00435094341461  0.00509260250217  0.00494578854907  0.00436272769114  0.00487759228869  0.00487734190047  0.00442924113384  0.00487387958348  0.00490361726901  0.00446379943862  0.00490998974114  0.00492976140444  0.00448918572603   0.0049437437196
 0.00235196243609  0.00281365556059  0.00164816234381  0.00146389345123  0.00091000476295 0.000265250983715  0.00035742051681 0.000375063210514 0.000290119148579 0.000464102796816 0.000876412934101  0.00333779061899  0.00375210802987   0.0060482942912  0.00613680538974  0.00445555203678  0.00517740899234  0.00499283157819   0.0044042452067  0.00486956459296  0.00485473209607  0.00440862053936   0.0048398275107  0.00485305177737  0.00442577186306  0.00485722694267  0.00487250869563  0.00444400559498    0.004884793398
 0.00224973161143  0.00255841965977  0.00143789681923   0.0013440221173 0.000763796214891 0.000248319378833 0.000255651646114 0.000202362994635 0.000172668710264 0.000399533122201 0.000942565022154  0.00265780086875  0.00419093716567  0.00567870377553  0.00608016399391  0.00446242199162  0.00529332815061  0.00506931124758  0.00443148870829  0.00490573498716  0.00487798218124  0.00440993540171  0.00484805538752  0.00484232244839  0.00440717557253  0.00484066567525  0.00484537848561  0.00440943507597  0.00485457333579
 0.00238490698617  0.00282828783171  0.00182268338381  0.00164107198352    0.001171847597 0.000631362353668 0.000635872122396 0.000588552914705 0.000684394035729 0.000996880361526   0.0012954299761  0.00222314207959  0.00489706037008  0.00503833870646  0.00573237762576  0.00441060378205  0.00530352288252  0.00507658627292  0.00442688756611  0.00489406524778  0.00486376680405   0.0044060060259  0.00483141817752  0.00481682554173   0.0043960897362  0.00481383020709  0.00481328530278  0.00438976573448  0.00482216077932
 0.00222916157596  0.00257327823691  0.00162995665803  0.00157283082055    0.001161615383 0.000603250585285 0.000623359380667  0.00029884101351 0.000372951914641 0.000506592087962 0.000237684310259  0.00100693188829  0.00249754561485  0.00524483927688  0.00575123250612  0.00421177387322  0.00526514700823  0.00503399220033  0.00433889159158  0.00487203337551  0.00484883923829  0.00438121590131  0.00481878454683  0.00481268600683   0.0043796393221  0.00480522859099  0.00480609949424  0.00437820265335  0.00481238098616
 0.00240636048759  0.00296217343998  0.00196708814733  0.00179625761434  0.00129165210421 0.000568651456034 0.000566767025382 0.000207245413407 0.000316990160908 0.000439239482711 0.000309695558393 0.000963214724278   0.0024318188728  0.00521868770548  0.00592743674504  0.00413359014208  0.00518583183932  0.00492898997755   0.0042291056085  0.00477646949324  0.00476644670116  0.00431875610159  0.00474813829394  0.00476514389538  0.00434542686617  0.00475999332884  0.00476832949731  0.00435507628134  0.00477702629976
 0.00228067903204  0.00248041192438  0.00144977891366  0.00138464791907 0.000883576470182 0.000141365251891 0.000206582888171 0.000446871514188 0.000516010603962 0.000778582788539 0.000661104716943  0.00114972025298 0.000948190186132  0.00531520169778  0.00615721891521   0.0041768419471  0.00528049487955  0.00495462862889  0.00418431315361  0.00474037973099  0.00472533474421  0.00425582018121  0.00470235511148  0.00472411556423  0.00428987590417  0.00472037753434  0.00473478456648  0.00431311482791  0.00474274585929
  0.0023287543304  0.00276773080535  0.00168060900262  0.00150111385657 0.000947090982965 0.000118668177023 0.000182205076495 0.000419941486627 0.000487234676786 0.000743991492883 0.000630736864501  0.00112364795635 0.000362234760731   0.0050057917064  0.00607650137282  0.00426337987699  0.00537486147042  0.00500205115435  0.00419471762637  0.00471102653709  0.00468568127315  0.00421720440603  0.00465482646222  0.00466610943183  0.00424040472981  0.00466099900848  0.00467336513868   0.0042613782111  0.00468054036741
 0.00230585763515  0.00232246899985  0.00122219488312  0.00114233260015 0.000622422040199 0.000193976720111 0.000173289776884  0.00055904922338 0.000615939132384 0.000777319393184 0.000704622497572  0.00112160386254 0.000329141138889  0.00475440047068  0.00596494820424   0.0043346507107  0.00554219050314  0.00513507225651  0.00422971763103    0.004749917177   0.0047034300343  0.00420422087767  0.00465554494636  0.00464654564245  0.00420738469717  0.00463485648362  0.00463617992083  0.00421381406789  0.00463983950233
 0.00229647889875  0.00268379262649   0.0015786646643  0.00138928577276 0.000838974328662 8.36727021476e-05 8.43932996445e-05 0.000245750525026 0.000297644961428 0.000378734977413 0.000489988762104 0.000880777762925  0.00127850097074  0.00421740499175  0.00557574429208  0.00436148415763  0.00557830416384  0.00520086822596  0.00425995739632   0.0047681107559  0.00470287475454  0.00420542612487  0.00464501822165  0.00461877082017  0.00419033904886  0.00460347846768  0.00459751777405  0.00418270057223  0.00459908404195
 0.00228431307324  0.00234648640973   0.0012868415802  0.00120336750863 0.000711261062574  6.6544191907e-05 0.000125337741665 0.000129854135435 0.000100957083913 0.000238573894586 0.000525950136075 0.000941060061269  0.00256267658017  0.00359967289828  0.00488304111849   0.0041584872869  0.00569616534052  0.00517197641142  0.00415488852969  0.00476850192679  0.00469978863495  0.00418660614079  0.00464147933412  0.00462022050253  0.00417949264428  0.00460069143514  0.00459135496702  0.00416768049931  0.00459045145809
 0.00234120697586  0.00282995181386  0.00182273443647  0.00163343110108  0.00114074771357 0.000529462195746 0.000547228057144 0.000287487695152 0.000252458139718 0.000363689269779 0.000624738362036 0.000721968639194 0.000968425333167  0.00417890630276  0.00507118776519  0.00412612865144   0.0056313339691  0.00520507713312  0.00413424582467  0.00472776591986  0.00465038289345  0.00414668622888  0.00459293250401  0.00458085980153  0.00414921527649  0.00456363800842  0.00456110606027   0.0041494418333  0.00456110432205
 0.00221228286906  0.00267373163164  0.00171680938973  0.00157137643359  0.00106028729506 0.000388996236201 0.000438979920424  0.00011251527435 0.000174729647818 0.000443544602927 0.000560730758524 0.000468665791627 0.000862307757554  0.00381027115404  0.00499622994746  0.00416157049769  0.00576548488175  0.00531339867662  0.00415531884544  0.00476169435295  0.00466280889805  0.00413001337299  0.00459504264897  0.00456451869883  0.00412686464846  0.00455191534952  0.00454674058245  0.00412607718574  0.00454429078326
 0.00236339067697  0.00286011255112  0.00197324153219  0.00178626698053  0.00127245575712 0.000615193977744 0.000617181287911 0.000277033722796  0.00031797751824 0.000449702347913 0.000459734031666 0.000379461523137 0.000494748857343  0.00342940943572  0.00477616858316  0.00425540336883  0.00574943575482  0.00537388411123  0.00419290669118  0.00478283764571  0.00466223154558  0.00412574082056  0.00458129961647  0.00454928204088  0.00410797574404  0.00452228800076  0.00451387170996  0.00410163968185  0.00450970404748
 0.00225003120727  0.00247578681435  0.00159913722282  0.00154820775467  0.00107021844445 0.000437120915739 0.000466773333229 0.000222669451754 0.000326832464788 0.000401538831643 0.000378291836368 0.000361794896365 0.000234245940609  0.00288912539822  0.00447062461512   0.0043897439803  0.00571439613585  0.00545740410349  0.00422761176253  0.00486353524597  0.00471660252118  0.00414364441092  0.00461379629181  0.00456754390424  0.00411513104477  0.00453280485809  0.00451398610718  0.00409246104926  0.00450821642907
 0.00235467767142  0.00289077191761  0.00200960237878  0.00185724646373  0.00136960237623 0.000765568912993  0.00075551482892 0.000560951590994 0.000581371195029 0.000591196695768 0.000625648295457 0.000690640267346 0.000774455089577  0.00234289650999  0.00383729866997  0.00447726868706  0.00553807082505  0.00539371521465  0.00422513924188  0.00488966408535  0.00473229250708   0.0041597628531  0.00461889154822  0.00456914341144  0.00412753215762  0.00453575108713  0.00451291405783  0.00410164090173  0.00450510457753
 0.00279242508231  0.00114607006964 0.000780961624268 0.000696970723795 0.000321886351606 0.000245427021161 0.000280638932001 0.000305772035433 0.000361858802916 0.000318150868493 0.000352730718971 0.000398529733181 0.000492609659788  0.00154323342434  0.00440196139507  0.00383155092455  0.00563885691882   0.0052971988349  0.00411869153826  0.00488221421055  0.00473257689978  0.00413880611997  0.00461786503161  0.00458658537849  0.00412896657589  0.00455042348112  0.00453516673263  0.00411607499923  0.00452677063376
 0.00230872819626  0.00271921707327  0.00160726666625  0.00151580496168  0.00101735730251 0.000323617592926 0.000312910933697 0.000223889265403 0.000249867899131 0.000305118358454  0.00028342106573  0.00033578147693 0.000758041707948  0.00145105915737   0.0040993616142  0.00316744673089  0.00577918595558  0.00546964958469  0.00396305951107  0.00477297234333   0.0046471487854  0.00407349800701  0.00454843311488  0.00454746947841   0.0040986916951  0.00451704852892  0.00451643730394  0.00411165626723  0.00450884329189
 0.00192302382402  0.00241378763608  0.00144143970057   0.0014179387158 0.000977242400932 0.000220599886871 0.000242881991531 0.000276885234729  0.00034279045361 0.000483731919689 0.000424200562737 0.000579008258698 0.000927071075248  0.00144329492623  0.00377009330207  0.00315631884492  0.00588371280932  0.00571306582914  0.00395287101639   0.0047753932538  0.00462887017781  0.00402058492043  0.00452007241148  0.00452162559837  0.00405387328479  0.00448947777988  0.00449271907611  0.00407780121371  0.00448024571625
 0.00268696864099  0.00200078095656  0.00115999314642   0.0012167690672 0.000794305730049 8.18477739661e-05 0.000135926568658 0.000329525229979 0.000393745830625 0.000513128883755 0.000456798143184  0.00059906410997  0.00079188825065  0.00129696278734  0.00337603508742  0.00329320956173  0.00576425442344  0.00581769966038  0.00398806443455  0.00484774306737   0.0046542268417  0.00399962288646  0.00451996958817   0.0045023173394  0.00401596897223  0.00446138338143  0.00445925184912  0.00403142995222  0.00444884052276
 0.00210229811628  0.00266891972588  0.00166616380592  0.00156313054018  0.00108350933312  0.00037113529033 0.000384402933888 0.000142477447443 0.000167849849173 0.000243591290473 0.000249424456913  0.00036615516984  0.00053533863362  0.00106220970609  0.00286831991547  0.00348097195028  0.00552767273164  0.00577080297237  0.00404235293892  0.00490228254623  0.00466898339694  0.00400060096993  0.00451039223887  0.00447384700295  0.00399618540034  0.00443145965544  0.00441939077855   0.0039982903905  0.00440646703453
 0.00254015512692  0.00225183312261  0.00136151879536  0.00135444548345 0.000927888865814 0.000285588723196 0.000321569612045 0.000101762095566 0.000112211010407 0.000171948655485 0.000220951987266 0.000273391418687 0.000424396252986 0.000884401851052  0.00222668038684  0.00386380589253  0.00522287755044  0.00568541289351  0.00404969523682  0.00499240083171   0.0047329791561  0.00400768627917  0.00453733324848  0.00448666991174  0.00399106573822  0.00443656429307  0.00441755652814  0.00398243686195   0.0043994811726
 0.00222369297828  0.00282237656829  0.00187117226598  0.00172938002244  0.00127821668798 0.000663165424809  0.00065174088644 0.000347116969335 0.000289278487515 0.000206997934565 0.000274006591088 0.000280880485499 0.000492320871412 0.000396103781325   0.0012749305891   0.0020158243798  0.00561804645347  0.00571064978182   0.0038178436946  0.00488110921502  0.00466370527909  0.00394934771978  0.00447700106156  0.00446131110683  0.00397336799809  0.00440405553803  0.00440211551308  0.00397755051687  0.00438460714253
  0.0024368804324  0.00243085376609  0.00155955623196  0.00151708491275  0.00110715967807 0.000483415757919 0.000491793126245 0.000131042217197 0.000113698402766  0.00024361423653 0.000248841738362 0.000386674259748 0.000731815356025 0.000661230082345  0.00124261883822  0.00243925153317  0.00538729243073  0.00587982408268  0.00367770893862  0.00480760451348  0.00457385934098  0.00382512585726  0.00439228448484  0.00440898207045  0.00389213664186  0.00435396507671  0.00436076894676  0.00393499404997   0.0043541599175
 0.00228457301236  0.00287022551497  0.00193874033997  0.00177609109373  0.00131286962319 0.000652149597707 0.000622289870162 0.000269525669751 0.000218329440458 0.000189862316714 0.000210553847456 0.000166620594303 0.000185874489702 0.000327145106589 0.000803106064358  0.00432823582042  0.00440380739477  0.00549957899117  0.00373203015617  0.00490070319478  0.00456011921016   0.0037750814204  0.00434142912527  0.00433131537126  0.00381322260552  0.00428447236284  0.00428625216094   0.0038490453695  0.00426686722926
 0.00294098430156  0.00116429373514 0.000626469346299 0.000447731863812 0.000139096054269 0.000131192354169 0.000109271828909  0.00010726017719 0.000148671673361 0.000222252888055 0.000168408937238 0.000205523120685 0.000580005762019  0.00052234337894  0.00100205724698 0.000644362470932  0.00502951517789   0.0056902520798  0.00388992728294  0.00507189583433  0.00466825599987  0.00377622217656  0.00436933407885  0.00431790971224  0.00377245730583  0.00425867401518  0.00423795621837  0.00378672654442  0.00422078976286
 0.00226342615269   0.0026207288228  0.00147788165714  0.00134497188302 0.000830910271091 0.000169711006786 0.000143916644878 0.000174703321809 0.000240851321865 0.000338882136294 0.000295939900848 0.000394580331495 0.000628404979966 0.000542102542666 0.000961835657878 0.000557642483871   0.0047030296648  0.00557692557675  0.00398769831987  0.00517141900209  0.00477159295278  0.00382467304664  0.00440206873188  0.00431071589252  0.00377520693188  0.00424247833684  0.00420813042442  0.00374939094787  0.00417699418764
 0.00218413963168  0.00232283398502  0.00136334585689  0.00132177601561 0.000853281424044 0.000132931575764 0.000150110260055 0.000229519574899 0.000292714892897 0.000379904912605 0.000339181860226 0.000444901851268  0.00052713505954 0.000442716690279  0.00093958703784  0.00126342778398  0.00416245168939  0.00529128300358  0.00396202018684  0.00524781163782  0.00487311381427  0.00384819171152  0.00445559069274  0.00435504823979  0.00379894043629  0.00427767007341  0.00423344685774  0.00376000195332  0.00419715828402
 0.00235506014357  0.00287063056357  0.00183262296392  0.00168567347512  0.00118862979461 0.000494816468596 0.000470311291448 0.000175003308719 0.000107440351206   2.118222742e-05  0.00011310470391 0.000180780378433 0.000114610769661 0.000257050372225 0.000833069989173  0.00204425742795  0.00365841029197  0.00488600312863  0.00394724543137  0.00518974678404  0.00487650265732  0.00384719280703   0.0044584725916  0.00436242092947   0.0038130190223  0.00428503954712  0.00424510356377  0.00378229604275  0.00420944653285
 0.00223360223624  0.00247344689488  0.00157791197949  0.00152999937947  0.00109530186481 0.000463132506474 0.000474331563276 0.000177792279838 0.000109254041596 6.43591248144e-05  0.00013561217664 0.000174813135367 0.000412432940158 0.000476447453194 0.000588971902321 0.000856496101048   0.0041554370629  0.00487466161551  0.00369825216844  0.00520515363337  0.00484738450768  0.00378588107427  0.00444286789018  0.00437692795987  0.00380027430958  0.00429724093227  0.00426966281195  0.00379529246242  0.00423287142133
 0.00237321227991  0.00296676761614  0.00202365975712  0.00186000370041  0.00139334724235 0.000744501466232 0.000716481026211 0.000386591883794 0.000304910605361 0.000217127866368 0.000257477134942 0.000158685705995 0.000200170392766 0.000356425649081 0.000575994243032  0.00077627218998  0.00280108279356  0.00420541988222  0.00361542881551  0.00520423532166  0.00477051636578  0.00369672178582  0.00436486056606   0.0043219027831  0.00374234521496   0.0042459022566  0.00423603901742  0.00377038036717  0.00420339484339
 0.00223290106084   0.0025649742001  0.00172355082328   0.0016584618705  0.00124556154857 0.000646804073895 0.000647665775569 0.000325126868393 0.000261339432273 0.000130356475441 0.000141676403235 7.99922379333e-05 0.000591599794873 0.000589462000885 0.000770096635893 0.000971442384773  0.00428787434055  0.00504867988817  0.00361000155416  0.00528078334348   0.0048510474564  0.00367542640165  0.00438307932654  0.00431116786437   0.0036971703851  0.00422421915818  0.00420717205309  0.00371876517098  0.00416958888749
 0.00237116308422  0.00298464029466  0.00209968729258  0.00192815252091  0.00146652232725  0.00079690981957 0.000758772858966 0.000342172796311 0.000243749826846   0.0001268840848 6.34442922734e-05 0.000253328512111 0.000792593665447 0.000801966491935 0.000962695442467  0.00103550475629  0.00388429344525  0.00495705901014  0.00368699390772   0.0054691030955  0.00489960726359  0.00367401724973  0.00438406799116  0.00428183958452  0.00366749365382  0.00418949458498  0.00416361241527  0.00367501795699  0.00412323331042
 0.00280379097264  0.00114533480788  0.00071957759953 0.000537736317426 0.000178085612728 3.32456280309e-05 1.31338052349e-05 0.000218432704188 0.000278610608438 0.000440915998596 0.000398236632513 0.000559406771459 0.000981837857458 0.000992204435517  0.00102450922143  0.00102135749061  0.00356918060102  0.00490766370893  0.00376815576393  0.00563421989906  0.00507442950719  0.00371428472905  0.00446443667304  0.00431783597779  0.00367405993286  0.00421134186392  0.00416703955148  0.00365487480834  0.00411964436162
  0.0022733186125   0.0026001344858  0.00144321617088  0.00131733276656 0.000788735673719 6.48202747986e-05 4.75828717033e-05 0.000343346013493 0.000430315326414 0.000561943024073 0.000542920294073 0.000670230740959 0.000919028951359 0.000908217676637  0.00084360864811 0.000760964938632  0.00290966082494   0.0045123531482  0.00386219964418  0.00559478163347  0.00515089428326  0.00376091429516  0.00451117957523  0.00433857353893  0.00370530583911  0.00422750119574  0.00417304392189  0.00366834921998  0.00412330810214
 0.00188475739308  0.00227293383852  0.00129404957695  0.00124572069943 0.000772849963023 0.000134002000873 8.59831545759e-05 0.000403274741628 0.000485234538838 0.000606569350937 0.000581749319672 0.000705300611875 0.000833216021703 0.000767986143002 0.000675781442635 0.000850576312469  0.00222566452974  0.00379691676988  0.00384210136682  0.00555310342185  0.00520652382973  0.00377517153295  0.00457983383191  0.00440258388972  0.00373762522295  0.00427827320325  0.00422240880855  0.00370316289029  0.00416816717693
 0.00270770737652  0.00189144623287  0.00107528269821  0.00112166763613 0.000678815214792  0.00014558989974 0.000123316852662 0.000366425140517  0.00042450190718 0.000554107746353 0.000527850724889  0.00065801291906 0.000846189736956 0.000759275405625 0.000772301334369 0.000908724872694  0.00186388720672   0.0042441200057  0.00348381524241  0.00550104914705  0.00529149188026  0.00365599589871  0.00452859312402  0.00441150582626  0.00370770954545  0.00428293121612  0.00425145256297  0.00372188330954  0.00419701492713
 0.00208785512597  0.00261158627339  0.00162128534551  0.00151850790701   0.0010302279343 0.000327401176825 0.000334922726466 0.000122254227347 0.000180513306399 0.000366878109904 0.000377627566473 0.000532010921242 0.000777477606086 0.000711020130476 0.000778497410505 0.000889931282327  0.00171229747425  0.00397405280936  0.00283668371536  0.00555007201466  0.00536293911929  0.00359224276469  0.00447973701927  0.00435351234527  0.00364380942426  0.00422430996244  0.00420477503203  0.00368111756936  0.00415295466915
 0.00255159375811  0.00220143427397  0.00132616494338  0.00131757671928 0.000871073752897 0.000173479134083 0.000224736932414 0.000214382028336 0.000288510642314 0.000484987676091 0.000471909319467 0.000614582560045 0.000909378780521 0.000858523235758 0.000923626757403  0.00100642378354  0.00172201905591  0.00387326008545   0.0028035456664   0.0056837260804    0.005519923905  0.00359318249375  0.00454442878211   0.0043614546328  0.00360780270772  0.00421290807043  0.00417942350701  0.00362795378751  0.00412017918456
  0.0021932807366  0.00274711247478  0.00177154321186  0.00162933343297   0.0011353020294 0.000406779289174 0.000399649059769 0.000112200486895 0.000191783543518 0.000387957780195 0.000377998105833 0.000504148148065 0.000816093759285 0.000788404848664 0.000842082958291 0.000919152917846  0.00155542220858  0.00355682248565  0.00281529423917  0.00567968451682  0.00558282441978  0.00361289707798  0.00458943873832  0.00435881852729  0.00359742747229  0.00419395869696  0.00414716877408  0.00359529430226  0.00408337902173
 0.00246348321629   0.0023202158999  0.00141651196384  0.00137222717333 0.000915150353446 0.000201399499226 0.000221620805116 0.000214022145148 0.000319757749939 0.000496556539338 0.000447567875823 0.000563168625757 0.000846990247438 0.000810328996624 0.000821826181986 0.000843944829103  0.00130889971528  0.00318607148013  0.00303011064032  0.00556715047577  0.00561490153549  0.00365024956344  0.00470465562955   0.0044221104518  0.00361137313095    0.004227844935  0.00416585104166  0.00358874210444  0.00409493818338
 0.00224678246489  0.00277241863703  0.00180880509644  0.00164644305009   0.0011468176209 0.000426369617698 0.000405756544893 0.000137135428109 0.000219925514619 0.000331030442126 0.000268344892499 0.000357766997053 0.000593185198967 0.000564624104252 0.000545783150197 0.000556325648537  0.00103500310421  0.00251248595841  0.00337153229541  0.00524934599173  0.00556774602105  0.00368975235498   0.0047707932726  0.00446227429479  0.00364308292557  0.00424820744276   0.0041796668482  0.00360937014204  0.00410679854472
 0.00240912313094  0.00236811886897  0.00146153617405  0.00139803814074 0.000943344965495 0.000263084223889 0.000280221169553 0.000155651894935 0.000234670621384 0.000306444916796 0.000223671147166 0.000291803801674 0.000431996640972 0.000387157556582 0.000333443970956 0.000405462206031 0.000817144843111  0.00199037118904  0.00375372937167  0.00493824673863  0.00545086772712  0.00369515199133  0.00484342575737  0.00453978088179  0.00366730122588  0.00429771056236  0.00422987206282  0.00364120416751  0.00415197544176
  0.0011231863626  0.00114691902844 0.000872408608781 0.000439084866294  0.00030618987715 0.000155263176154 0.000146311507482 0.000144088932966 0.000177163761186 0.000171827432162 8.55502801761e-05 0.000130139418393  0.00031321776487 0.000271257780578 0.000313045387403 0.000503755676236 0.000838783786743  0.00145761170395  0.00250472737837   0.0051339634828  0.00541154143339  0.00357733284257   0.0047540540227  0.00451226053398  0.00362786833819  0.00426988487537  0.00422719410762   0.0036487187192  0.00415285118797
 0.00192851482609  0.00220875604757  0.00122033514574  0.00117849390236   0.0006422301282 5.51164366233e-05 9.25753477115e-05 0.000279126286889 0.000315457029408 0.000380362507738  0.00033256610026 0.000397060911924  0.00058717481463 0.000540361341997 0.000605944713533 0.000753444092086  0.00118402053397  0.00141457649558  0.00232526448847  0.00522387739598  0.00566878285002  0.00358102111009  0.00482975607028  0.00452867782153  0.00360141500591  0.00426733880418  0.00421809989814  0.00361796573856  0.00413836197479
 0.00262679943572  0.00197454178014  0.00115543663074  0.00120006622913  0.00073605278208  8.8690902116e-05 0.000113473829517  0.00032319976187 0.000378433558481 0.000512537826651 0.000462984550448 0.000587416856119 0.000849756811928 0.000802364777421 0.000861288725511  0.00101167440987   0.0012833939113  0.00146192258421 0.000571846749211  0.00514612251843  0.00585154554094  0.00359116381423  0.00494525448939  0.00457334990013  0.00358201703561  0.00427723917017  0.00421868322762  0.00359043101038  0.00413143555524
 0.00217636570495  0.00271111717965  0.00170699189502   0.0016037170671  0.00109720936911 0.000367071683616 0.000354507409067 0.000121502192294 0.000177777091395 0.000354278559339 0.000325906378239  0.00048190540906 0.000774367922343 0.000746104459391 0.000818851894669 0.000946716650227  0.00106045159071  0.00125530808457 0.000228637581112  0.00490012637751  0.00571547215977  0.00364552759565  0.00506262494811   0.0046224123273   0.0036011310836  0.00428380475351  0.00420984627445  0.00358280421314  0.00411307070857
 0.00249717442987  0.00228692096114  0.00139571628789  0.00138536222402 0.000922822223693 0.000229997818319 0.000246272345476 0.000191004452711 0.000258099609856 0.000428461457933 0.000386588368727 0.000526191391984  0.00078944183387 0.000763113920275 0.000814543104929 0.000870873091196 0.000876072224016  0.00112357283765 0.000818993813878  0.00439534811281  0.00550926127484  0.00369320239657  0.00520817327205  0.00474618269282  0.00364041681886  0.00434470123228  0.00425720770854  0.00360486123346  0.00415843179846
  0.0022555272066  0.00283075962455  0.00183963058119  0.00169563979184  0.00119282101627 0.000480524380057 0.000461356321827 9.89484054609e-05 7.63468626515e-05 0.000211296943461 0.000190911247412 0.000303216818381 0.000505999282315 0.000513826616147 0.000545162854461 0.000522134679601 0.000447636783255 0.000830376151205  0.00159166395611  0.00388754732755  0.00514287805376   0.0037223714247  0.00522155638075  0.00480649321225  0.00367391456927  0.00437365911905  0.00428792352368  0.00364634933458  0.00418909402307
 0.00242306449402  0.00241513794246  0.00151251954924  0.00146580277238  0.00101344489449 0.000351548113821 0.000364609265173 8.17297252745e-05 0.000103581871108 0.000192711094949  0.00016864408835  0.00024131047507 0.000369087550023 0.000387455083528 0.000378403532545 0.000307531112743 0.000357469523062 0.000724717667047   0.0024155570125  0.00339973307401  0.00479524522432  0.00375981873056  0.00521861113156  0.00488362326658  0.00369629192063  0.00443528388634  0.00434579077312  0.00368306852986  0.00424129530699
 0.00231113476409  0.00290020332089  0.00196163840609  0.00179590855441  0.00131780679502 0.000677943627755 0.000652789328303 0.000355309112815 0.000300664065757 0.000214918895136 0.000245413952948 0.000221917988621 0.000288321591157 0.000320920204734 0.000306320589418 0.000299721662025 0.000567842744141 0.000468058535192 0.000648790631775  0.00419277604637  0.00489142484737  0.00357226454725  0.00524930512691   0.0048180749763  0.00362333068491  0.00438852784472  0.00433113711846  0.00367722847887  0.00423130694233
 0.00236476586596  0.00252422702577  0.00166252426888  0.00159588956435  0.00116961752708 0.000557999262458  0.00056586953119 0.000273005614418 0.000234616746761 0.000165182607347 0.000199270327143  0.00023062180265 0.000441898083361 0.000411039934682 0.000418473893592 0.000524655615656 0.000905231714577 0.000867545934702  0.00087121662202  0.00419769741003  0.00503246439536   0.0035094241267  0.00549938927903  0.00487590896072  0.00357130392402  0.00437887848673  0.00430920920263  0.00361535821668  0.00419965955251
 0.00122348191031 0.000890400166169 0.000968370687802 0.000740763159248 0.000435141300902  0.00033120178784 0.000301006867563 0.000180330448269 0.000180424070588 0.000169732332789 0.000200685539247 0.000269573146353 0.000515333496224 0.000467310284392  0.00049827046116 0.000642017271742  0.00110352552534  0.00106711673633  0.00103384919249  0.00402791096707  0.00504890435029   0.0035382813743  0.00569445964497  0.00495997207406  0.00357119144697  0.00437284192557  0.00427352661235   0.0035702970592  0.00415694326073
 0.00194411115863  0.00237965128893  0.00129713804739  0.00124252060848 0.000755078279363 6.83355646039e-05 7.17559809192e-05 0.000252398375346 0.000318690644745 0.000451454988203 0.000441795397999 0.000549980239926 0.000801411669177 0.000740661156893 0.000766840925119 0.000894271737815   0.0012816811769   0.0011970880742  0.00112246275544  0.00384742330074  0.00511471051023  0.00355633302476  0.00586756926435  0.00511793336247   0.0036014619859   0.0044317418441  0.00430064503455  0.00356982167552  0.00417373879934
 0.00262493861065  0.00209053095627  0.00119074655118  0.00120666236486 0.000771660959963 6.68793868433e-05 6.59990011849e-05 0.000359366204951 0.000450986551402 0.000634063460335 0.000607740008971 0.000757993138063  0.00105591333023 0.000986330505531  0.00101083305427  0.00113804165972  0.00143009806911  0.00132624486466  0.00124796380232  0.00352076950605  0.00499321335253  0.00365991323076  0.00596153426625  0.00531055752315  0.00368115748708  0.00454408135926  0.00437309375209  0.00361631636646  0.00423549667653
 0.00218120362224   0.0027701976617  0.00169995611135  0.00157188333651  0.00106993121922  0.00030609089655 0.000289081874649 0.000183404600236 0.000309419319641  0.00051981279521 0.000508837352381 0.000670699204376 0.000966940955202 0.000904221416583 0.000931407307357  0.00104163781925   0.0011923960757   0.0010944255884  0.00096852539774   0.0027896007888  0.00431331842859   0.0036786241565  0.00593889242401  0.00539479021115  0.00375590210529  0.00462598871746  0.00443910756112  0.00369738296426  0.00430028729324
 0.00250551886746  0.00231248007009  0.00135726960319  0.00132642283302   0.0008608122579 0.000118066698331 0.000140947441964 0.000293579327807 0.000405091743211 0.000592754375446 0.000561550932448 0.000693543911983 0.000917149239437 0.000849405410366 0.000848034096502 0.000886161592194  0.00083250541509 0.000765791719333 0.000899001348459  0.00209396040562  0.00379629586259   0.0039939147399  0.00571617324036  0.00555123668773  0.00369789800207  0.00465443020309  0.00449348340106    0.003725876282  0.00434853436058
 0.00225211443887   0.0028272327835   0.0017806401495   0.0016200881087  0.00111621087737 0.000383569335767 0.000363194037426 0.000118350692098  0.00021918773158 0.000361762017264 0.000342332698878 0.000418247418352  0.00052956644959 0.000474825585301 0.000452491884535 0.000415880640571  0.00016709291278 0.000299045850531 0.000613978514051  0.00153698765719  0.00309075046678  0.00403831194193  0.00541128329534  0.00539421991641  0.00373521461219  0.00470201054331  0.00451498539161  0.00374185202295  0.00435823313859
 0.00243395307674  0.00240587745865  0.00145303496048  0.00139242795988 0.000944037826771 0.000291182454219 0.000294665893382 0.000147273202209  0.00021564061605 0.000313712372452 0.000276174679172 0.000311619766312 0.000437205063915 0.000382279251221 0.000383931945035 0.000404170631322  0.00060504050022 0.000625579327692 0.000605218510961   0.0012857298956  0.00420913748427  0.00328838836493  0.00559895484298  0.00550942927375  0.00373482811785  0.00475807053351  0.00455571977046  0.00374232968885  0.00438371837446
 0.00231044050979  0.00288507873731  0.00189949486717  0.00172168965547  0.00124300836547 0.000589630899932 0.000562265001323 0.000260373204314 0.000223943712222 0.000199443184342  0.00017128898478 0.000172860779302 0.000386603131225 0.000346449619902 0.000371580427185 0.000463597257543 0.000775991989935 0.000738884640822 0.000753428472378  0.00125907633103  0.00395392420404  0.00315034024488  0.00574924189703  0.00563651757148  0.00377310628043   0.0047958110426  0.00457620679163  0.00375937782685  0.00439511480065
 0.00237888485507  0.00249341205568   0.0015762279817  0.00149878524693  0.00106524648794 0.000441628722406 0.000448391594785 0.000194295179313 0.000182996607113 0.000228877852176 0.000171202568835 0.000259865514947  0.00054081624384 0.000487971533585 0.000515873773628 0.000638452163206 0.000936573886476 0.000879959643311 0.000866084761104  0.00130558784371  0.00358224563449  0.00324364412411  0.00578976339357  0.00583300123235   0.0038439717184   0.0049136180327   0.0046591395516  0.00380479936318  0.00446042803787
  0.0023425125208  0.00291034648539  0.00196749544707   0.0017807181543  0.00130607116266 0.000653068495338 0.000626849351183 0.000299765208078 0.000221067682346  0.00013766320349 8.62086420973e-05 0.000169921528122 0.000451195317937 0.000403333974246  0.00043760813459 0.000560190548551 0.000784790997632 0.000724548686228 0.000694832965047  0.00110379324122  0.00307974606906  0.00341882316573  0.00559629911197  0.00584518223639  0.00392315646917  0.00500567744862  0.00472951815453  0.00387788036311  0.00452065515666
 0.00292447316391  0.00121675620742 0.000637606062871 0.000433590247991 5.50693768916e-05 0.000148826642455 0.000181197105327 0.000253902998516 0.000240643021052 0.000293750507794 0.000242865029185 0.000304389985722 0.000491388942477 0.000436530660213 0.000453774089818 0.000525775783105 0.000622030530802 0.000555080871201 0.000538564976166 0.000908141135197   0.0025090062447  0.00369286605444  0.00537700094582  0.00582931838529  0.00398714645808  0.00513015794537  0.00484245292939  0.00395776049272  0.00461609502162
 0.00229310006477  0.00264137157993  0.00146083463418  0.00131407216169 0.000777883982803 0.000145914508309 0.000171624333567 0.000235491712411 0.000252928633202 0.000292220560068 0.000264266762031 0.000298015324768 0.000333783918052 0.000294624433688 0.000290737337051 0.000295546142054 0.000240999660788 0.000226323547131 0.000407676861731 0.000966240961787  0.00197921877413  0.00430374182176  0.00472794150044  0.00556110278429  0.00387206007347  0.00506637816404  0.00483602057166  0.00396063432955  0.00461345607577
 0.00208610434149  0.00237055097853  0.00139124225078  0.00133816323093 0.000869134924315 0.000185849233316 0.000216528265876 0.000196279480763   0.0002177134738 0.000271022119891 0.000231543716395 0.000279489482231 0.000333686634279 0.000294501619583  0.00029464928273 0.000302387401199 0.000364795030813 0.000379248684122  0.00055454946897 0.000665791770877  0.00157787997936  0.00243952707271  0.00521539024578  0.00575100588779  0.00383683064977  0.00510655572227  0.00484077735061  0.00391367589885  0.00460089546746
 0.00237827631481  0.00292118876637  0.00188330138161  0.00173000769414  0.00124214074845 0.000563493227128 0.000535743288631 0.000228945006081 0.000154952672199 8.39581359227e-05 6.82718153743e-05 0.000108032014491 0.000282604800226 0.000259370171367 0.000298462398123 0.000366829981567 0.000566801496968 0.000595929460477 0.000665489201385  0.00071095482271  0.00144658726139  0.00236133184541  0.00523424009021  0.00597538860197   0.0038646155893  0.00515717714373  0.00483193164458  0.00387876171866  0.00457147444106
 0.00222872619413  0.00251871369267  0.00161495737746   0.0015604100217  0.00112713328153 0.000477793321369 0.000479739460716 0.000159275149073 0.000111688657999 0.000125510147162 8.85718581518e-05 0.000184012624425 0.000443061020105 0.000408665331469  0.00045170426286 0.000554683934895 0.000823947072736 0.000815579872359 0.000818053995184 0.000925736170742  0.00145398890331 0.000678727600932  0.00521419884082  0.00613151237227  0.00394267525162  0.00533281730202  0.00492081118739  0.00389872013455  0.00461859558003
 0.00238587530101  0.00299409389751  0.00203924591415  0.00186953878182  0.00140163337743 0.000735215769835 0.000700395207873 0.000331829725176 0.000241689175071 9.73896015695e-05 9.60929091682e-05 0.000101411065989 0.000402201404977  0.00037874372825 0.000433995458073 0.000560428382171 0.000832095353788  0.00079605820882 0.000777999996977 0.000885594798609  0.00126365743068 0.000218292156337  0.00500551691587  0.00606330197258  0.00403492616849  0.00547904443634  0.00502324529316  0.00396897867728  0.00467783613055
 0.00224793985641  0.00256664768112  0.00169326612714  0.00162286175539  0.00119607647614 0.000548197221015 0.000543018615754 0.000183368058683 0.000116908141483 0.000115355405489 8.33369829143e-05 0.000210591369526 0.000513755297189 0.000478977827623 0.000523805452331 0.000639675902444 0.000850657251871  0.00078676251332     0.00075409343  0.00080298877494  0.00107121944708 0.000564701620538  0.00468185360838  0.00592318732009  0.00412471385263    0.005644985636  0.00518952393155  0.00406709256764  0.00479181660462
 0.00237160802457  0.00296884958947   0.0020547644021  0.00187804568325  0.00141123690363 0.000747925683744 0.000708275932548  0.00033686324325 0.000241032879139 8.25425155733e-05 9.39810283688e-05  0.00011763478118 0.000376939022235 0.000356318867851 0.000397569783137 0.000486214352138 0.000586757122359 0.000515539457173 0.000451869926342 0.000422279985922 0.000732456779975  0.00162170580399  0.00399088687024  0.00553084058411  0.00417560040944   0.0056755216983  0.00528666906055   0.0041558346031  0.00486992610313
  0.0022538298566  0.00254748660405  0.00168666714875  0.00160935266983  0.00118462227963 0.000549018138806 0.000542373684906 0.000207786045874  0.00013588618165  5.6212853721e-05 6.49411768687e-05 0.000151790320066 0.000348278571921 0.000324919926993 0.000343863041635 0.000380480838782 0.000367219228762 0.000287737509141  0.00021244162098 0.000307544468772 0.000794166234336  0.00119011162273  0.00346455179238  0.00502146293863  0.00412234285553  0.00572195615928  0.00528761926643  0.00410993421927  0.00486539655296
 0.00117517320387  0.00101595103712 0.000917906397409 0.000671067367492 0.000371596877465 0.000310000305228 0.000269376633441   0.0001666403707 0.000145381324792 7.92134009817e-05 0.000109684748227 0.000129262902621  0.00017925029498 0.000202634146637 0.000227300841686 0.000232774607368   0.0002410111565 0.000182565418285 0.000228470973287 0.000441831708837 0.000617262420567 0.000896262590739  0.00422581549387  0.00530134622608  0.00422088730993  0.00581702933609  0.00536012691521  0.00413586132292  0.00489157576078
 0.00195830945767  0.00237562232528  0.00130985375494  0.00124181374527 0.000772519975477 0.000146346430237 0.000122250100477 8.93449392576e-05 0.000114725564786 0.000160729682413 0.000150571075766 0.000193249362313 0.000269373052364 0.000261287407266 0.000266948055433 0.000265236403836 0.000319809365462 0.000281855094991 0.000351162621643 0.000482509682038 0.000594207214229  0.00076149428959  0.00376856025293   0.0051149697189  0.00417260723435  0.00593520290898  0.00545606539802  0.00419167817993   0.0049681596635
 0.00260034603873  0.00213681562782  0.00128802141188  0.00129813269144 0.000894050408888 0.000259890981037  0.00024897949965 5.98803723479e-05 0.000105722575174 0.000201297237094 0.000180941874513 0.000262958677372 0.000384341287738  0.00035553106685 0.000346528800152 0.000343203213534 0.000377814711279 0.000355764079035 0.000401944323868 0.000484715136793 0.000572685174049 0.000683509997494  0.00323386123974  0.00472961621633  0.00423574386683  0.00607691714074  0.00559257456132   0.0042645991635  0.00506632355447
 0.00222444224232  0.00286923887296   0.0018742432311  0.00174858573743   0.0012934498721 0.000647778335178 0.000613986676669 0.000279794987468 0.000194644118305 8.60533307177e-05 0.000126107438368 0.000138812679154 0.000242851943987 0.000234096979719 0.000228991926816 0.000223503463644 0.000224491755649 0.000253282615728 0.000327920699313 0.000423073458276 0.000547079760328  0.00066150929277  0.00271908363652  0.00426945206789  0.00436300903779  0.00596083156337    0.005635988891  0.00432122662354  0.00512103034574
