0.000309076062083 0.000569946592813  0.00045358048705   0.0019376597704  0.00344039641062  0.00441152832154  0.00460192469614  0.00420242928115  0.00322646732341  0.00284455884383  0.00276253351565  0.00283251919258  0.00302072272017  0.00300741093317  0.00304484527291  0.00312716470613  0.00327576257818  0.00327268682835  0.00330356762158   0.0033809727277  0.00341605949705  0.00345540533578  0.00346295479955   0.0035087978769  0.00351595115854  0.00353030512626  0.00356021501821  0.00356585300583  0.00356454455083
0.000181024513506 0.000102112274848  0.00116908767694  0.00286102383586  0.00408066825284  0.00481249837501  0.00487963636104  0.00443620641876  0.00343510788845  0.00255294015245  0.00227664953205  0.00234095592681   0.0025378919345  0.00251583787823  0.00255900865009  0.00266776731824  0.00285971784992  0.00286467471305  0.00289758279536  0.00303328910052  0.00310937580764  0.00317377556886  0.00317387944472  0.00329824089128  0.00330197586953  0.00332354373828  0.00338474108009  0.00339364305096  0.00339994408633
0.000247748676439 0.000443569701404  0.00181775652272  0.00299200971721  0.00373693018196  0.00412515956885  0.00408524273698  0.00377085781454   0.0031090169104  0.00228939765195  0.00167765023603  0.00171234766069   0.0018330197327  0.00180938381958  0.00182630855112  0.00186981980478  0.00196835488493  0.00195643475824  0.00197456384967  0.00204222204554  0.00207296176111  0.00210193903629  0.00210468942162  0.00215060387665   0.0021409320868   0.0021506897986  0.00217062553283  0.00217095788703  0.00217716150556
0.000187789943515 0.000669033994987  0.00142246286205  0.00166119819695  0.00169282375535    0.001614942118   0.0014254507258  0.00117340934655 0.000831834318849 0.000413967671044 0.000282812548439 0.000755722228821  0.00102169198678  0.00102382182794  0.00103683958601  0.00104252043104  0.00103576616146  0.00104833532302  0.00105693612711  0.00107575313882  0.00107719239922  0.00107397799731   0.0010548804453  0.00105681089303  0.00107143800527  0.00105356879667  0.00106315493602  0.00106759593493  0.00106740277738
0.000190211287866  0.00239274344081  0.00261102317599 0.000642856071609 0.000471095650008  0.00105138986822  0.00142372748712  0.00166870105534  0.00180546006471  0.00186031128059  0.00183744622629  0.00170991774103  0.00163178840022  0.00167253056911  0.00169768447724  0.00172694186258   0.0017606871972  0.00177259838583  0.00177632830279  0.00177901438743  0.00178813323648  0.00181193305184  0.00180859925177  0.00180770969677  0.00179834095739  0.00181912892357  0.00184047784205  0.00183483056652  0.00182327597663
0.000188361312992 0.000516626590422  0.00111393183637  0.00142088357574  0.00075617982045 0.000338432336337   0.0011242897201  0.00174735073176    0.002135296309  0.00230788388557    0.002296850643  0.00207953579882  0.00193612451642   0.0019618980321  0.00198239162997  0.00200040232582  0.00201767878111  0.00201020682341  0.00201451426737  0.00201160472894  0.00201614052542  0.00200578688465   0.0020285144517  0.00204464997779  0.00204190233246  0.00204425412007  0.00202777985178  0.00203112843887  0.00204402749719
0.000189806649784 0.000353741649193 0.000873237043245 0.000945955504918 0.000693515431405 0.000288053493124 0.000409799882125 0.000837877008194  0.00119228773947  0.00146871356322  0.00167500774687  0.00196181768557  0.00217543309683  0.00219262005208  0.00220709787304  0.00221633941645  0.00222750129332     0.00223225133  0.00224845485251   0.0022702587771  0.00227601365041  0.00228144615422  0.00227848080456  0.00227641835918  0.00227991954051  0.00227476487693  0.00228229680853  0.00228099705022  0.00228662060218
 0.00026735007276 0.000598986195419  0.00100026045825 0.000157842034988 0.000613341301607 0.000980362811928  0.00116448180681  0.00137364788907  0.00159451229468  0.00183246582167  0.00205036422507  0.00224668680447  0.00235460168934  0.00236411451452  0.00236762478334  0.00237107129939  0.00237001130823  0.00237367445972  0.00237173919543  0.00236813129183  0.00236895448964   0.0023786417174  0.00235878106979  0.00237241648776  0.00237008197811   0.0023686129339  0.00236393682448  0.00237148981533   0.0023539361174
0.000234631571015 0.000204901388525  0.00116012462846  0.00158620175956 0.000921157221509 0.000346141991877 0.000925789592424  0.00147399362623  0.00182583865487  0.00208461557654  0.00227857010138  0.00248004072926  0.00262569033969  0.00262377168965  0.00262560959828  0.00263298200414  0.00263879800483  0.00263661590579  0.00264616689106  0.00264637180566  0.00263840622937  0.00262390288008  0.00262659699883  0.00263481092943   0.0026461226697  0.00264947386183  0.00266323558787  0.00265933819523    0.002672980673
0.000253233631323 0.000260273037625  0.00193686177315  0.00100331816836 0.000601743861113 0.000943342441844  0.00103567610517  0.00125928270665  0.00156972027126  0.00194013273222  0.00231922733843  0.00273162083048  0.00296889411645  0.00297050529092  0.00297509484806    0.002971147825  0.00297019113134  0.00296775236646   0.0029527466638  0.00295133379064   0.0029533066071  0.00294899050183  0.00294845956896  0.00294512281398  0.00293928051361  0.00293257644543  0.00291842282329  0.00291590426074  0.00290877887304
0.000292836473204   0.0017346378656  0.00264959486408  0.00350785850117  0.00426246327006  0.00357142034861  0.00271568161105  0.00207805205521  0.00198061172301  0.00227754944394  0.00277699322308  0.00335284404601  0.00377400606889  0.00392532294373  0.00393185646708  0.00393143766048  0.00391651798994  0.00391829826394   0.0039151606534  0.00389374667434  0.00388492490886  0.00387419668875  0.00387036471236  0.00385783433973  0.00387139228977  0.00387207168367  0.00385862585925  0.00385229395612  0.00385454151291
0.000237223142102 0.000953482766015  0.00301538215833  0.00395811374448  0.00368340636081  0.00334101169596  0.00305158585728   0.0029409128627  0.00295495342845  0.00313457239483  0.00338101998717  0.00371620610916  0.00402930043195  0.00410885169777  0.00413228499214  0.00417411890047  0.00425124695299  0.00424809491361  0.00425902641649   0.0043144331068   0.0043307334711  0.00436563606955  0.00436359421719  0.00437324082994  0.00437739063303  0.00439292584602  0.00440851267927  0.00440971321715  0.00438875705373
0.000347167108051 0.000591983716584  0.00429200475885  0.00464723484634  0.00252530089727   0.0018328286665  0.00277278363351  0.00374939176636  0.00441727951818  0.00473141796694  0.00477557005407  0.00464082159231  0.00435812280767  0.00419833872636  0.00419959077226  0.00419023941804  0.00415745519474  0.00415399813077  0.00415678124963  0.00414484995806  0.00415359159707  0.00413280708837  0.00413950643115  0.00413908811388  0.00412887041713  0.00412322804812  0.00410937795934  0.00410681118231  0.00412642768833
0.000281185191851  0.00158322066237  0.00631757283167  0.00717124937283  0.00589539540352  0.00509080669329  0.00437000010788   0.0038852971068  0.00365558868287  0.00364461214844   0.0037458092447  0.00389114066159  0.00407701266457  0.00418215258072  0.00417338709181  0.00417619107731  0.00418669786824  0.00419476781509   0.0041971670519  0.00420313422806   0.0042017348882   0.0042142269887  0.00420212443538  0.00423005455695  0.00423505190736  0.00423628584478  0.00425052095999  0.00425674378921  0.00427500862986
0.000288040953444 0.000637878833649  0.00305079858317  0.00236265858773  0.00208730315919  0.00297189707407  0.00381266530951  0.00444662860512  0.00475847350637  0.00486092601284  0.00484916552628  0.00485287569065  0.00490219540303  0.00491339928432  0.00492196389151  0.00494239541453  0.00495985667387  0.00495446978127  0.00495147336119  0.00494807858506  0.00494779227177  0.00494177784262   0.0049403316523  0.00493021166776  0.00493717423726  0.00493350075426  0.00495059385671  0.00495573452769  0.00493750337311
0.000589261400403 0.000743230811266  0.00226582782216  0.00282095633083  0.00252627515472  0.00276367307118  0.00315165820124  0.00360539324701   0.0040305531547  0.00439345894086  0.00460940072498  0.00467907643921  0.00456880478367  0.00445870145921   0.0044599833434   0.0044594024899  0.00448567464941  0.00449276849001  0.00449750193501   0.0045231437139  0.00454917005023  0.00456081424087  0.00457158729808  0.00458675380674  0.00458265759459  0.00459394629189  0.00459439526117  0.00460143476167  0.00460555061459
0.000160386514891  0.00144913781201  0.00444921021651  0.00409817896057   0.0046840959201  0.00436818352554  0.00389993776596  0.00341536147506   0.0034184067996  0.00365283243875  0.00400816528635  0.00432801539708  0.00472960195393  0.00501916491448  0.00500718685756  0.00497424609044  0.00491359357702  0.00490088251029  0.00491011908881  0.00487718305061  0.00483618292927  0.00481828911489   0.0048294044832  0.00480858774517  0.00481493984587  0.00482135054019  0.00481657550134  0.00481987159489  0.00481428575466
0.000206192786324  0.00108886683848  0.00312775048718   0.0042363594877  0.00466337276328  0.00509852045309  0.00495499952464   0.0047917236549  0.00469835846206  0.00469945498167  0.00474126107096  0.00496270187657  0.00541348843079  0.00589082199334  0.00607599761366  0.00608775470934  0.00611422522573  0.00612745708473  0.00611181560963  0.00612143917709  0.00615049216576  0.00616257176701  0.00616479833523  0.00617098939838  0.00617556884206  0.00617835563026  0.00618294886855  0.00618941301877  0.00620901105633
0.000167251115499 0.000950527271362  0.00280359107377  0.00429668815951  0.00564971194903  0.00619529741178  0.00630706250802  0.00651664046319  0.00664850857967  0.00667313570366  0.00658516809668  0.00651182284517  0.00651877646782  0.00636313445232  0.00627459789001  0.00632732455436  0.00643158569293  0.00642997348013  0.00647203454617  0.00655649950601  0.00659430699668   0.0066398619019  0.00663784341161  0.00672069763768  0.00672464973214  0.00674170956522  0.00678751396637  0.00678924682401  0.00678815342578
0.000216474473761 0.000704627486561    0.001635671019  0.00271476196517  0.00355725281016  0.00445793295423  0.00565114369713  0.00654110019888  0.00705144290397  0.00727395984854  0.00722020819708  0.00694936792334  0.00643732412599  0.00600907252247  0.00591627853807  0.00590777144434  0.00589676826184  0.00590234734272  0.00589727532001  0.00589396312223  0.00589884249555  0.00590004852394  0.00592229517667  0.00591781062134  0.00593166530793  0.00592523022144  0.00592473884899  0.00594444809215  0.00596117069772
0.000173860420949 0.000884770155426  0.00241489390634  0.00357048851244  0.00406777105077  0.00408642888199  0.00431614667828  0.00467451698482  0.00499420032689  0.00523922146548  0.00538170815292  0.00547681442035  0.00554854668992  0.00557068492522  0.00557633624011  0.00558237671196  0.00560113397726  0.00561092439213  0.00562816698816  0.00563857467864  0.00564581241177  0.00566044225466  0.00567123106379  0.00566301581802  0.00567666253664  0.00562019183991  0.00521352422727  0.00490958871848  0.00468840719096
0.00019705429412  0.0013028856853 0.00352161253885 0.00621355969751 0.00714061377985  0.0058851867458  0.0052829318092 0.00499298295644 0.00491939826635 0.00488762202494 0.00496695588373 0.00505094271648 0.00517250786148  0.0054255386922 0.00548136921687 0.00543883926271 0.00536793516082  0.0053784558836 0.00537131457015 0.00503436777714 0.00454533255483 0.00422174965402 0.00401193860699 0.00382450051619 0.00372589287694 0.00365558322403 0.00359166094394 0.00355790470647  0.0035334981509
0.000179830022833 0.000753890488764  0.00215471900968  0.00328000989774  0.00407252866904  0.00442270580211  0.00471842469423  0.00501745923445  0.00521633464415  0.00538571426233  0.00550060750015  0.00565573087774  0.00587381934513  0.00600974020606  0.00606206561427  0.00608141243984  0.00554188507798  0.00514068073772  0.00491201808028  0.00478631643773  0.00470380713166  0.00465581943017   0.0046124562512  0.00461066943708  0.00459285499302  0.00458265373405  0.00458649482207   0.0045820182126  0.00457809900884
0.000204262328618 0.000661179000742  0.00191974421602   0.0032639526806  0.00413962693044  0.00455575618804  0.00481679377113    0.005142652663  0.00543985024641  0.00571920501549  0.00591072041918   0.0060646153239  0.00618166414088  0.00612073253751  0.00543177168655  0.00505047353378  0.00484840253658  0.00471147349763  0.00463013029716  0.00460351865719  0.00458073350123   0.0045596587948  0.00455091216202  0.00455418652603  0.00455680889788   0.0045493314524  0.00455010998885  0.00455312541964  0.00454952828196
0.000185875338788  0.00075259904746  0.00206125168234  0.00301793865959  0.00366895943363  0.00408855573539    0.005051513504  0.00576162945831  0.00601072529998  0.00607792076836  0.00608876899709  0.00613494160918   0.0056922185405   0.0052379778479  0.00495799853392  0.00478711761565  0.00469069561094  0.00462594904831  0.00459087226037  0.00456877104449  0.00455481620998  0.00455289475447   0.0045468911801  0.00454436682317  0.00453484151685  0.00454057299789  0.00453696931795  0.00453184733256  0.00453379302839
0.000193577278808 0.000720040625146  0.00201114458148  0.00323216704362  0.00422257107407  0.00432576698164  0.00413953504325  0.00435814515702  0.00460287220158  0.00487280507276  0.00507317109851  0.00462286402207  0.00428394276563  0.00404231427248  0.00390717548502  0.00384157300499   0.0038107384103  0.00378904207627   0.0037750729932  0.00376984506547  0.00377069424075  0.00376668916274  0.00376596611774  0.00377830944639  0.00377436029745  0.00377806974124  0.00379150853173  0.00378970894421  0.00379041477442
0.000177257446256 0.000709405977907  0.00207924419096  0.00316688213926  0.00389521660224  0.00388864560686  0.00406734288995   0.0044710042128  0.00476521640702  0.00479702867103  0.00436181801286  0.00406240321012  0.00385735352884  0.00375417494129  0.00368313921253  0.00363373810786   0.0035756040347  0.00356426905042  0.00354733397891  0.00351676028104  0.00349623071284  0.00348076356297  0.00348048568391  0.00345123757489  0.00345465358636  0.00344605391708  0.00342900960817  0.00343193833911  0.00343110257876
0.000193492499428  0.00071358354427  0.00192398631871  0.00272322234102  0.00310633415951  0.00325871488898  0.00330641424455  0.00349646397224  0.00362679304865  0.00335429800066  0.00312827953461   0.0029936267234  0.00295137414976   0.0029034467482  0.00288682971386  0.00289937405708  0.00295144807643  0.00294815384245  0.00295683020018  0.00299696749968  0.00301631266765  0.00303458100864  0.00303207977891   0.0030615478492  0.00306261774559  0.00306623812634  0.00307379846668  0.00307222115946  0.00307113234524
0.000215638851702 0.000595693691749  0.00156050572085  0.00246685375052  0.00323372815398   0.0034737531404  0.00351535090265   0.0035448760297  0.00316955449187  0.00284553631977  0.00266164486772  0.00253198452679  0.00242889652209  0.00239029836021  0.00236638895167  0.00233985680388  0.00229745599267  0.00229613549917  0.00228686981821  0.00225531089104  0.00223902589708  0.00222444039234  0.00222309042916  0.00220827006736  0.00221067957416  0.00220816649514  0.00220480871522  0.00220947561643  0.00220862633569
0.000215210098982 0.000663010579728  0.00176029881112  0.00239393729962  0.00284470071296  0.00311948427295  0.00335845661041  0.00339045303726  0.00316259084291  0.00296825557026  0.00280869908579  0.00266932022179   0.0025523002448   0.0024750724448  0.00247179169259  0.00246725410028    0.002465602113  0.00246776285926  0.00246624976744  0.00246276068567  0.00246529719108   0.0024700609838  0.00246001653639  0.00246164493839  0.00245843817441  0.00245900180022   0.0024599529015  0.00245693984645  0.00245905094977
0.000192956007431 0.000729144460108  0.00199299767883  0.00279079100651  0.00320429802041  0.00342454973854  0.00360892158266  0.00348378501539  0.00333603119901    0.003224840441  0.00312611457681  0.00304488273166  0.00298095671788   0.0029177332727  0.00288134553349  0.00288141815199  0.00289300311922  0.00289468028985  0.00289897134977  0.00291040613161  0.00290912809704  0.00290970714802  0.00291755795755  0.00291834641108   0.0029183711025  0.00291948135306   0.0029226650915  0.00292399817549  0.00292464064406
 0.00018707908988 0.000800382767147  0.00218481179714  0.00303646412452  0.00341614380348  0.00366071012231  0.00377097611339  0.00351632361125  0.00336306722812  0.00325524918994   0.0031987946452  0.00315406602631  0.00310924071236  0.00310348108887  0.00309545443987  0.00308554684295  0.00305471894057  0.00305707975756  0.00305289886215  0.00302984668029   0.0030269704792   0.0030172188676  0.00301618186414  0.00300328836441  0.00300208486308  0.00300055637157  0.00299405673079  0.00299339840152  0.00299426598465
0.000198962307375 0.000676617469469  0.00178814908747  0.00251882721578  0.00277183149002   0.0029493101385  0.00298343035745  0.00282438087228  0.00273880624681  0.00271602100274  0.00269043825155  0.00270933085339  0.00277181419911   0.0027725640909  0.00279047513208  0.00282208271095  0.00288604214754  0.00288753028259   0.0029022458253  0.00294223155396  0.00295461028099  0.00296810979664  0.00297141723921  0.00299151699316  0.00299461675788  0.00300020547206  0.00301397458931  0.00300915072539  0.00300714484129
0.000214304928798 0.000655218852483  0.00179281270077  0.00247702875929  0.00269778641592  0.00272495228593  0.00259207526356  0.00237933102672  0.00228718639154  0.00226085815733  0.00227561243813  0.00228081236575  0.00226454134317  0.00225493664107  0.00223531429174  0.00222600125714  0.00220623197287  0.00220694314792  0.00220409246462  0.00219200489182    0.002186266873  0.00217928899072  0.00217936890896  0.00217367167666  0.00216805333076  0.00216647805751  0.00216288301724  0.00216804267691  0.00216843328847
0.000360746434002 0.000470291984188 0.000866720141259  0.00101120349681 0.000861372844445 0.000910892956638  0.00103825593329  0.00122161310158  0.00137400868342  0.00146720363887  0.00148831175122  0.00142770334799  0.00127306414577 0.000963751988575 0.000605171104857 0.000558488744737 0.000675626722872 0.000667904751041 0.000699617082749  0.00075960988977 0.000808246992643 0.000827594905921  0.00083469661849 0.000875135332178 0.000895652821085 0.000898395661116 0.000903841875211  0.00093215911629 0.000932168743903
0.000319325808184 0.000380473494672 0.000802852230821  0.00113071466088 0.000926248143726   0.0005238158687  0.00110631534943  0.00175735973755  0.00228473474114  0.00259761695566   0.0026483806288  0.00237663327808  0.00174151303362 0.000764374021932 0.000185280588893 0.000204052116127 0.000262373461961 0.000261406404027   0.0002753577234 0.000315726214203 0.000323118170463 0.000336114017084 0.000339476688479 0.000350872707687 0.000353782856862 0.000356705129502 0.000365180149692 0.000346491939997 0.000359131293457
2.74277765356e-05 0.000333082310268  0.00069281776179 0.000617691914639  0.00060166481923 0.000594882878087   0.0011255497487  0.00174110704449  0.00225291104878  0.00254229927865  0.00254087462488  0.00217783889355  0.00145325138805  0.00052953560411 0.000138459888913 0.000155374581195 0.000200192973415 0.000199703712271  0.00020801563543 0.000248183861527  0.00025634889319 0.000288119032792 0.000274106573382 0.000318011459193 0.000299033135233 0.000299706702555 0.000318246934622 0.000308532052262 0.000311613233177
8.32058799283e-05 0.000390543304292 0.000730676462616 0.000844091345385 0.000615664043738 0.000458681425262  0.00102935484715  0.00152949728291  0.00188712096804  0.00201285373238  0.00184948951379  0.00134384531392 0.000498153594512 7.20457697093e-05 8.72214071589e-05 0.000108382257481 0.000166696105401 0.000175860601785 0.000176486882139 0.000209110743301 0.000221016537651  0.00023122001922 0.000233997767223 0.000256396006054 0.000265780397868 0.000265189941324 0.000280099894552 0.000285330404513 0.000279649069477
0.000138355144315 0.000780580187346  0.00103699713436  0.00116641795292 0.000928856545687 0.000342613477405 0.000676508995091  0.00122192818761  0.00160587660222  0.00175942912983  0.00163491259738  0.00118412854213 0.000453432782282 8.45046302487e-05 9.78054751542e-05 0.000118775659173 0.000144155024438 0.000135818453376 0.000146022863659 0.000167404858685 0.000183243381274 0.000183064290486 0.000191560727929 0.000213468532784 0.000206571669808 0.000220872924834 0.000230125258287 0.000232281949385 0.000222414426403
5.51493660922e-05 0.000512236845443   0.0008208054481  0.00100186482934  0.00082263413622 0.000441715192244 0.000903821474451     0.00140654884   0.0017621896961  0.00185983088735  0.00160914377862  0.00095194608699 0.000266149466143  4.1649253422e-05 4.53181576669e-05 7.39617094751e-05 0.000107788314161 0.000109545659451   0.0001166954133 0.000141823050335 0.000151208746194 0.000187580729884 0.000174372671718 0.000196478867354  0.00018960443584 0.000195886710214 0.000203739586761 0.000203384731912 0.000203627299886
7.47576576729e-05 0.000397745361976 0.000707934258401 0.000896871205844  0.00070140445963 0.000504649679849  0.00111023490822  0.00157377168618  0.00185870428033  0.00184502570689  0.00143990463048 0.000558969265161 1.60578800987e-05 9.38005259544e-06 2.16920260871e-05  3.9777916686e-05 7.39692166193e-05 7.32757805564e-05 8.50943255107e-05  0.00010937478806 0.000121354247942 0.000135039185896 0.000133887081156  0.00015459878572 0.000161018058353 0.000158707690959 0.000171659325329 0.000172993041426 0.000170956596211
 4.1621303003e-05 0.000458053966642 0.000775852485144  0.00104186972431 0.000913777130552 0.000594771123433  0.00110526534767  0.00162176466001  0.00193789739385  0.00194188775906   0.0015212116101 0.000603016856441 4.03802021765e-05 3.22460472145e-05 2.79707677567e-05 3.97657318326e-05 7.72144758405e-05  7.6735503128e-05 8.39578625521e-05  0.00010755186178 0.000124243381107 0.000122571306522 0.000128710392073 0.000139866225876  0.00013471563639 0.000141410187782 0.000145456605765  0.00014731140237 0.000145278466845
9.81659528302e-05 0.000424353286758   0.0010853875513  0.00185482762489  0.00260076011269   0.0034437287421  0.00311125939877  0.00288900004235  0.00271222331295  0.00222898066795  0.00115934256988 0.000241835684166 3.02722690068e-05 2.09812625324e-05 2.20598974037e-05 4.02878265711e-05 7.00375572031e-05  7.0051825643e-05 7.78565566728e-05  0.00010039671573 0.000112186528892 0.000115564868458 0.000117279279336 0.000126039316298 0.000124345112896 0.000126392010883  0.00012967722958 0.000130375764499 0.000131682412606
9.86532216734e-05 0.000470515150818 0.000785280195131  0.00103292341455 0.000982338449586 0.000840978340305  0.00120322273873   0.0016017089212  0.00160394666856   0.0012655015292 0.000578758363619 0.000148288696527 8.70851799202e-05 5.97446144998e-05 5.82586876045e-05  5.6271175623e-05 6.90983707043e-05 6.91591774529e-05 7.24552699477e-05 8.38257812591e-05  8.8748116164e-05 9.26913149446e-05  9.3475331835e-05 0.000101377827846 0.000104264431244 0.000106795310219 0.000108320655915 0.000111876491556 0.000113108548018
5.17649636293e-05 0.000434182661622 0.000871428983007  0.00134063893525  0.00154580566369  0.00127479934491   0.0009818603102 0.000990455124131  0.00094061691687 0.000805122015178 0.000383077210179 9.31715639439e-05 6.96405275792e-05 6.00943824955e-05 5.86994313203e-05 6.35284376669e-05 6.50521507731e-05 6.77300085112e-05 6.85719437681e-05 7.28609164559e-05 7.48115859891e-05  7.8712237175e-05 7.72961988718e-05 8.72366053673e-05  8.7866581472e-05 8.87499650806e-05 9.82897770408e-05 9.91802762444e-05  9.9120772791e-05
2.27895609523e-05 0.000370613882879 0.000707978068787  0.00100186221862 0.000919370576859 0.000484587377047 0.000919197310464  0.00150374515677  0.00167617648491  0.00145754927994 0.000634506250355 8.83969928917e-05 5.13686248556e-05 2.29284336256e-05    2.37545011e-05 3.36211805224e-05 5.25657366133e-05 5.00964720465e-05 5.19650122544e-05 5.99231803339e-05 6.64716089387e-05 6.92226685544e-05 6.98521611886e-05 8.09099230039e-05 8.05644775279e-05 7.94193884771e-05 8.15050092942e-05 8.26285503981e-05 8.24221693496e-05
 2.0237661081e-05 0.000407737214447 0.000848565304615  0.00135355757379  0.00152156111513  0.00113841808562   0.0013544000072   0.0020480572234  0.00217878438826   0.0016920154368 0.000648651104098 6.78604708399e-05 4.32518153542e-05 2.25703104359e-05 1.83794514535e-05 2.49127683774e-05 3.84940353037e-05 3.84529392354e-05 4.23549810268e-05 5.09357236698e-05 5.71713544614e-05 6.27428240826e-05 6.32246931296e-05 6.87171255423e-05 6.75124729598e-05 6.90547606148e-05 7.09783909208e-05 7.22994809563e-05 7.26887746314e-05
3.36647016572e-05 0.000358913396676 0.000728096767314  0.00114167164665   0.0014494204129  0.00153176762143  0.00181631193605  0.00226259909323   0.0019603653695 0.000886494051551 0.000159788351929 4.45816075809e-05 2.02837154881e-05 6.79637883957e-06  6.6651070992e-06 1.41334921967e-05  2.9405770145e-05 2.86017745446e-05 3.16431700925e-05 4.36705699142e-05 4.78270731705e-05 5.05432220297e-05 5.11797462665e-05 5.92834229455e-05 5.84829464635e-05  5.8787540106e-05 6.30296178471e-05 6.04528400152e-05 5.98305373638e-05
1.81879016958e-05 0.000297652153569 0.000661805414267 0.000992877196938  0.00117283284229  0.00122880834603  0.00155392171232  0.00204825332928  0.00188066680155 0.000872399857016 0.000174782807083 6.29212418581e-05 3.03807011562e-05 1.63105869965e-05  1.2657960948e-05 1.68792179472e-05 2.95595767517e-05 2.83867312794e-05 3.04263375924e-05 3.97146462121e-05 4.30989013751e-05 4.66854302701e-05 4.74222410643e-05 5.23804680198e-05 5.07923834708e-05 5.16801298996e-05 5.36159985231e-05  5.7183145504e-05 5.77987335782e-05
7.86160215842e-05 0.000393655371883 0.000695279609005  0.00105948864501   0.0011421521526  0.00106174975283  0.00140887316914  0.00193732629621  0.00184582518072 0.000836416122721 0.000152870088099 5.34322428374e-05 2.79052305182e-05 1.42184768391e-05  1.1285545729e-05  1.3505001274e-05 2.21352094816e-05 2.14225885178e-05 2.31313485382e-05 2.94954956799e-05 3.26489420316e-05 3.59038573365e-05 3.70406710397e-05 4.35821192956e-05 4.28312432454e-05 4.52703786064e-05 4.94732237345e-05 4.91438837784e-05 4.90259453182e-05
5.80874353156e-06 0.000325385077491 0.000705476198857  0.00112836382234  0.00116670875175 0.000920957824674  0.00120604803256  0.00179860857474   0.0015858493531 0.000578041966365 0.000146537406045 5.92612364671e-05 3.20625432152e-05 1.73048713642e-05 1.31844962744e-05 1.39751700508e-05 1.83744305811e-05 1.72735489596e-05 1.85139455019e-05 2.38174931803e-05 2.76381078058e-05 3.03892057673e-05 2.99238183007e-05 3.44706858985e-05 3.46527555466e-05 3.49168469965e-05 3.64422339127e-05 3.66972061221e-05 3.71616073395e-05
3.98656360132e-05 0.000253730588567 0.000710011355102  0.00108921100061  0.00101314188295 0.000799730933031  0.00118270287777  0.00167665469298  0.00147476254984 0.000545933850273  0.00015755727172 6.15331751998e-05 3.22402276554e-05 1.69707420621e-05 1.14219733005e-05 1.16280887809e-05  1.7833813744e-05  1.7224518549e-05 1.83505401092e-05 2.30211389135e-05 2.49218134938e-05 2.65228599663e-05 2.69996861252e-05 3.05440645339e-05 3.03456023618e-05 3.12370837271e-05 3.25887225082e-05 3.33676480216e-05 3.32584016949e-05
3.35982429082e-05 0.000302587644356 0.000713406388559 0.000980572068253 0.000974303360547 0.000853000630816  0.00140390935812  0.00166452156562  0.00129905120566 0.000518180293585 0.000171051363727 6.66589385003e-05  3.2491542551e-05 1.57966590241e-05 9.81476319538e-06 9.01852117163e-06 1.31604951035e-05 1.24931600876e-05 1.32850159184e-05 1.66643801223e-05  1.9134958162e-05 2.13565551495e-05 2.13394870332e-05 2.48457737437e-05 2.50930259144e-05 2.56704297328e-05 2.73969970387e-05 2.74629736351e-05  2.7574335742e-05
6.07429765775e-06 0.000301882137794 0.000737053521567  0.00106964982308 0.000993671703075 0.000828119937845  0.00137402736297  0.00163531926569  0.00127245763335 0.000542850226626  0.00018007389929   6.729963324e-05 3.15149925716e-05 1.36803772779e-05 7.24722711573e-06 7.43302973601e-06 1.18923976482e-05 1.10969551812e-05 1.20788375551e-05   1.598549601e-05 1.77463673499e-05 1.87655534273e-05  1.9087092667e-05 2.10824772126e-05 2.11853327539e-05 2.20730045183e-05 2.31915184782e-05 2.39451148665e-05 2.39556481544e-05
3.56087504199e-05  0.00032095095799 0.000799819431808  0.00123599565614  0.00116098174202 0.000879069522331   0.0013855129597  0.00165047433876  0.00127327516355 0.000588329029098 0.000195350528274 7.44611110867e-05  3.3686708698e-05 1.37461094181e-05 6.66776534638e-06 5.06959002884e-06 8.08108136968e-06 7.06517096684e-06 7.61037015716e-06 1.01767828158e-05 1.15589588266e-05  1.3123140335e-05 1.29968744312e-05 1.77371071024e-05   1.758691786e-05 1.82143209841e-05 1.99528459151e-05 1.97936983396e-05 1.99694945805e-05
6.63950715938e-05 0.000239612005059 0.000737038178011  0.00109140229666  0.00101321807294  0.00103056589424  0.00146406097504  0.00148652061563  0.00120509383264 0.000616282893569 0.000204753169526 7.11376353601e-05 2.97817051203e-05 1.01418366777e-05 2.42288290249e-06  1.6178595339e-06 4.64288962788e-06 3.72515407441e-06 4.20646771539e-06  7.1043231431e-06    8.94930647e-06 1.04369394188e-05 1.06736332439e-05 1.34586048047e-05 1.27246702131e-05 1.34456120736e-05 1.51468070425e-05 1.55463440736e-05 1.55838014647e-05
3.32472218855e-05 0.000359355375251 0.000844449155102  0.00114123582933  0.00104129311683   0.0012492057244   0.0016326082415  0.00149675823356  0.00119334626031 0.000663135063904 0.000221199684498  7.7347493367e-05  2.9741663548e-05  7.5118666848e-06 1.02603179117e-06 2.07505302409e-06 2.04405897332e-06 1.72178686105e-06 1.73969364909e-06 5.03934115531e-06 7.60128438829e-06 9.27330069009e-06 8.99469012541e-06 1.10043259337e-05 1.08204634851e-05 1.08539805195e-05 1.07308504102e-05 1.14647131796e-05 1.15649046961e-05
5.69172382605e-05  0.00029722975259 0.000816502096559  0.00109321884597 0.000993102863615  0.00123804543729  0.00162918168306  0.00150387061764  0.00118958197904 0.000722107730733 0.000242229146414 8.44117068009e-05 3.19595597861e-05 8.49240337625e-06 1.40781850583e-06  3.1251158922e-06 8.06815546763e-07 1.62361240475e-06 1.21018087679e-06 1.50223266996e-06 2.86634307864e-06 4.36938520991e-06 4.39401192936e-06 6.57262751081e-06 6.60287955304e-06 7.11743268271e-06 8.16427876202e-06 8.12044692767e-06 8.11279456992e-06
3.54379874996e-06 0.000285904714444  0.00080667333878  0.00107228966157 0.000950489605335  0.00118647518217   0.0015851392541  0.00148968961599  0.00117661822675 0.000787950353176 0.000268296891323 9.63085039935e-05 3.72239673857e-05 1.20951085256e-05 2.82629163881e-06 1.68698203959e-06 1.05187053676e-06 2.11924979897e-06 2.03801318919e-06 3.61189060578e-07 7.75918496343e-07 2.00216928638e-06 2.04517314627e-06 4.15099965595e-06 3.84072961005e-06 4.15455281846e-06 5.25630689031e-06 5.48606380703e-06 5.72697263058e-06
1.83285824693e-05 0.000262831192252 0.000788742788034   0.0010512560508 0.000931598933476   0.0011274113805  0.00154303578685  0.00148243836397  0.00116053085123 0.000861466390125 0.000286422962252 9.98973144553e-05  3.6101684059e-05 9.59027860937e-06 1.82229727836e-06 5.14908428481e-06 3.87509559996e-06 5.21731516508e-06 5.04336671362e-06 2.73711716869e-06 1.64676127401e-06 4.85560904128e-07 5.02129528979e-07 1.82789693993e-06 1.82775233164e-06 2.29870448645e-06 3.22607639328e-06 3.58645753308e-06 3.55148518193e-06
3.17988139269e-05 0.000276087838716 0.000828984695067  0.00106881115821 0.000916196703084  0.00101814826944  0.00140627548631  0.00142469498465  0.00113412089482 0.000872713444673  0.00031295434857 0.000108573676637 3.95738175446e-05 1.16671120297e-05 2.16865972856e-06 4.39520074998e-06 3.38264016583e-06 4.33427926342e-06 4.46966366935e-06 3.46103867998e-06 2.80575639243e-06 2.30790682951e-06 2.28214039221e-06 1.41560048312e-06 1.42182711771e-06 1.20249576439e-06 8.84315772642e-07 9.30218323456e-07 9.58920271819e-07
 2.2232093941e-05 0.000271470540665 0.000797824196313  0.00107164395348 0.000957378400291 0.000896988401722  0.00119934656099  0.00133503430932  0.00113790711494 0.000915570337514 0.000350550603558 0.000123745764862 4.39732471437e-05 1.25990540965e-05 2.46597437794e-06 5.70810237083e-06 6.54286656486e-06 8.19469194775e-06 8.22316928129e-06 6.48678342666e-06 5.56499863776e-06 4.68904108293e-06  4.7275767783e-06 3.26786133621e-06 3.22306202068e-06 3.03859619224e-06  2.5048847791e-06 2.28121521287e-06 2.26593824252e-06
1.85873068336e-05 0.000306491231907 0.000817532565869  0.00112117424278  0.00101527472482 0.000818234954557  0.00101015889151  0.00120926353587  0.00109898480618 0.000938887510507 0.000371900127466 0.000129256776853  4.7164658181e-05 1.50697425127e-05 2.93872439934e-06 4.46759416106e-06 5.21861241219e-06 6.56347113131e-06 6.89493922675e-06 6.42437404089e-06 6.14240694349e-06 5.69229640474e-06  5.6789884757e-06  4.7526581191e-06 4.76059822819e-06 4.58506206998e-06 4.11427228947e-06 3.99479584658e-06 4.05248469999e-06
4.91783603371e-06 0.000177683235907 0.000722154514777 0.000981046320559 0.000785442370886 0.000859417891727   0.0013418830714  0.00143035886579  0.00118672686824  0.00086159350198 0.000386950531244 0.000129949500524 4.54216178851e-05  9.2138872521e-06 5.82216786427e-06 9.60571298315e-06 7.74013814058e-06 9.09022024186e-06 9.02245325756e-06 7.82933434392e-06 7.07630293407e-06 6.75512071668e-06 6.92489725624e-06 6.05862930854e-06 6.12856095278e-06 5.89487481098e-06  5.6008865874e-06 5.54363488248e-06 5.66433317255e-06
1.94068883864e-05 0.000223176398186  0.00074701286578 0.000935062885005 0.000754876473717  0.00096576813134  0.00152776323444  0.00159558180085  0.00129424002164 0.000897143217849 0.000436493134367 0.000148472380546 5.44174478442e-05 1.59024629949e-05  3.5029672486e-06 7.10427884453e-06 8.12867039649e-06  9.9530393988e-06 1.03565646275e-05 8.73586998619e-06 8.22265389984e-06 7.76372342317e-06 7.75678777605e-06 7.24473714465e-06 7.26020366938e-06 7.26672452573e-06 6.91481106575e-06 6.85750328685e-06 6.85473845455e-06
 1.8923774525e-05 0.000249600004344 0.000700744752533 0.000890633963903 0.000811419955212 0.000953806206719  0.00151131620104  0.00162002829217   0.0013005476311 0.000899828694963 0.000480063180535 0.000162702716727 5.34598041562e-05 1.30545877085e-05 3.68824034248e-06 8.92751722919e-06  8.8696470783e-06 1.04935316263e-05 1.04934017196e-05 8.68152603184e-06 8.92722903744e-06 8.85160835023e-06 9.06865513422e-06 8.49803672755e-06 8.62984493251e-06  8.4583924365e-06 8.16564197273e-06 8.10790708296e-06 8.10533614767e-06
1.55491039721e-05 0.000221115945203 0.000750077314203 0.000968260321428 0.000820858107465 0.000867992918462  0.00143965340349  0.00161764808971  0.00129425944709 0.000897280701103 0.000523090531735 0.000177457826306  6.4081042133e-05 1.90549658041e-05 1.58901731713e-06 6.93590826015e-06 1.04492530582e-05 1.23838148865e-05 1.34364217625e-05 1.37834727005e-05 1.27461156112e-05 1.20043365142e-05 1.20464757859e-05 1.09994208202e-05 1.10129199925e-05 1.08422047478e-05 1.03111679981e-05 1.03114666507e-05 1.01925109507e-05
2.47384580869e-05 0.000235496907616 0.000749919339044 0.000958743110831 0.000766789313872 0.000877215178852   0.0014767483563   0.0016052012296  0.00128113748749 0.000887112721124 0.000569921058606 0.000188112528558 6.14710586646e-05  1.6608782364e-05 4.76813314109e-06 1.07206740234e-05 1.30887652696e-05 1.47999679637e-05 1.53636938933e-05 1.50145671009e-05 1.48889409079e-05 1.43752411363e-05  1.4306844806e-05  1.2785500014e-05 1.26218945625e-05 1.25096741019e-05 1.19180776528e-05 1.17424433586e-05 1.18006880632e-05
4.30670075857e-05 0.000193741738867 0.000710170872094 0.000907057860695 0.000747813790185 0.000939234426931  0.00147854044778  0.00158146216606  0.00128933756302 0.000885614657507 0.000581493741297 0.000202081989229 6.59497912557e-05 1.39609692658e-05 7.82267828401e-06 1.58151809121e-05 1.76372313876e-05 1.94913283237e-05 1.99500542823e-05 1.85146694822e-05 1.78226110799e-05 1.69961930213e-05 1.71074856624e-05 1.55900205212e-05 1.56038255358e-05 1.53114302268e-05 1.45401533192e-05 1.44245803669e-05 1.44243181103e-05
2.22184022282e-05 0.000235190599982 0.000717374044546 0.000875737148693 0.000757847862837  0.00107370575078  0.00151814055198  0.00155270708182  0.00131361997586 0.000891887226472  0.00058046787833 0.000219815147529 6.96216660715e-05 1.53494225255e-05  8.4506852191e-06 1.56101320184e-05 1.62671384777e-05 1.82651011485e-05 1.91166349214e-05  1.8052025285e-05  1.7994288316e-05 1.77042295637e-05 1.78217233386e-05 1.70761075515e-05 1.71526424356e-05 1.69206579564e-05 1.66257220417e-05 1.65694157303e-05  1.6689338835e-05
 1.9795991688e-05 0.000196834314006  0.00066167977612 0.000823675319529 0.000735714975189  0.00106414026585  0.00150544873587  0.00155957636481  0.00132172054985 0.000891373257097 0.000580821762394 0.000237179080005 7.70824096845e-05 1.64897038656e-05 7.19332490548e-06 1.54803428839e-05 1.62750844165e-05 1.92513307801e-05 1.99502259382e-05 1.82317581016e-05 1.79956778782e-05 1.75782198236e-05 1.73274101705e-05 1.67839247498e-05 1.66368679617e-05  1.6683073909e-05 1.70423490916e-05 1.71049117442e-05 1.69281229848e-05
2.78842748039e-06 0.000176524233621 0.000711517451872 0.000900364438576 0.000761065991659  0.00104137605193  0.00148556071309  0.00157142010803  0.00133417861282 0.000893701587573 0.000582646267175 0.000260379744866 8.28000216644e-05 1.78883203492e-05 7.90279565344e-06 1.75396419808e-05 1.91687334465e-05 2.19149074133e-05 2.26517311565e-05 2.12039601721e-05 1.99183361375e-05 1.95978205786e-05  1.9801683375e-05 1.90514610897e-05  1.8945833991e-05 1.87703997997e-05  1.8121446499e-05 1.80580922642e-05 1.81797149715e-05
6.71180377789e-05 0.000352902505717 0.000739429395412 0.000906391126861 0.000844721378288  0.00105733250443  0.00146150678428  0.00159746034535  0.00137412727875 0.000910242068054 0.000595047292961 0.000295090941577 9.52620644985e-05 2.57996887489e-05 5.06350428357e-06  1.5064233265e-05 1.98971406904e-05 2.22772059902e-05 2.36636406089e-05 2.26989278971e-05 2.25676717601e-05 2.19916368466e-05 2.23718337935e-05 2.09694309517e-05 2.07435684891e-05 2.07322305169e-05 2.00816186401e-05 1.99055927517e-05 1.99071685203e-05
1.76815381544e-05 0.000199977509549 0.000670197078518 0.000828385431085 0.000758361358837 0.000962157684716   0.0013993610074  0.00159441027492  0.00137590923654 0.000901763139099 0.000591624905919 0.000319766099664 0.000102184142315 2.49989728861e-05 5.00119712379e-06  1.4158789709e-05 1.71894562651e-05 2.08990223867e-05 2.17496210068e-05 2.21799061813e-05 2.22170075024e-05  2.2087983375e-05 2.23174990656e-05 2.21981629102e-05 2.24565600101e-05 2.21648041922e-05  2.1870928644e-05 2.18129132542e-05 2.18743386671e-05
2.20307257095e-05 0.000303598499051 0.000783111440046 0.000983207650447 0.000840117195589 0.000943029053482  0.00134008936321  0.00160736446305  0.00140194954161 0.000905687968698 0.000600424470841 0.000354239258797 0.000115359846451 3.23205447366e-05  3.8841644421e-06 1.60100046499e-05 2.29442419973e-05 2.37131193568e-05 2.55739126964e-05 2.60760380508e-05 2.56635790495e-05 2.53762457128e-05 2.53008946748e-05 2.38074985195e-05 2.37576969953e-05 2.35960583945e-05  2.3063141338e-05 2.29456959309e-05 2.30068874697e-05
 1.0473469426e-05 0.000211570252134 0.000687763992108 0.000902078492022 0.000853083004808 0.000929898679991  0.00128451812869   0.0016367366336  0.00144190997337 0.000906387890183 0.000604115307221 0.000382932552097 0.000124134114113 3.44286587407e-05 6.73752693233e-06 1.36108961646e-05 1.73830512676e-05 2.12770862868e-05 2.23801759673e-05 2.39054841264e-05 2.41287005214e-05 2.42185015745e-05 2.44151340912e-05 2.45816792803e-05 2.49483752706e-05 2.49068348097e-05 2.46097346123e-05 2.39600285306e-05 2.36616409505e-05
7.91238734777e-06 0.000231874015795 0.000710956395812 0.000935916825108 0.000922457239066  0.00110799859035   0.0014179115758  0.00147995371789  0.00125946006256 0.000869306285756 0.000584650827814 0.000393314063099 0.000130372430685 3.30471432198e-05 7.31851549928e-06 2.19822964458e-05  2.6155499094e-05 2.84204153071e-05 2.89298802322e-05 2.69872072139e-05 2.60040338433e-05 2.52425450939e-05 2.55938143519e-05 2.39074526458e-05 2.33991777693e-05 2.33339240817e-05 2.25366906867e-05 2.31231275664e-05 2.29283373373e-05
9.86432229089e-06 0.000249195021975 0.000732265740712 0.000914210526573 0.000909645908708  0.00115982107049  0.00144568064685   0.0014170931099  0.00121768804207 0.000884674002405 0.000607405024649 0.000391735543353 0.000133759615332  2.8352968269e-05 1.20852282691e-05 2.26044467027e-05 2.41738085975e-05 2.88761425258e-05 3.00455832227e-05  2.6963439424e-05 2.64013210608e-05 2.53029496259e-05 2.53928868839e-05 2.39215798324e-05 2.41583926507e-05 2.41074543389e-05 2.34270497852e-05 2.38933583169e-05 2.37538691262e-05
 2.6839132369e-05 0.000254416385867 0.000741130845827 0.000925133998742 0.000904136595319  0.00112324549122  0.00141041898616  0.00140273368298  0.00121912192176 0.000904178227192 0.000626583810644 0.000404099327684 0.000158982367536 4.37204756731e-05 6.41736808436e-06 2.10415421615e-05 2.76281038863e-05 2.97348514455e-05 3.11772766268e-05 3.09904575397e-05 3.03047666335e-05  2.9264127317e-05 2.92144016923e-05 2.62086158371e-05 2.64127002568e-05 2.55645722477e-05 2.42100029371e-05 2.41438625008e-05 2.46027667231e-05
2.79868995833e-05 0.000278974476611 0.000735699263086 0.000917535349014 0.000868410131214   0.0010954060976  0.00140540670381  0.00138536393192   0.0012045706179 0.000912175978502 0.000647884769789 0.000416695266288 0.000178328598195 5.14070995962e-05 5.84578240389e-06 1.42601712267e-05  1.8829980012e-05 2.31168295038e-05 2.54864409331e-05 2.73573290689e-05 2.80213541818e-05  2.8445887804e-05 2.84838225716e-05 2.84638800891e-05 2.85950145262e-05 2.87057926799e-05 2.88055551894e-05 2.90456830559e-05 2.90766522523e-05
9.23747057106e-06 0.000159982668681 0.000703042710748  0.00092477301479 0.000904617151657  0.00109751132598  0.00134066245298  0.00135482808616  0.00120707294571 0.000913237559117 0.000626526761515 0.000397690552902  0.00019090401042 5.23798691616e-05 4.51452114982e-06 1.46307977262e-05 2.20202063186e-05 2.53287844604e-05 2.69643999972e-05 2.73515853369e-05 2.73935183191e-05 2.77947056973e-05 2.79500965786e-05 2.75239438016e-05 2.72684899935e-05 2.73303560264e-05 2.58505191895e-05 2.58596007183e-05 2.67785400896e-05
2.84774620453e-05 0.000370083971168 0.000697551336442 0.000844043113642 0.000880913716787  0.00105182091742  0.00131039815355  0.00144932151029  0.00135767709888  0.00102890175497 0.000670403189444 0.000424397311455  0.00022071590672 6.76761987619e-05 1.23663337038e-05 1.56644931322e-05 1.89448622368e-05  2.2739315303e-05 2.64349023381e-05 2.72738571872e-05  2.7872276919e-05 2.75670886148e-05  2.7519048636e-05 2.73820121704e-05 2.77722749949e-05 2.80204242985e-05 2.69177968427e-05 2.76040814902e-05 2.87232101987e-05
2.67158253923e-05 0.000220698659296  0.00072284596837 0.000919301063676 0.000719475232117  0.00088034423317  0.00125422503664   0.0014168656793  0.00132997521429  0.00102824001756 0.000671122383937 0.000421458532381 0.000238867378529 7.23478302589e-05 1.22780338604e-05 1.51507277702e-05 2.84137489828e-05 3.29875715335e-05  3.2314226677e-05 3.06789889328e-05  3.0412375471e-05 2.97511565277e-05 2.95754331132e-05  2.8860354669e-05 2.90815401606e-05 2.90712878528e-05 3.00398978664e-05 3.02940154064e-05 3.10914991724e-05
6.85224995739e-06 0.000228637686216  0.00065302987207 0.000795148656179 0.000794226940936 0.000955036216178  0.00124436265496  0.00141323654359  0.00134371377252  0.00104293017075 0.000684645003925 0.000422117847683 0.000260527639023 7.79312022464e-05 1.34445888609e-05 1.56910936266e-05 2.57785606979e-05 2.95559680376e-05 3.19752765818e-05 3.19184880727e-05 3.16220804322e-05 3.23371880638e-05 3.25271191749e-05 3.11628984065e-05 3.09181796884e-05 3.05651361086e-05 2.97597130379e-05  2.9610615172e-05 3.04351721362e-05
6.86297679599e-06 0.000180782606854 0.000659282618248 0.000846793071938 0.000768287748541  0.00087312138228  0.00116073273128  0.00136892566744   0.0013265158924  0.00104574341775 0.000695393487153 0.000423634131993 0.000288001397397 8.50732070349e-05 1.63340308019e-05 1.33062022017e-05 1.98673272515e-05 2.40552765098e-05 2.66021841998e-05 2.69901988612e-05 2.65823413529e-05 2.74135570513e-05 2.74310207832e-05 2.76594718004e-05 2.82408530379e-05 2.76892772099e-05 2.87088832277e-05 2.84756821692e-05 3.03268675756e-05
 1.9302513465e-05 0.000174448723702 0.000618777000784 0.000782828131421 0.000746168357085   0.0008578797687  0.00114056806612  0.00135906909276  0.00133147271327  0.00106710080963 0.000710343877051 0.000436193940144  0.00029168414986 0.000101139636628 2.51373702851e-05 1.01368090975e-05 2.11271718713e-05 2.68075056483e-05 2.89816456135e-05 3.03687759419e-05 3.09170702238e-05 3.18751676385e-05  3.2482983338e-05 3.16032453664e-05 3.17716774243e-05 3.18814376227e-05 3.23324488578e-05 3.26038291402e-05 3.42562108862e-05
1.98504758906e-05 0.000199605031999 0.000648700753781 0.000822115059341 0.000777106248776 0.000848693999053  0.00109548701835  0.00132452413289  0.00131836812489  0.00107570576626 0.000730053375945 0.000442578593378 0.000291895033652 0.000109673179001  2.6723498103e-05 9.70945008719e-06 2.05166555432e-05 2.58534914435e-05 2.96023014228e-05 3.19384516684e-05 3.25534517384e-05 3.26000012066e-05 3.29142447367e-05 3.20756513606e-05 3.21213040978e-05 3.14669378475e-05 3.06603730831e-05 2.95085710818e-05 3.01290893641e-05
3.45208628889e-06 0.000174653577759  0.00061062230083 0.000746248013942 0.000654771276363 0.000679848525326 0.000945881485826  0.00127629399518  0.00133036829008  0.00111722948049    0.000715457998 0.000485880155969 0.000289281668991 0.000116655998305  2.6361652184e-05 7.80970951036e-06 1.98915467107e-05 2.54573123389e-05 2.76006754024e-05  2.7478498455e-05 2.73022363329e-05 2.83109358855e-05 2.88859633289e-05 2.77808231354e-05 2.83855300592e-05 2.77776540512e-05 2.74425461016e-05 2.70691287943e-05 2.85809200771e-05
1.95894374786e-06 0.000165210414152 0.000564617549412 0.000636640713953 0.000542041733865 0.000652343075933  0.00100542443465  0.00137874868305  0.00142829943636  0.00120598598527 0.000683022768595 0.000509789616851 0.000307334706837 0.000138219422682 3.22188852584e-05 5.59790004703e-06 1.87163698891e-05 2.51385000376e-05 2.82725648766e-05   2.986166584e-05 3.10096955593e-05 3.13504178199e-05 3.24509634942e-05 3.08790546467e-05 3.15904448707e-05 3.05714517099e-05 2.93889773171e-05 2.88986834888e-05 3.06015786234e-05
 1.5941974038e-05 0.000155225993182  0.00055126285539 0.000628158990324 0.000553301154895 0.000690919138194  0.00106512744385  0.00143877396038  0.00149009664502  0.00125148654522   0.0006668915118 0.000500125176335 0.000282864021271 0.000129977839333 2.48106773798e-05 1.78166397596e-05  2.3530556197e-05  3.3616211116e-05 3.53272787318e-05  3.4107584917e-05 3.39274531572e-05  3.2910525558e-05 3.31503015603e-05 3.17716938318e-05  3.1143174752e-05 3.09537745221e-05 3.13533623165e-05 3.11922406374e-05 3.26515210192e-05
 1.3190725629e-05 0.000175947291835 0.000588789839702 0.000680239883455 0.000622029749963 0.000787331813116  0.00118625493176  0.00155452013229  0.00160673341492  0.00135191518503 0.000715784262299  0.00050606760763 0.000302478016666 0.000154100783356 2.90524066755e-05 1.95079014471e-05 3.37778228889e-05 3.93583446434e-05 4.25403390715e-05 3.87896878904e-05  3.7398844822e-05 3.51883214453e-05 3.43468612054e-05 3.32176373979e-05 3.28778090262e-05 3.28897313004e-05 3.29428935672e-05  3.1523118451e-05 3.27308497481e-05
1.20550343034e-05 0.000198266360333  0.00059987204237 0.000727614328012 0.000728614775804 0.000879781856835  0.00123328119845  0.00155616044546  0.00158473665916  0.00129919216244 0.000702506916114 0.000549561385991 0.000312700858022 0.000189935008434 5.25894741356e-05 6.35582461652e-06 2.55657634553e-05 3.28288375977e-05 3.69003523148e-05  3.8878541373e-05 3.91310207295e-05  3.9939109302e-05 4.04538224492e-05 3.84069344951e-05 3.97847791418e-05 3.85965151188e-05 3.79857001951e-05 3.75014033285e-05 3.79524748205e-05
6.87376279612e-06 0.000171996097673 0.000604005325213 0.000769964645868 0.000775737489857 0.000913615639045  0.00126706772467    0.001574127955  0.00158280702591  0.00126334971318 0.000694388522312 0.000552810568359 0.000328461456055 0.000209144153885 6.10278972149e-05 1.25218085598e-05 1.48123219531e-05 2.25827651606e-05 2.82936102754e-05 3.37344441551e-05 3.63055480482e-05 3.86360239991e-05 3.87279343268e-05 4.11856325575e-05 4.11464336254e-05 4.01186854041e-05 4.01503474264e-05 3.94203171962e-05 3.92858459376e-05
5.16989579625e-06 0.000218668935067 0.000647008588926 0.000814530837993 0.000841490932339  0.00096220496475  0.00129938863481  0.00156657061257  0.00153331146107  0.00119450347521 0.000706905895036 0.000588707159934 0.000334909003931 0.000231201747948 8.10251108556e-05 1.84335067484e-05 1.10118829988e-05 1.66338847928e-05 2.20272417027e-05 2.75165807707e-05  3.1311253829e-05 3.30182261217e-05 3.25731802744e-05  3.4851866462e-05 3.47368266012e-05 3.59359024221e-05  3.6691766865e-05  3.6257347608e-05 3.79251034152e-05
7.90304664199e-06 0.000190137260883 0.000633003872686 0.000820150107719 0.000841672247188 0.000963268914792  0.00118054976009  0.00138681831314  0.00144343812289  0.00125412985564 0.000795391071983  0.00050967584684  0.00036865118824 0.000193111488285 6.04247233646e-05 1.31689258119e-05 1.74048259055e-05 2.79626617051e-05 3.08141453291e-05 2.96198802634e-05 2.99226674832e-05 3.01193699812e-05 2.83969264837e-05 2.97020358289e-05 2.99845112821e-05 3.03024603873e-05 3.34411764591e-05 3.36321433951e-05 3.45626199671e-05
1.10286457422e-05 0.000230383310681 0.000613622863656 0.000742450021899 0.000736826274438 0.000841903431963  0.00109087281291  0.00135684956349  0.00145955283218  0.00129936175551 0.000855003529854 0.000568574342403 0.000424145282641 0.000209163509133 7.41824927195e-05 1.36009481389e-05 1.88566632643e-05 2.94212928376e-05 3.33903370912e-05 3.45901214749e-05 3.45361141257e-05 3.30113817061e-05 3.48880493939e-05 3.09105721482e-05 3.03884245564e-05 3.09620253507e-05 3.12551188913e-05 3.17589953341e-05  3.2929847384e-05
1.23449761156e-05 0.000211084405805 0.000585815672607  0.00071268219615 0.000710119721312  0.00081002678562   0.0010521007668  0.00133643855067  0.00145833525108  0.00131159615391 0.000871798475706 0.000535451058227 0.000417195227034 0.000216809265405 7.79545493791e-05 1.66457143302e-05 2.04274182663e-05 3.14380976395e-05 3.59141732887e-05 3.49432352261e-05 3.37844478448e-05 3.33266479011e-05 3.40320136639e-05 3.44542651172e-05 3.59682678324e-05 3.69179283369e-05 3.64681316511e-05  3.5940653521e-05 3.53177837864e-05
1.35328198985e-05  0.00019755276497 0.000611102573485 0.000768414870744 0.000745427329857 0.000831442642914   0.0010478499563  0.00131450774005  0.00143823236341  0.00129392683693 0.000849678961622 0.000558894377187 0.000455872807953 0.000216935429942 0.000102895621443 2.51174344387e-05 1.49498404366e-05 2.54903136017e-05 3.11587651207e-05 3.39039665178e-05 3.50720668872e-05 3.47607923332e-05 3.55555482406e-05 3.48734960156e-05 3.27054331404e-05 3.48052486451e-05 3.54636504062e-05 3.42121238418e-05 3.38899131421e-05
2.29218175726e-05 0.000228474171634 0.000582073535454 0.000720083839644 0.000762228271977 0.000856404129673  0.00105668130891  0.00131640808764  0.00145269178289  0.00132196156393 0.000883748572836 0.000545427922565 0.000451092492632 0.000232335282057 0.000118617997428 3.29609053208e-05 8.69978934954e-06 1.75900857342e-05 2.39337653052e-05 2.63808903852e-05 2.82329662706e-05 2.93506254586e-05 3.25725336595e-05 3.36292891307e-05 3.07005441609e-05 3.12223639426e-05  3.1802303767e-05 3.29968268002e-05 3.31773400342e-05
5.16183329257e-06 0.000228982955877 0.000592923310146 0.000745689149345 0.000808878871883  0.00091739774348  0.00110412058701  0.00134403146418  0.00147528740343  0.00134320343115 0.000891237961575  0.00053263029203 0.000440996324324 0.000233080057523 0.000140579847777 4.06156839756e-05 5.14408080134e-06 1.70787172149e-05 2.35168925114e-05 3.08018397451e-05 3.55634405046e-05 3.64778103788e-05 3.48153955475e-05 3.47789243186e-05 3.46442669884e-05 3.48246366085e-05 3.46015570586e-05 3.46393160871e-05 3.49452455072e-05
3.04860983591e-05 0.000227325303627 0.000596770146001 0.000781944187284 0.000864501749112 0.000982536735276  0.00115745340333   0.0013862367522   0.0015273198588  0.00141125968735 0.000966068965396 0.000539135262625 0.000457108427761 0.000261577307348 0.000163193732054 5.13370972013e-05 5.86598800913e-06 1.16463487506e-05 2.22277957231e-05 2.86776409063e-05 3.06595438795e-05 3.23055468995e-05 3.29824644756e-05 3.55849072712e-05 3.44573176811e-05 3.47997561556e-05 3.41206704041e-05 3.41737767235e-05 3.38896029366e-05
2.13008701636e-05 0.000242393845649 0.000607403456136 0.000809228370177 0.000914627787845  0.00104307688609  0.00119190851665  0.00137054380014  0.00149402185843  0.00137711358211 0.000932133617187 0.000538238934131 0.000462322703665 0.000258886442337 0.000182769918394  5.9455084367e-05  9.6280486321e-06 8.21302922012e-06 1.51617213685e-05 2.07246338631e-05 2.48910451801e-05 2.99635973988e-05  3.0296702815e-05 3.64589611559e-05 3.98590228067e-05 3.62533806139e-05 3.61792855319e-05 3.54875479875e-05  3.5348810657e-05
2.17372267416e-05 0.000239548588094 0.000600090404478 0.000806110378274  0.00091340443889  0.00100726344053  0.00106097874591   0.0011746911667  0.00132312847522  0.00126572407858 0.000896800774761 0.000573006894476 0.000463636577927 0.000279077814192 0.000204220442111 8.79401953198e-05 2.58489582643e-05 7.12317235842e-06 3.89863973261e-06 1.57090388929e-05 2.19492787166e-05 2.33397434088e-05 2.30308812973e-05 2.59884158593e-05 2.65280361003e-05 2.68003918168e-05 2.82599564097e-05 2.92097353517e-05 2.91289875604e-05
2.20208841292e-05 0.000243769725105  0.00057295059394  0.00077724643457 0.000880199145324   0.0009726342767  0.00102056036244  0.00113856365106  0.00130244898376  0.00126125604622 0.000904543973212 0.000567602148197 0.000462997952615 0.000281391810305 0.000199743536616 9.14326046749e-05 3.05479468007e-05 1.02442926239e-05 1.28588941989e-06 1.01524043321e-05 1.43524021137e-05 1.76786403425e-05 1.78788940968e-05 2.18662347732e-05 2.27217879969e-05 2.35926728639e-05 2.44274376555e-05  2.4375979635e-05 2.39713112262e-05
1.24649269758e-05 0.000246155961882 0.000626941629663 0.000860655720417 0.000989553588438  0.00109999527918  0.00113528421356  0.00118494608015  0.00129247626526  0.00122172800674 0.000837392918099 0.000526306586891 0.000470232624597 0.000263159143362 0.000186655574145 8.99809588986e-05 3.08959498716e-05 8.20113058021e-06 2.44063500323e-06 9.30141042607e-06 1.27163195081e-05 1.55963569325e-05 1.55186456463e-05 1.82365564312e-05 1.83043648488e-05 1.88112678589e-05 1.94222770022e-05 1.98587757334e-05 1.98847124071e-05
1.06273079439e-05 0.000253993575334 0.000618683443701 0.000878961289989  0.00105772109463  0.00121943640651  0.00126694787494  0.00125739640357  0.00130963100479  0.00121460514092 0.000814276590771 0.000511427302154 0.000447981680693 0.000269753922512 0.000191863909818 0.000103689724345 3.68405205109e-05 1.23843288606e-05 1.42975879847e-06  6.3601924605e-06 1.07449772203e-05 1.31119264012e-05 1.33287329144e-05 1.63726484124e-05 1.69429374271e-05 1.72336477257e-05  1.7789973219e-05 1.79686423146e-05 1.81820885013e-05
1.47238816957e-05 0.000225792922666 0.000608049333621 0.000880376452031  0.00107846974073  0.00125182474664  0.00125864219271  0.00117370740607   0.0012321136452  0.00119738411985 0.000890343745125  0.00054590547371 0.000440916528929 0.000252581526459 0.000146970960298 8.73129251815e-05 3.15592915652e-05 5.53125334805e-06  6.2200981268e-06 7.14148494066e-06   8.900406672e-06 1.14157509542e-05  1.1928629003e-05 1.26141717287e-05 1.33790460706e-05 1.37784034211e-05 1.41637513814e-05 1.43507839842e-05 1.44845768708e-05
1.33916903943e-05 0.000249718663862 0.000572138165306 0.000779277497017 0.000882727229151  0.00096527924785 0.000878666511604 0.000844382494035  0.00109062422127  0.00121429973427  0.00100322158939 0.000681408829833 0.000463687074027 0.000310169630705 0.000130217644915 6.88847776409e-05 1.38969864182e-05 1.67624849099e-05 2.57653823543e-05 2.41764297349e-05 2.43723024483e-05 2.11329500803e-05 2.12427743844e-05 1.77752056383e-05 1.82403632294e-05  1.7865521098e-05 1.67023033668e-05 1.69201513324e-05 1.65763126831e-05
 6.8256710368e-06 0.000204923392265 0.000517100678871 0.000720771652618 0.000831374507255 0.000913863094813 0.000823149797839 0.000792400453131  0.00106039807786  0.00120308241111  0.00102363852821 0.000703767587315 0.000481683876329 0.000324679182063 0.000143807072357 9.10335080637e-05 1.22290288218e-05 1.85620385162e-05 3.09076997079e-05 3.05518555653e-05 3.07983298045e-05 2.89151608616e-05 2.94553625966e-05 2.53771074395e-05 2.58883007423e-05 2.47918521357e-05 2.15215717394e-05 2.11848591508e-05 2.09134193736e-05
9.97006284393e-06 0.000207862971817 0.000518019887068 0.000684585995401 0.000716014007569 0.000747492066099   0.0006018964025 0.000615522821955  0.00105201205733   0.0012941405911  0.00117516670992 0.000885225592387 0.000520524094818 0.000374664158631 0.000147297839806 0.000107531991398 2.01062308737e-05 1.94410308299e-05  2.8094735118e-05 2.95347704075e-05 3.05562870605e-05 3.01909528237e-05 2.99162015462e-05 2.64522130719e-05 2.74927555208e-05 2.77289340693e-05 2.54531316078e-05 2.61744498858e-05 2.57750337448e-05
 1.1069795448e-05 0.000200759916462 0.000469256686207 0.000509144883154  0.00035433333763 0.000251578799857 0.000254008269665 0.000564914347299  0.00107008299103  0.00132496144231  0.00115723086116 0.000744935784597 0.000598081974264 0.000473265039131 0.000173106803328 0.000115793905699 2.99441927426e-05 7.13058268923e-06 2.08185918923e-05 2.57780285589e-05  3.0743834212e-05 3.14335321989e-05 3.19739261059e-05 3.15677522619e-05 3.30520018542e-05 3.23433695948e-05 2.92368733028e-05 2.91811577245e-05 2.89476189468e-05
1.31561778306e-05 0.000192282287347 0.000455289429439 0.000449883810256 0.000333761232872 0.000360119567177 0.000492814008432  0.00073582719302  0.00112339782391  0.00138487434441  0.00121900074144 0.000694428281202 0.000719089465739 0.000610585410477 0.000196365239508 0.000127030406886 4.17361668358e-05 2.85776840169e-06 1.64962698596e-05 2.46589926084e-05 2.63009582052e-05 2.96380396646e-05 3.01122032307e-05 3.15468678645e-05 3.22299817319e-05 3.43516771809e-05 3.37406350025e-05 3.36458801599e-05  3.3929767408e-05
1.83912869869e-05 0.000155387549753 0.000399146782556 0.000425125355003 0.000343616632837 0.000306852641921 0.000394733852137 0.000670711271248  0.00112722052567  0.00141054004685  0.00121881851093 0.000673527490853 0.000692540390469 0.000595755473937 0.000219792126512 0.000147284024059  5.3379251371e-05 9.57274588008e-06 1.07859874785e-05 2.21803393377e-05 2.73294792027e-05 2.82336545576e-05 2.83081950154e-05 2.86074074143e-05 2.94257750136e-05 3.07128291122e-05 2.99960067663e-05 2.96519796137e-05 3.00436917226e-05
1.43410570816e-05  0.00025054406863  0.00050189051292 0.000524740807588 0.000378781718862 0.000287494856207 0.000384864211493  0.00070594566526  0.00115833342211  0.00143243300956  0.00125800030382 0.000739605347287 0.000548713029378 0.000522457281756 0.000285424903483  0.00021076044431 8.55544729199e-05 3.23199228074e-05 1.11880350069e-05 1.82866435234e-05 2.31650854453e-05 2.46892891955e-05 2.53644029409e-05 2.57561974094e-05 2.62465805427e-05 2.77071660846e-05 2.58621689951e-05 2.66777939799e-05 2.65062513501e-05
5.05181565444e-06 0.000182760486702 0.000469065720259 0.000558153842445 0.000427673096509 0.000317869306074 0.000373185380905 0.000694378860266  0.00113447483233  0.00140705592069  0.00126597916703 0.000757683916619 0.000553012433706 0.000556635559303 0.000255300289733 0.000167155692644 8.48788865391e-05 3.13529264696e-05  7.8111095512e-06 9.48489848277e-06 1.57160673092e-05 1.91201431319e-05 2.03214258966e-05 2.34167328211e-05 2.31135544286e-05  2.5252827155e-05 2.48476906316e-05 2.51818789432e-05 2.54800483921e-05
 9.8547136815e-06 0.000158824653086 0.000424121178799 0.000530004951758 0.000494568952145 0.000400348097912 0.000387889007769 0.000647129245356  0.00113956005519  0.00144764037243  0.00131077265211 0.000757194098333 0.000503403427996 0.000540528711928 0.000321632683434 0.000223890751108 9.68697428814e-05 3.68764045215e-05 1.17897148744e-05 1.86595053858e-06 8.89416740991e-06 1.33819479496e-05 1.39542918207e-05 1.82531259554e-05  1.7457466277e-05 2.09322617601e-05 2.30001184497e-05 2.38733977708e-05 2.43478947018e-05
1.48092857314e-05 0.000192526705837 0.000438462958863 0.000561302327075 0.000553730251603 0.000498263928222 0.000508521505644 0.000734659576034  0.00125714411171  0.00160769470573  0.00149282783695 0.000905949737715 0.000496018935736 0.000709226474581 0.000542789806426 0.000276038585887 9.87881971732e-05 2.55514574889e-05 1.14971667292e-05  1.5975918301e-05 1.90105088278e-05 1.99367669008e-05 2.04650655551e-05 2.01540861322e-05 2.20305555271e-05 2.00528883899e-05 2.00566998419e-05 2.01623899665e-05 2.04282144678e-05
1.31379508099e-05 0.000216805797314 0.000548207027195 0.000718314371132 0.000670445016485 0.000642301177246 0.000682594501756  0.00086062109999  0.00136586915005   0.0017307692728   0.0016019004062 0.000968442375717 0.000505819255938 0.000739257728481 0.000567345187673 0.000303379250027 0.000116184084831 3.85603376603e-05 7.86165423344e-06 1.52567392684e-05  2.1382622756e-05  2.3365167929e-05 2.43159205551e-05 2.47777698282e-05  2.4806196585e-05 2.48519292003e-05 2.10617666803e-05 2.15585218877e-05    2.20869653e-05
1.18718404748e-05 0.000230343306026 0.000528295709138 0.000735335524051 0.000825041265846  0.00086153047787 0.000950136354334  0.00109714095216  0.00153886054819  0.00187770563954  0.00171691869997  0.00102472433171 0.000461104620135 0.000731994170189 0.000561813540916 0.000316183928721 0.000123642624244 3.62869946712e-05 8.58469965514e-06  1.2858212098e-05 1.91104069123e-05 2.16887807541e-05 2.25088679297e-05 2.26298964535e-05 2.28118915635e-05 2.27066162613e-05 2.25845294029e-05 2.17030502667e-05 2.22504739957e-05
1.24685365449e-05   0.0002004872891 0.000519316976604 0.000774653291583  0.00090467291163  0.00100558664025  0.00115362543757  0.00130297248608  0.00170838310531  0.00202851701974  0.00185071043256   0.0011089784266 0.000457080112402 0.000777206677032 0.000650742315342 0.000260254925407 8.55020009281e-05  1.3513926098e-05 2.38787226862e-05 2.78316518226e-05 2.92879304147e-05 2.86384740207e-05 2.92029431412e-05  2.4960587851e-05 2.54423064051e-05 2.48700745239e-05 2.31368675002e-05 2.21506355639e-05 2.28816348613e-05
1.80460398847e-05 0.000138865629436 0.000507072099044 0.000806382536697 0.000931982273802  0.00105144681109  0.00122424175228  0.00140848918161  0.00187012899856  0.00226169898603  0.00217011311033  0.00140939300969 0.000590897121521 0.000816142164525 0.000783025626487 0.000169941880536  4.6116944364e-05 2.30364062671e-05 4.81117145274e-05 4.44199357847e-05 4.75068968546e-05 4.57424625651e-05 4.66909412663e-05 3.95745453757e-05 4.04048949953e-05  3.8888718072e-05 3.53704114301e-05 3.22130184636e-05 3.03851423493e-05
9.83916090076e-06 0.000238866800984 0.000581738214875 0.000873468856997  0.00103815754316  0.00119216710361  0.00142920251458   0.0016848725703  0.00214932680972  0.00250877295204  0.00233864864279   0.0015596102579  0.00061408324788 0.000886992306032 0.000827548249549 0.000161320454179   5.282593643e-05 1.28254133403e-05 4.80870103193e-05 5.87181794141e-05 5.60855163133e-05 5.23397735304e-05 5.38136782156e-05 4.37788823675e-05 4.43765883454e-05 4.33988977484e-05 3.99734256118e-05 4.11319892642e-05 4.23291048629e-05
5.04596817206e-06 0.000199728465399 0.000558497726809 0.000910932497793   0.0011446134792  0.00136016757671  0.00163788110575  0.00186849434012  0.00220221408585  0.00242865888519  0.00216413138074  0.00144667810244 0.000475167115059  0.00102152541757 0.000996239574229 0.000282875971208 0.000117043916792 7.05790713829e-06 3.50290240505e-05 4.89214555731e-05 5.27908481392e-05 5.31974038496e-05 5.41632492961e-05 4.90799129563e-05 4.91453256847e-05 4.97571310588e-05 4.81124460482e-05 4.96467732122e-05 5.14512587189e-05
7.17574846308e-06 0.000187515905625 0.000633818349952  0.00105364233386  0.00127357736464  0.00150576576403  0.00182839293959  0.00208988094231  0.00237586998675  0.00253512820964  0.00222222050509  0.00144511163135 0.000367516576779  0.00106873800764  0.00104340747596 0.000274731866209 0.000135573130986 3.24261113163e-05 3.07428067806e-05 5.00842701721e-05 5.66862460009e-05 5.85724059751e-05 5.91954809092e-05 5.75968008764e-05 5.97756168659e-05 5.92985494237e-05 5.82751727817e-05 5.77240784586e-05 5.85689224593e-05
1.22593441821e-05 0.000200856755302 0.000612851543555  0.00103676929751  0.00137747202098  0.00171652913115  0.00213150017903  0.00244024297038  0.00265444432276  0.00269410362493  0.00227262921869  0.00143911383752 0.000306273644851  0.00104938505827  0.00104510633405 0.000333921975156 0.000192542784965 0.000101121255723 2.03860992181e-05 1.75163000779e-05 3.20484348459e-05 3.79712902756e-05  4.0504826047e-05 5.05012863461e-05 5.19214617401e-05 5.44364886703e-05 5.38044764392e-05 5.42460991535e-05  5.6134477449e-05
1.22633493358e-05  0.00016703211539 0.000626368679095  0.00113948565266  0.00153287374917  0.00192587575185  0.00240173796085  0.00277125942437  0.00295292168573  0.00290016819388  0.00240221642973  0.00150858613519 0.000320954853452 0.000958479488931  0.00094486886129 0.000397071233663 0.000260514187797 0.000125790022737 3.97973341712e-05 5.24073085117e-06  2.0324787172e-05 3.12382688358e-05 2.87073795212e-05 4.15319321275e-05 4.40145042254e-05 4.69822179794e-05 5.15473931561e-05 5.19075870049e-05 5.41287476977e-05
 1.2982879647e-05  0.00022006513423 0.000707486138689  0.00125097179517  0.00164899181517  0.00205346702227  0.00254389933681  0.00291617108153  0.00306152919792  0.00296179798508  0.00249078710367  0.00172423260165 0.000768064434949 0.000391492640145 0.000608213862149 0.000370390141828 0.000199178702024 9.60811693645e-05 2.69554007127e-05 4.61610283753e-06 1.37691332891e-05 2.21560548839e-05 2.42588553511e-05 3.07886224538e-05 2.95122411784e-05 2.96099150491e-05 3.23739033444e-05 3.31128958324e-05 3.32690130434e-05
1.36966691213e-05 0.000203620836964 0.000765663067293  0.00133501166827  0.00168499204943  0.00204348135701  0.00249525574219  0.00289487257405  0.00312348131372  0.00311480762527  0.00275078157526  0.00211588373067  0.00121099116111 0.000454023504385 0.000387115969028 0.000347865754759 6.87512988142e-05 2.88636862441e-05 3.54620038271e-05 4.46412076466e-05 4.43323215503e-05 4.50586328883e-05 4.67622404298e-05 3.91686653571e-05 3.91383592168e-05 3.87819829589e-05 3.50996350028e-05  3.3395066857e-05 3.45430388284e-05
1.74585007456e-05 0.000210513164484 0.000829487619526  0.00141581573017  0.00175581359014  0.00210907263103  0.00256840614463   0.0029672628456  0.00315964268228  0.00310005412473  0.00273517790493  0.00208274966546  0.00117049724857 0.000470196907719 0.000648989946445 0.000537181513155 9.46520887388e-05 5.12171459586e-05 1.02620175263e-05 3.86299858883e-05 4.90449210019e-05 5.03050851596e-05   5.229893748e-05 4.73690352793e-05 4.78263810792e-05 4.94922762895e-05 4.67472407498e-05 4.51951249026e-05  4.7222418837e-05
1.05931444731e-05 0.000189853860991  0.00081417252189   0.0012978297137  0.00144922080575  0.00164508671692  0.00200896607736  0.00224208598747  0.00230887348459  0.00229045062878  0.00207520074781  0.00165162220451 0.000969760448699 0.000487514617373  0.00133076450869  0.00113398749045 0.000242032747149 6.62931228672e-05 1.20437736227e-05   2.720536261e-05 3.80282463076e-05  4.3809486655e-05  4.4944320337e-05 4.78275974176e-05  4.8100850025e-05 4.94251648854e-05 5.09466477519e-05 5.09438231898e-05 5.19052927622e-05
2.08422267454e-05 0.000214540234806 0.000769012937611  0.00118056123521  0.00127191209447  0.00136785893772  0.00161762445603  0.00182288071751  0.00199945331887  0.00211294466677  0.00198711139862  0.00162169432415 0.000949261059696 0.000443148106524  0.00141875064439  0.00120480632743 0.000275264302548 0.000138650657189 8.00581992393e-05 2.07851871766e-05 1.31260044707e-05 2.47989452455e-05 2.75705365553e-05 3.85423534718e-05 3.96418216209e-05 4.27077654505e-05 4.47486088349e-05 4.41163823971e-05 4.56595278047e-05
3.99577811873e-06 0.000187188637734  0.00084685080278  0.00129126920867  0.00133801817762   0.0014152028452  0.00165079633846  0.00186057082763  0.00204242313538  0.00215185466804   0.0020137368225  0.00162952764988 0.000928547358459 0.000325532761507  0.00135629992492  0.00119430862554 0.000337648040619  0.00019288154222  0.00012654410323 5.15461576443e-05  2.3111831774e-05 6.83638984874e-06 4.13375117467e-06 1.36974085055e-05 1.44686967147e-05 1.77173896304e-05 2.27543261843e-05 2.39936639469e-05 2.47835585304e-05
1.07795723698e-05 0.000190422997138 0.000858504629062  0.00134221594757   0.0014471653296    0.001569877622  0.00182411672879  0.00205990469232  0.00224422838452   0.0023194827513  0.00213501085099  0.00171833380694 0.000997948015476 0.000160049241194   0.0012285942503  0.00111953875092 0.000416547786343 0.000229099155434 0.000135604962814 6.89666090178e-05 4.27084895865e-05 2.77761985867e-05 2.42832661803e-05 6.01571340458e-06 5.84695914951e-06 2.23499051906e-06 5.74579926072e-06 6.93796505623e-06 7.01868355334e-06
3.75473215347e-05 0.000228043547058 0.000902487233043  0.00133825986797  0.00157820977544  0.00178607289357  0.00209021246244   0.0023817675574  0.00255776691657  0.00255287327683  0.00226153776164  0.00178194896762  0.00104080004004 0.000130890531842  0.00110148089456  0.00103842386986 0.000429837613187 0.000223192667105 0.000140314458195 8.03212143334e-05 5.55936726703e-05 4.04747829414e-05 3.71352180295e-05 2.39366311648e-05 2.30051311837e-05 2.00605842777e-05 1.47013458588e-05 1.37233977973e-05 1.36606921792e-05
1.52599321696e-06 0.000318821801447  0.00100734128606  0.00139442048858  0.00163222877239  0.00188903372038  0.00225699170839  0.00263637304741  0.00282350158459  0.00274790897398  0.00238086386583  0.00184720175761  0.00109474253876 5.02986967241e-05 0.000914644382011 0.000853152536499 0.000452091766323 0.000235879144168 0.000126361017288 7.51005163102e-05 5.23853876458e-05 4.22051107397e-05  3.8232070236e-05 3.11594024728e-05 3.06993659826e-05 2.94196225586e-05 2.67673492509e-05 2.61318480545e-05 2.61222607183e-05
4.19634208852e-06 0.000325230714034 0.000945295334941  0.00133422435341   0.0016269320719  0.00193435782532  0.00234472800899  0.00277155472128  0.00295542320811  0.00282027832531  0.00238539713479  0.00183669803922  0.00112259855955 0.000101382040337 0.000922473750235 0.000963265868751 0.000510392661211 0.000252729585127 0.000141148296745 7.90155478323e-05  5.6793299546e-05 4.61534129449e-05 4.16580237665e-05 3.51762862382e-05 3.41638195896e-05  3.2846650654e-05 2.89427723896e-05 2.83431333749e-05 2.77637221444e-05
1.77356663771e-05 0.000310639641024 0.000915983928128  0.00132203590669  0.00162177101415  0.00191696026349  0.00231839728959  0.00275531515748  0.00297685161488  0.00279550192792  0.00228303890032  0.00174711991887  0.00110699182105 0.000172177048698 0.000557979793253 0.000653588291518 0.000468854194467 0.000215749316396 8.03945567032e-05 4.22237971349e-05 2.57391680824e-05 2.13309434136e-05 1.58352010979e-05 2.40249264064e-05 2.27905482912e-05 2.38740390379e-05  2.4628795471e-05 2.53741216143e-05 2.57377616927e-05
2.77568358875e-05 0.000249960451076 0.000873573601086  0.00123539809866  0.00140713119116  0.00158326991075  0.00185687150764  0.00216743943453  0.00225416236942   0.0018762960882  0.00135296405105   0.0010613394859 0.000792223078929  0.00042299396533 0.000490629906316 0.000763922770327 0.000622808809781  0.00020902836729 3.24723916544e-05 2.13034393045e-05 1.69797095417e-05 1.47878734574e-05 1.88156814771e-05 2.12048259402e-06 3.09631890052e-06 9.16701771637e-07 8.18701699324e-06 8.46271632047e-06 8.31763922618e-06
1.66714023027e-05 0.000268023926614 0.000730655619184 0.000906081200363  0.00088796993692 0.000830858564236  0.00090107818469  0.00107377093754  0.00103762180173 0.000803720364204 0.000769100679601 0.000875443103627 0.000771964065396 0.000503841312389 0.000696724719913  0.00130319287298  0.00099554865204 0.000204093141672 3.37405603957e-05 1.15851613892e-05 2.87949227706e-05 3.14431606514e-05 3.64999853287e-05 2.47492680477e-05 2.69315368236e-05 2.40701772757e-05 1.70431243419e-05 1.53878615065e-05  1.4995925507e-05
1.41494916382e-05 0.000227277568149 0.000695248505111 0.000819465059086  0.00070565526499 0.000574668018196 0.000564428909593 0.000666508028325 0.000608238253746 0.000546156971486 0.000739100258218 0.000904808968984 0.000801668607389 0.000508561320642 0.000652091315315  0.00129610493042  0.00100770928949 0.000232235801718 8.28176590995e-05 3.11442612086e-05 1.22401059672e-05 2.32563339561e-05 2.74317445186e-05 2.70855628744e-05 2.81548213946e-05 2.86661963252e-05 2.62037546458e-05 2.57645448646e-05 2.51818042687e-05
1.71028009028e-06 0.000222167718806 0.000680937732266 0.000836699685172 0.000768747762502 0.000679062962594 0.000698193073593 0.000809425682043 0.000783729051222 0.000659582860988 0.000726165913597 0.000863032989892 0.000769024024964 0.000470132276536 0.000648640595887   0.0013125119509  0.00106312322654 0.000316494923223 0.000150760371599 9.19095749008e-05  3.4123831413e-05 7.45300268287e-06 2.54630174733e-06  1.2146794349e-05    1.38081521e-05 1.68293261258e-05 2.15066227965e-05 2.22565878733e-05 2.31640341522e-05
 1.5490380057e-06 0.000219010707819  0.00068180318071 0.000861211045577 0.000829204790817 0.000758461926482 0.000773343053624 0.000865379051123 0.000841746614207  0.00067152173261 0.000704688204262 0.000860005314214 0.000792412819289 0.000478394059691 0.000484396162268  0.00104486340234 0.000880614216719 0.000283746430068 0.000151265166608 9.33012532833e-05 4.39765247399e-05 2.38045946812e-05  1.7839674165e-05 4.25754610263e-06  3.1238605056e-06 7.35820943931e-07 3.61454825222e-06 5.38998410588e-06 5.73881297968e-06
1.49320116313e-07 0.000217837600613 0.000678163123886 0.000856253096749  0.00082272103252  0.00074062615987 0.000730073642536 0.000795087106545 0.000774590621703 0.000668325051779 0.000817004145497  0.00099668008769  0.00092902387043 0.000541026237606 0.000398937742277  0.00105394235669 0.000910300011662 0.000403044005542 0.000255871519431 0.000125366507623 6.23075340409e-05 3.92753180034e-05 3.23689475238e-05 1.87141467952e-05 1.74592809823e-05 1.52262495641e-05 1.11026637797e-05 1.01836740479e-05 1.01960601754e-05
2.99265439509e-05 0.000215398255456 0.000676433986763 0.000865317179902 0.000847166319086 0.000775441071486  0.00076841436158 0.000830969575085 0.000888589562598 0.000892210227348 0.000960787815908  0.00109156738701 0.000993332832469 0.000559233298225 0.000362898892271  0.00106836922475 0.000980569615977 0.000462081839664 0.000315796951333 0.000157004687339 7.03342145294e-05 4.50806957624e-05 3.84934496485e-05 2.84843533588e-05 2.65045624306e-05 2.56059548217e-05 2.21750064491e-05 2.12247292871e-05 2.12297336275e-05
