0.000405371903058 0.000264221852268 0.000399014616075 0.000448642727255  0.00200199089688  0.00396564962375   0.0056750877155  0.00712449007529  0.00812863675128  0.00872916772637   0.0088803073676   0.0086479341739  0.00805091264642  0.00700859922699  0.00604785027691  0.00574193352139   0.0058239994863  0.00573395059235  0.00572389658683  0.00585087964987  0.00590723091933  0.00596176118046  0.00595195005228  0.00607729460869  0.00607991139018  0.00610548306325  0.00616965205075  0.00619117858544  0.00619576730687
 5.1754138254e-05  0.00018580522816 0.000671958131674 0.000804325014793  0.00233482188325  0.00427908548829  0.00608335877836  0.00782112060472  0.00924677184343   0.0102890295804   0.0107796138978   0.0106784874813  0.00994061114257  0.00861729144586  0.00708240715449  0.00602302205766  0.00570078179494  0.00558373899491  0.00551759389862  0.00548248186425  0.00545997012294  0.00544812033361  0.00543233281613  0.00544638848432  0.00543926913985  0.00544307277578  0.00546210355544  0.00547159917653   0.0054866373275
1.01713385139e-05 0.000147169052746 0.000589548804172  0.00079581492092  0.00229208475923  0.00399108414799  0.00544724859506  0.00679858184963  0.00787407945066   0.0086761346103  0.00909562020288  0.00913009744291  0.00872926467858  0.00786640689932  0.00670355187114  0.00555123162921  0.00480687688704  0.00452438878423  0.00444205999615  0.00441885161127  0.00439514070468  0.00438396253516  0.00435092175179  0.00437319577173  0.00435698427622  0.00435418153283  0.00436351639188  0.00436890912923  0.00436741540659
0.000345349905274  0.00262237960681    0.007528817828  0.00987514259513  0.00971625190654  0.00927790334198  0.00874651970115  0.00839035621072  0.00815048125883  0.00800252162166   0.0078462221075  0.00760821313151  0.00718044367827  0.00649489537775  0.00551638048316  0.00426458979126  0.00280556104303  0.00136802251562 0.000710327140698 0.000671452159574 0.000646410100855  0.00063026918479 0.000596838508523 0.000626060495077 0.000604084629803 0.000607083549851 0.000630677790368 0.000622273323566 0.000625427818456
5.80370092707e-05  0.00190381361741  0.00421957783341  0.00490553838653  0.00519057010597  0.00559959617388    0.005892851324   0.0060677759934  0.00600918119308  0.00575647674623  0.00531747310889  0.00476401225869  0.00412420566652  0.00340138535906   0.0026440788969  0.00189697753309  0.00126139687452 0.000917897438561 0.000995557828314  0.00112499960889  0.00121628496024  0.00128994057991  0.00133622380764  0.00139834660515  0.00142383444883  0.00145441272518  0.00148682848972  0.00149673157699  0.00150855860349
0.000355022358415  0.00158925796164  0.00538798230549  0.00698327355367  0.00589341654554  0.00464172454962  0.00398126051723  0.00330668270608  0.00277639835681  0.00229064001919  0.00192954642499  0.00155397982209  0.00120532833329  0.00104223751214 0.000952881226069 0.000929342005622 0.000954350392808  0.00103229758438  0.00110659255619  0.00118126696509  0.00125007459176  0.00130766469639  0.00134894122435  0.00139027307477  0.00141578014948   0.0014377924525  0.00145736057013  0.00146502870158  0.00147395509134
 0.00037242055553 0.000332035967496  0.00101317271713  0.00329484696921  0.00443271227184  0.00458341253309  0.00419170603611  0.00384604896191  0.00342434385575  0.00303970115596  0.00268063440561  0.00246839781746  0.00235853056568  0.00227200397394  0.00224001179739  0.00224530260242  0.00226637163599  0.00230968387251  0.00237824205585  0.00245438496066   0.0025191031258  0.00256792342403  0.00260459678457   0.0026351798274  0.00265539707817  0.00267002821837  0.00268256810684  0.00269908408416  0.00269539641527
0.000126017129695 0.000328831616109  0.00283159506018  0.00578960148283  0.00609814192788  0.00505729431789  0.00438579781301  0.00381648603367  0.00344661785281   0.0031542900762  0.00296873278933  0.00277108458981  0.00256973201953  0.00250423207993  0.00245571861307  0.00242238157471  0.00237268055998  0.00242492612427  0.00247674173716  0.00249238317496  0.00251716333818  0.00252906643554  0.00256772239585  0.00253403066201  0.00255659451122  0.00256203159841  0.00254180761413  0.00254311859156  0.00255200612938
4.10885028866e-05  0.00101993113123 0.000969066632006  0.00314027845408  0.00622768610906  0.00635850308606  0.00558297020903  0.00475610387618  0.00392758741369  0.00320724604517  0.00261975993598  0.00223157923575  0.00202750858425  0.00190488833607   0.0018790979383  0.00191999894112   0.0020235473224  0.00208620635309  0.00216828839644  0.00228765631102  0.00237858819986  0.00245900437998  0.00249038352898  0.00257266988517  0.00259124265562  0.00260916717607  0.00264531687738  0.00265162471798  0.00265176420265
0.000103793291051 0.000356588881207  0.00107254075729  0.00283559182027  0.00523156278466  0.00595152271861  0.00577707403137  0.00553866572429  0.00518645993648  0.00476326090877  0.00428544914176  0.00378811193729  0.00328695045275   0.0028649395356  0.00252957742184  0.00229006779165  0.00210252657402  0.00204228409629  0.00201339911172  0.00201459285704  0.00203266729076  0.00203654154905  0.00206788991809  0.00202271736479  0.00203656351267  0.00203950635459  0.00200988648053  0.00200754755105  0.00201105226213
0.000204933967288 0.000414020909438 0.000847998901238  0.00306072077108   0.0054522878239  0.00532177315276   0.0044620044049  0.00385097708975  0.00353893727401  0.00327972542379  0.00310721601087  0.00281525403548  0.00242947137124  0.00209969538392  0.00172189781899  0.00134945553386  0.00104449900225 0.000957355451653  0.00097572273495 0.000997567891907  0.00103566249381  0.00106323637158  0.00109236446365  0.00109887602313   0.0011143555607  0.00112337520821  0.00112814068729    0.001131948463  0.00112686188511
7.09921080693e-06  0.00108454397722  0.00302146991983  0.00185279417032  0.00367127320636  0.00662062327941  0.00677954449784   0.0065965652683  0.00610558744915  0.00545718215045  0.00474415161408  0.00417017808367  0.00376174396611  0.00330445073918  0.00290650145431  0.00253475106445  0.00221296023639  0.00179451632138  0.00152197873879  0.00167110504208  0.00178383501941  0.00187562438978  0.00190487987308  0.00201306918218  0.00202219733955  0.00204728548098  0.00209255700186  0.00209920467498  0.00209795835091
9.78937047374e-05 0.000739447938918  0.00195463187171  0.00243202975639  0.00386559391128  0.00668852954348  0.00746692392644  0.00708310612731  0.00672117378847  0.00638478880061  0.00604689284069  0.00556567110769  0.00490489707634  0.00429230941862  0.00363127958908  0.00296839585957  0.00229871017817  0.00187344661822   0.0015058237527  0.00126005367026  0.00122163323011  0.00119770823668  0.00122454410627  0.00113896984837  0.00115602111668  0.00114059449201  0.00109545130862  0.00108498820144   0.0010851442054
8.80822228813e-06   0.0006035005542  0.00152782158597  0.00173053786933 0.000421774895238  0.00306869360266  0.00358698521916  0.00331184438724  0.00321905502281  0.00320421031867  0.00319988843304  0.00314822813996  0.00301192833419  0.00272981330015  0.00232817183472  0.00183395965636  0.00131192574907 0.000822676697011  0.00059811230255 0.000716367192339 0.000790024689726 0.000849895074067 0.000879733649725 0.000947714309306 0.000957768678624 0.000974689305206 0.000999807393621  0.00100242036051 0.000998868471609
0.000173788817728 0.000413929603667 0.000738713384306  0.00118943990959  0.00125016308665  0.00605997262735  0.00821796377616  0.00763879459606  0.00683918864828  0.00613665424688  0.00545988201621  0.00484423125802  0.00431857895911   0.0038713236486  0.00347172130683   0.0030846531598  0.00268234937251  0.00226545994387  0.00184350646821  0.00152711594448  0.00152317114758  0.00156219739199  0.00158900739134  0.00160810176234  0.00162346523283   0.0016317756121  0.00163381334607  0.00164432193763  0.00164226858844
0.000286374115153 0.000249824333668 0.000491600492656 0.000619533459676 0.000808488229977  0.00199087122304  0.00470140148248  0.00608150805022  0.00634955596871  0.00625748134311  0.00591833895812  0.00551647647844   0.0050463062611  0.00446722177789   0.0038786615245  0.00331005215683  0.00277610800158  0.00231933094603  0.00197661456482  0.00177854587381  0.00178038293205  0.00180636348234   0.0018308926744  0.00182504466112  0.00183681929184  0.00183952998119  0.00183098385966  0.00182030645932  0.00181832293717
2.87671265408e-05  0.00042466445104  0.00102524997107   0.0011797789262 0.000841580497476  0.00179056870793  0.00391001627923  0.00361392517093  0.00341674278325  0.00350914150505  0.00358946231099   0.0035976199846  0.00351687130476  0.00329306691786  0.00297182340873  0.00258563671297  0.00218674091361  0.00180040897736  0.00151593723979  0.00136943964031  0.00140148791529  0.00144119497588  0.00146696639467  0.00149242569535  0.00150353092433  0.00151894129973  0.00151632932514  0.00151414016959  0.00151546805741
0.000294611738342 0.000800247902619  0.00167564931951   0.0017511196326  0.00153718191143  0.00288010643056  0.00767530819245   0.0104905126325  0.00926216630216  0.00741371542054  0.00603608003023  0.00505961313055  0.00432406498355  0.00391431945376  0.00355450528099  0.00319554923736  0.00278544801087  0.00250460703046  0.00220067135249    0.001863391688  0.00165611965713  0.00161618430267  0.00163828105142  0.00157727050445  0.00158894707186  0.00156851655447  0.00153966824914  0.00153990738623  0.00152532342782
3.72773926984e-05 0.000698966402201  0.00177498360333  0.00236190493807  0.00215310264632 0.000824079113794  0.00461549841236  0.00686410120951  0.00702537859362  0.00670577333913  0.00655613940564  0.00612224131283  0.00542758110805  0.00471536884905  0.00396953508359  0.00325686557285  0.00262695133878  0.00216005093119   0.0018502111553   0.0017226900773  0.00176418547539  0.00181159895653  0.00183248161411  0.00188862555811  0.00189621282502  0.00191232069552  0.00193524234804  0.00193292210283  0.00193100787963
0.000352156948998 0.000450033050831  0.00096011004424  0.00120827471623  0.00160027089021   0.0022347483202  0.00157448988275  0.00218261271048  0.00311613036131  0.00374515105408  0.00409838078762  0.00440989777238  0.00459510922577  0.00442475894927  0.00411117478178  0.00369211014771    0.003237856619  0.00269419076664  0.00224439452491  0.00198894022069  0.00192428624303  0.00196756000408  0.00199343370954  0.00205152784596  0.00206060993307   0.0020720100859  0.00208991060654  0.00208826612134   0.0020845031028
0.000406862694114 0.000787346282169  0.00153883323146  0.00166727555219  0.00194234903882  0.00247959619957  0.00393857686765  0.00904556094023   0.0101769253186  0.00796456756455  0.00625398430358  0.00518068552573   0.0044266029177  0.00403068178687  0.00368770387332  0.00334364115379  0.00293777124634  0.00265977023994  0.00234284432022  0.00197265742893  0.00167682343289  0.00161097239774  0.00162837379213  0.00155752128821  0.00156517979222   0.0015614128042  0.00151318767912  0.00150949751666  0.00150322925295
 0.00011324383071 4.36346995594e-05 0.000132582281369 0.000396008567607 0.000760636173122   0.0012944043594 0.000805436907485  0.00316039610113  0.00682310210303  0.00832311115078  0.00801219487576  0.00734145427771  0.00660467503768  0.00583531729235  0.00512279675805  0.00447014822786  0.00387690467808  0.00333724254699  0.00289853637934  0.00259706895225  0.00244566081411  0.00245232687204  0.00247261207546  0.00247045886013  0.00247921777576  0.00247240897193  0.00246743725123  0.00245601241183  0.00245068567125
0.000236593295767 0.000774231351959  0.00199009695663  0.00271723241293  0.00309873263237  0.00325067514294   0.0028938813033  0.00140185619965  0.00210386600411  0.00272805236465  0.00305462851666  0.00343405573065  0.00372614591575   0.0037131038407   0.0035236834261  0.00319268156096   0.0028031424748   0.0023189435703  0.00191560448358  0.00169186368884  0.00160930198061  0.00165701703181  0.00167443225586  0.00174558272393  0.00174970627149  0.00175752447652  0.00178945588753  0.00178302156018  0.00177683804116
2.38016442433e-05 0.000519991273473  0.00142981631063  0.00202641296007  0.00228534147277  0.00211734529774    0.001463373099  0.00303755798311  0.00658447998051  0.00822868284212  0.00783518439636  0.00708708990559  0.00626632553237  0.00559350274221  0.00505942074926  0.00462507160703  0.00422059182615  0.00386888763031  0.00348374443685  0.00304291647046  0.00258971789859  0.00218655626804  0.00213942163232   0.0021076374653  0.00211126566952  0.00210442221287  0.00207787469202  0.00207206419688  0.00205986261999
0.000281487041662 0.000481029012288 0.000851086346373 0.000882979166188  0.00137124032472  0.00210950165453  0.00229251061125  0.00219602223096  0.00630279020275  0.00915656238917  0.00884254148692  0.00750329775596  0.00647227867489  0.00570491977633  0.00495865504645  0.00421009374254  0.00345931974547  0.00287131005178  0.00236650789626  0.00198145780571  0.00182731510437  0.00181917828028  0.00182146528952  0.00179597036738  0.00180206727702  0.00179398730183  0.00177182851178  0.00176315089889  0.00175443381852
 0.00035903192901 0.000813874878603  0.00204352702337   0.0027782645375   0.0031952599121  0.00350217001564  0.00353836798589  0.00349123496885  0.00214571802308  0.00218685242798  0.00297715015467  0.00372387559874   0.0043823134259  0.00460853933906  0.00462867026001  0.00444851404012  0.00412536429236  0.00358036812657   0.0030224531957  0.00254521669483  0.00213288728546  0.00190709029096  0.00190293319723  0.00196080960845  0.00196302987805  0.00197174512458  0.00199430189862  0.00199036070492  0.00198172701707
5.53866831128e-05  0.00014465569842 0.000366658986903 0.000450068241921 0.000423493941178 0.000411114722477 0.000547750828046 0.000905119813671  0.00343052802547  0.00720220197208  0.00849423374642  0.00766285009213  0.00694385729576  0.00643359582445  0.00604153182924  0.00570355064115  0.00535321845808  0.00499378105918  0.00456139374704  0.00406030689299  0.00356604223494  0.00313792859893  0.00299758142148   0.0029734237947  0.00297378619239  0.00296803466026  0.00294782596588  0.00293636153034    0.002926085985
0.000335329482679 0.000677907993963  0.00152007867397  0.00168003426044  0.00169520521582  0.00188648214269  0.00181593264329  0.00236673950824  0.00225868517597  0.00639983602146  0.00975542812787  0.00956551563184  0.00774257063448  0.00633105030993  0.00525951724686  0.00443488961314  0.00375521488024  0.00327523969955  0.00288663907571  0.00257559240237  0.00240944960673  0.00235819759766  0.00238703937552  0.00234523077466  0.00234447536418  0.00233004769708  0.00230129392094  0.00228816401927  0.00227753480517
0.000355989168018 0.000572980984088  0.00132692639334   0.0018126006028  0.00221775911112  0.00270836979658  0.00303295619968  0.00344941223424  0.00318644476381  0.00176001185109  0.00224443217597  0.00310694600242  0.00385134862375   0.0042849953371  0.00440362663253  0.00421916057172  0.00384312700325   0.0033030657212  0.00277876022266  0.00236828072861  0.00207353683126  0.00193033293036  0.00190106067132  0.00194935261314  0.00194864613857  0.00195488894375  0.00197295544148  0.00196433869049  0.00195083790075
0.000222999952852 0.000501196951975  0.00126341397737  0.00183418910007  0.00216195245155  0.00216199982021  0.00165287396744  0.00116153317121  0.00109675198554   0.0043373899712  0.00854050824765    0.009649564088  0.00808697726707  0.00709612088753  0.00640012125805  0.00587249938211  0.00537971391441  0.00507773804119  0.00469665564259  0.00418915713457  0.00368549075698  0.00317965097273  0.00278682864176  0.00264210726542  0.00263888567988  0.00261681979346  0.00256380165957  0.00254716949578  0.00253975768797
0.000220434837917 0.000593399531076  0.00142694107824  0.00170305232903  0.00186443717553  0.00203380343959  0.00174583392065  0.00219179571384  0.00279650817525  0.00241484909017  0.00652696798777   0.0101654650363   0.0102521763665  0.00837613755335  0.00698621638912   0.0059366898182  0.00508175416952    0.004372348053  0.00376947014325  0.00327516042302  0.00293522167894   0.0027563120291   0.0027076335445  0.00271755026948  0.00270911338818  0.00270408112339  0.00270146355946  0.00268867973376  0.00266986894154
0.000412932249286 0.000425160014682 0.000658746105608 0.000795800412612  0.00112339520947  0.00175054675188  0.00200564160939  0.00275124269637  0.00343957752856  0.00364146936335  0.00242767732059  0.00259269699357  0.00363273859241  0.00455605889617  0.00517199866814  0.00529236826082  0.00499757843698  0.00439123331571  0.00369481546998  0.00303820287327   0.0024617208109  0.00203806683383  0.00179315966885  0.00180164580147  0.00180162526974  0.00179853302624  0.00179459831975  0.00178298736909   0.0017698842953
 0.00061669202373 0.000726215541678  0.00143504121196  0.00186786079017  0.00246620344263  0.00303010711006  0.00270845702213  0.00281768932946  0.00280555231269  0.00307370236745  0.00453246378135   0.0102248094991   0.0124420358842   0.0103836503063  0.00770517717214  0.00620252552656  0.00545159010003  0.00506090366615  0.00474076827492  0.00435331452037    0.003868355561  0.00329277506798  0.00269749888543  0.00230030249831  0.00224737287968  0.00223014284925   0.0022112577396  0.00219377440194  0.00217627601985
 0.00040310526615 0.000671056137845  0.00168138776954  0.00249178774146  0.00285990947778  0.00261338385611  0.00174946723196 0.000891257417604  0.00169130711742  0.00302426173086   0.0021132376487  0.00204785277257  0.00526659083251  0.00710749809169  0.00785400023031  0.00778742662573  0.00711393443711  0.00605673818018  0.00491192183747  0.00386035809779  0.00298686256064  0.00241944245324   0.0021985936819  0.00225397090089  0.00224068429806  0.00224000016992  0.00224605820869  0.00223464458187   0.0022180557308
3.52856560363e-05 0.000607139743383  0.00170895913252  0.00258559271613  0.00315082484215  0.00338580453697  0.00331487050241  0.00297863770562  0.00247086418489  0.00183374928044 0.000882117179732  0.00204127490015  0.00382383290631  0.00417399489715  0.00428223852093  0.00438586923171  0.00436555266773  0.00432829914519  0.00408770339944  0.00362351203156  0.00306160700045  0.00243615868674  0.00187835202107  0.00148419495146  0.00143559898868  0.00141117024976  0.00136087673781  0.00133817747954  0.00132350567912
0.000130019422076 0.000478992025752  0.00143754753317  0.00229736125878  0.00289407357911  0.00312615953549    0.002925995815  0.00235366641145  0.00148601994193 0.000516320253212 0.000798650312134     0.00386118036  0.00817918802332  0.00966030925275  0.00866428830401  0.00791700276468  0.00754074791775   0.0073255148161  0.00713599571246  0.00686337235335  0.00643718110296  0.00584423757893  0.00515743437396  0.00451080806422  0.00429763287663  0.00427419058028    0.004260036564  0.00424504164477  0.00422493021444
0.000328243668844 0.000437278943427 0.000630586658284 0.000739609627841 0.000952368798874  0.00135762934354  0.00158060190022  0.00206765796965  0.00268548263955     0.00351368686  0.00449517316866  0.00284494607723  0.00274284752473  0.00552752115379  0.00633726682332   0.0059422022878  0.00547355854898  0.00486770374978   0.0043719887222   0.0041002149395  0.00394105306945  0.00392434378732  0.00396644251985  0.00421108858972  0.00425205583229  0.00424276941175   0.0042900394606  0.00428562502745  0.00426684626967
8.70304274748e-05 5.88822563585e-05 0.000258493187322 0.000226615239524 0.000355218013741 0.000689061446764  0.00102906041606  0.00145915585057  0.00183383265971   0.0020856442801  0.00206748201024 0.000841641036426  0.00234588250497  0.00528561742103  0.00614759681774  0.00588228585571  0.00540209774746  0.00488370587103  0.00435529253208  0.00385901331638  0.00350870367385  0.00327745703326  0.00316776747986  0.00301864081069   0.0029836335582  0.00294594277163  0.00288300914287  0.00285604615448  0.00283352697674
 0.00038377816115 0.000386276970132 0.000766643559715 0.000744069452399  0.00106732505822  0.00163867790368  0.00159125421537   0.0019371791286  0.00201221392575  0.00217475290034  0.00212141682068  0.00224565726018  0.00469781045995   0.0101279922396    0.012588729202   0.0110978472895  0.00892562017626  0.00747310651853  0.00652983706448  0.00586142392006  0.00534817843114  0.00489153848571  0.00449301758358  0.00415814033718  0.00401451821571  0.00398293447876  0.00395758009705  0.00393455494724  0.00391265070249
0.000300690191323 0.000336202965806 0.000337407907363 0.000487786166215 0.000682295734453 0.000860944416203 0.000842596436869 0.000970598955232  0.00112080818503  0.00134880966261  0.00147318496679  0.00168290280214  0.00221067688781  0.00529678069235  0.00751948625387  0.00830891630345  0.00830226138924   0.0081462023631  0.00775926277733  0.00712874221195  0.00636416189493  0.00559119722703  0.00494257874351  0.00442852533024   0.0041738042621  0.00410739663268  0.00406804683453  0.00403937212993  0.00401406450269
0.000145703107727 0.000515081450387  0.00158142207604  0.00257485462678  0.00330785596424  0.00385208671081  0.00422626242508  0.00453436543687  0.00481644573081  0.00514780483724  0.00549607412049  0.00574036855992  0.00417627324064  0.00191089872184  0.00334751848467  0.00417203121341  0.00422595489969    0.004194546519  0.00404217571817  0.00379629206227  0.00351088644794  0.00323249652109  0.00301560552672  0.00294651477409  0.00296235130519  0.00295851625269  0.00294095588391  0.00291722740753  0.00289106204216
 0.00038835234484 0.000403559640039 0.000851949654749  0.00119509169056  0.00192045454274  0.00272331576933  0.00299920534876  0.00327821298572  0.00319489576214  0.00296355307278  0.00249942207216  0.00220954700152  0.00189468430967  0.00412158459861  0.00850795841784   0.0106185615152    0.009562445663  0.00786561605561  0.00669626348166  0.00594165051657  0.00544984217325   0.0050367601133  0.00464193558764  0.00420014623063  0.00383446459393  0.00371909297551  0.00367375434107  0.00364330192381  0.00361544528137
 0.00033974006285 0.000455166128406 0.000744068444281  0.00116190481713   0.0016157003269  0.00197450186155  0.00196153276157  0.00193606400129  0.00173392906811  0.00170073087438  0.00180741764565  0.00260268252969  0.00388994717837  0.00297317943074  0.00220899759226  0.00553458734643  0.00705166780024  0.00696815500669  0.00665514745066  0.00621809600432  0.00558778173092  0.00495265222759  0.00436698262727  0.00407812964708   0.0038991035359  0.00392152725495  0.00393686999951  0.00391616142335  0.00388553893985
0.000159880576293 0.000135495304623 0.000376302240298  0.00039465866395 0.000604022254476 0.000948190274444  0.00100431487266  0.00128616651029  0.00149556303887  0.00177579596853  0.00199108778812  0.00224003013193  0.00247836644506  0.00167454308824  0.00465206386044   0.0075860771171  0.00821970314974  0.00758583933506  0.00701023239501  0.00641685017589  0.00584085214638  0.00525147841181  0.00469279809875  0.00412303427653    0.003718103979  0.00354775528861  0.00348404613658  0.00344557779513  0.00341374485899
7.14616334243e-05 0.000295556325035 0.000955977811822   0.0016683628557  0.00224446312199  0.00272264760721  0.00312574644139  0.00343532227121  0.00364947493249  0.00372685948775  0.00367870323064  0.00347493825775   0.0030501320515  0.00216356652395  0.00187454476905  0.00550232644686  0.00727480270486   0.0070796555797  0.00639727670058  0.00585238692113  0.00546893246943  0.00508658441028  0.00469508464822  0.00422182195207  0.00385141756408  0.00365012374354  0.00358749003548  0.00355450152068  0.00352283279676
0.000142309869552 0.000140626199627 0.000384914519604 0.000541841276897 0.000858292394872  0.00117839562901  0.00124849095845  0.00127361087225   0.0011703861318  0.00104255825893 0.000983711230405  0.00113565923472  0.00163173992387  0.00248966201786   0.0013671948577  0.00537681842498   0.0101646788279   0.0111730792258  0.00999480118372  0.00895737479973   0.0080342668123  0.00728223634792  0.00660663648445   0.0061292585951  0.00569567342004  0.00547007266227  0.00548679800688   0.0054582978492  0.00542620983465
0.000177084555877 0.000254224230741 0.000271924349147 0.000318486371189 0.000392304131215 0.000590933595661 0.000777635960691  0.00121783590221  0.00176914070172    0.002472518272  0.00315416938984  0.00379899598783   0.0042990687714   0.0044780275515  0.00320944178694   0.0014859074191  0.00365444412009  0.00518911242956  0.00538772964467  0.00526408617269  0.00486738076443  0.00434739043928  0.00384835640581  0.00350925607507  0.00334607093741  0.00331805569843  0.00331734204424  0.00328354085754  0.00324538357098
0.000126633644123 0.000181153685211 0.000522923945547 0.000705614139957 0.000992245520219  0.00138740406875  0.00150867197497  0.00177843037521  0.00183963746831  0.00191712359136  0.00180154596789  0.00186510567366  0.00218114933759   0.0020935440834  0.00157522731133  0.00461546079503  0.00873880519758   0.0105828430345  0.00973178799947  0.00815418383432  0.00726441882402  0.00665742244029  0.00621047514175  0.00561050721558  0.00518980488526  0.00486932284275  0.00478474814286  0.00473547722778   0.0046983524839
0.000238614309304 0.000403215952736  0.00052551752744 0.000587982155969 0.000781599757224  0.00107448851271  0.00111162799743  0.00129684929294  0.00142007442151  0.00158851832919  0.00175833457168  0.00202737772014  0.00229259784779  0.00254514741165  0.00267337193782  0.00183691247798  0.00486705955852  0.00731422297613  0.00799948272302  0.00767506603757  0.00733312095489  0.00679869424276  0.00620439916014  0.00549187027342  0.00503005311712  0.00474540749795  0.00466684304189  0.00461666605061  0.00457775630546
0.000118860753553 0.000151518939378 0.000554490290116  0.00105932252628   0.0015073527708  0.00183235899435  0.00202067887312   0.0021356319511  0.00221275842916  0.00229333668545  0.00237275864114  0.00250966172933  0.00281971753786  0.00310238955613  0.00363934661728  0.00241581429207  0.00284060780928    0.006212867412  0.00806331658092  0.00813778787873  0.00783254239969  0.00753646639716  0.00713227445625  0.00698861023956  0.00660972978751  0.00633475926102  0.00625692903298  0.00623848268252  0.00620097452444
1.21807977519e-05 0.000244620604887 0.000956732363357  0.00187509778636  0.00265866451836    0.003322861456  0.00389899974987  0.00437680336394   0.0047694885664  0.00504457031292   0.0051797907447  0.00510842923989  0.00476444171281  0.00422786311636  0.00350995365697  0.00258475503516  0.00351754258388  0.00567124172894  0.00726215662032  0.00742636159087  0.00699766309943  0.00660924656233  0.00635309180494  0.00599208011082    0.005835692024   0.0057099227084  0.00561404715976  0.00557266601197  0.00552782667694
7.13120389367e-05 0.000128921034465   0.0004445292563 0.000844333587776  0.00125180017134  0.00164653704749  0.00194755442738  0.00216528633413  0.00225123933313  0.00222956939591  0.00216864179206   0.0021678460021   0.0023451215004  0.00284081740175  0.00370224679413   0.0045786945737  0.00193504255109  0.00633290725688   0.0114857892534   0.0122503652815   0.0104205110774  0.00915107219549  0.00831138159406  0.00785446097975  0.00761847493119    0.007596790177  0.00766851213366  0.00775408614351  0.00770880779242
0.000121906085674 0.000302624503172 0.000428081579904 0.000537659512916 0.000690190179157 0.000978673724623  0.00124600875192  0.00171326892414   0.0022224721754  0.00287555347562  0.00350586344946  0.00418226896501  0.00481481481235  0.00507425376922   0.0051504375128  0.00507394980153  0.00405686418763  0.00309049830207  0.00405581491198  0.00552839126373  0.00604894300736  0.00585264147692  0.00543031889961   0.0050611672596  0.00492814899144  0.00509843636265   0.0053932521273  0.00555578547372  0.00550358456671
0.000390192268605 0.000352367190174 0.000661403387216 0.000752648786103  0.00123340897088  0.00191593957352  0.00203738238628  0.00239628049694   0.0024613252187  0.00252353100339   0.0023385299227  0.00231554744613  0.00249013702101  0.00239006384908  0.00254454764945  0.00308013717671  0.00294664227864  0.00419216319021  0.00968227237799   0.0136396982683   0.0135678354123   0.0115379178535   0.0101010936751   0.0091370082795  0.00849201765071  0.00803524491783  0.00770276763605  0.00755742197724   0.0074841904619
0.000291486094385 0.000396767445666 0.000544674364316 0.000795739456974  0.00115808078819  0.00146506181664  0.00150636356903  0.00149936980699  0.00134099689813  0.00120874911819  0.00113974694735  0.00152386046009  0.00226199892284  0.00285576136445  0.00342961695019  0.00387652112224  0.00409139852024  0.00274055587141  0.00315533922556  0.00591267760992  0.00734432667258  0.00730424853631  0.00692452516618  0.00654608216052  0.00613200911201  0.00594578726463  0.00599547243071  0.00592118550901  0.00588664666773
7.75076524681e-05 0.000156181068694 0.000522862629846 0.000908995826686  0.00124654385749  0.00153311419926  0.00173456455481  0.00195070964052  0.00214795571037  0.00234992364078  0.00251262102678  0.00262875963505  0.00264930812862  0.00252337350994   0.0022567206746  0.00186281209386  0.00135204280971  0.00115138084997  0.00480381886683  0.00761521213289  0.00925745551037  0.00919715580138  0.00856611856792  0.00800183427012  0.00764661667696  0.00730257001713  0.00690607000605   0.0065719276797  0.00654493299293
0.000159636894554 0.000419790569514  0.00090617701737  0.00146678347705  0.00193009303401  0.00245086425507  0.00289997037973  0.00339577812223  0.00378560686833  0.00414630331059  0.00438021923538  0.00464481798076  0.00496580666989  0.00512931274266  0.00535347319298  0.00567085715203  0.00611358674185  0.00567888100646  0.00376690677121  0.00428959079146  0.00667897545816  0.00742411070446  0.00711919752262  0.00691649360044  0.00677261861989  0.00679774985548    0.006976430939  0.00718313769305  0.00736576579308
5.01035918772e-05 0.000153298937916 0.000184373103792 0.000511790615126 0.000903599477237  0.00128327848193    0.001640585977  0.00195215918973   0.0022289375303  0.00246296244632  0.00267619534738  0.00288226665142   0.0030911473134  0.00339032859269  0.00376177374266  0.00421132922634  0.00467578948042  0.00465283794762  0.00127749576797  0.00521249471101   0.0090173527308   0.0107977506765   0.0100730606368  0.00864794468309  0.00777622621336  0.00747714569333  0.00755201774088  0.00763987170712  0.00762087624639
7.69471145884e-05  0.00019687121419 0.000555108899561 0.000857967719215  0.00113873008061   0.0014345998229  0.00162726050902  0.00189098474974  0.00212117428292   0.0023758614363  0.00259727907888  0.00280740364993  0.00295103114661  0.00295748959279  0.00284267077292  0.00260302178469  0.00225481365816  0.00186117623432  0.00093839284368  0.00416160886279  0.00852757606317    0.011278711855   0.0115591713126    0.011143903332   0.0107678694053   0.0104830757633   0.0100880491984   0.0094257654218  0.00850821640182
1.63201923991e-05 0.000198958073696 0.000369508310818 0.000664218838885 0.000953172331167  0.00127840384664  0.00165343901885    0.001991415942  0.00231338330602  0.00258653518435   0.0028405393602  0.00304059045063  0.00316311684729  0.00331385597231  0.00343029056873  0.00354735159738  0.00369036209661  0.00412749796656  0.00335568683363  0.00084034599055  0.00712795725438   0.0107364581101   0.0117539784782   0.0106062108486  0.00987227226841  0.00949238023107  0.00906539656758   0.0084664583063  0.00753928972846
2.46006982267e-05 0.000194532139755 0.000246535624877 0.000314159571346 0.000391213394786 0.000414050167097 0.000330508890588 0.000255842344574 0.000312591570141 0.000567632586241 0.000861159543581  0.00126375155277  0.00182424788075  0.00233824654254  0.00296592807917   0.0036531069544  0.00437143326277  0.00468022645317  0.00466266939823  0.00298811029969  0.00265260707678  0.00631218227448  0.00944101664504   0.0103313686486  0.00943223106591   0.0084100637954  0.00748437429216  0.00641267477131  0.00504552055417
5.97484878312e-05 0.000116833519628 0.000392511266516 0.000811830283842  0.00120574811601  0.00154053718947  0.00183065455776  0.00208610290155  0.00236482027087  0.00268999369065  0.00304969985877  0.00344345851227  0.00386944613103  0.00420587117986  0.00447943976946  0.00466420129791  0.00478217841685  0.00470686888119  0.00457792397744  0.00342527879916  0.00374697092441  0.00645640688774  0.00874182624952  0.00955781165991  0.00953019084218  0.00934080425521  0.00876389905535  0.00775511981989  0.00639338084311
4.54524214638e-05 0.000198885780554  0.00062599212437  0.00132927971136  0.00194589975907  0.00252492393817  0.00310263335135  0.00360883697393   0.0040705723553  0.00443865180575  0.00474874924859  0.00493500548961  0.00493821154905  0.00494842354994  0.00485174291351  0.00468569306687  0.00440036458448  0.00452153981575  0.00475543769172  0.00368686739751  0.00102024350007  0.00660161500405   0.0103127072131   0.0120361659998   0.0115754316633   0.0106976279555  0.00984535080053  0.00880074007944  0.00743978491736
1.56278620596e-05 0.000178783700207 0.000313424669919 0.000504792360027 0.000682683530108 0.000927889040533  0.00126564485006  0.00161204180398  0.00195454010396  0.00226998048273  0.00254182776844  0.00279947710979  0.00310347163932    0.003361185879  0.00366285297296  0.00401205516866  0.00450038861748  0.00477432292764  0.00511997474798  0.00551773296798  0.00384028627421  0.00365750120844  0.00772778065974   0.0114323928584   0.0126112267074     0.01227865174    0.011648238241   0.0105765295099  0.00916195312565
6.86383755865e-06 0.000192368260242 0.000724271144234  0.00145094185937  0.00206231187897  0.00259878453426  0.00309738446214  0.00354061258507  0.00397124687864  0.00441076868186  0.00485213807564  0.00531480008329  0.00581579440953  0.00626510097821  0.00671701693303  0.00716245508314  0.00761581200315  0.00789873118894  0.00806393288769  0.00801965814431  0.00627716349936  0.00477523461354  0.00579473705917  0.00792250365575  0.00909245231403  0.00932436367612  0.00931709640665  0.00879379685142  0.00786513475924
2.47654578074e-05 0.000222897214455 0.000376664362154 0.000487310246575  0.00069990166671  0.00105911379869  0.00153803179172  0.00204749959129  0.00258110064465  0.00308932720136  0.00357197819461  0.00398990958132  0.00429641480914  0.00456741852914  0.00471602476952   0.0047253020299  0.00449289745139   0.0044095242583  0.00434031221921  0.00433684144397  0.00416540015551  0.00123655994487    0.006893584225   0.0118696146437   0.0149482334146   0.0150139840641   0.0139611294224   0.0128815269781   0.0114192537472
8.32247545299e-05 0.000349964141884 0.000752935201857  0.00123593981553  0.00157385831517   0.0019200503424   0.0022466778964  0.00266923630501  0.00309674962312  0.00358929338631  0.00404653281558  0.00456981061893   0.0051869529447  0.00564748079444  0.00614818323867  0.00669112549897  0.00734844218448  0.00774312097297  0.00815447645158  0.00866238741462  0.00904785053412  0.00750456915561  0.00480818338337  0.00593581208798  0.00871851978076   0.0100251750002   0.0101448152651   0.0099383931513   0.0093894195969
0.000229696165883 0.000330263165527  0.00085195275369  0.00149599347772  0.00241219362797  0.00334880304653  0.00402612917776  0.00461351762008  0.00503702830667  0.00537078262868  0.00562979755872  0.00584988666632  0.00602057968198  0.00615258337219  0.00623376659516  0.00625457204918  0.00624335501093  0.00613501376571  0.00595061071374  0.00571875880941  0.00541000615092  0.00476216952345  0.00485793509259  0.00751741691011    0.011123393232   0.0142103224476   0.0148732950239   0.0138455265816   0.0127564903722
0.000154324073913 0.000378607160712 0.000777024044558   0.0010847535145  0.00140073845622  0.00189070541508   0.0024176899947   0.0031198218405  0.00381981066165  0.00455814104352  0.00521253357095  0.00587414731456  0.00653580688438  0.00700158360644  0.00742728935008  0.00782061374694  0.00819769467894  0.00841791866779  0.00861516075892   0.0088027412376  0.00890536249381  0.00891775547285  0.00727212801842  0.00574517263017  0.00808588472682   0.0106561370306   0.0118181750908    0.011862772068   0.0113912707493
 0.00010676508579 0.000138858727882 0.000836652756164  0.00181892163248  0.00273746298946  0.00357408932555  0.00430484277741  0.00493173825001   0.0054840885591  0.00596443817492  0.00640041130617  0.00676038487671  0.00702269078328  0.00725924128534  0.00741093099785  0.00748108996078  0.00747230927505   0.0075137776487  0.00755032427124  0.00760011976215  0.00774885973988  0.00784485297556   0.0063821843935  0.00524098541402  0.00772409690076   0.0120685046479   0.0150456719874   0.0154119192779   0.0141800147842
7.60824930659e-05 0.000255750421056 0.000730061957267  0.00112163127885  0.00148350649501  0.00199331656358  0.00260385469239   0.0032994310332  0.00400104588834  0.00470891439691  0.00536083500154  0.00600596015847  0.00665549926797  0.00719784197521  0.00772912879854  0.00825355759611  0.00877938442581  0.00918783409609  0.00955679470764  0.00987613302553   0.0100608692759   0.0101719252724   0.0101266896513  0.00771048340975  0.00555465296812  0.00846830930932   0.0115241759789   0.0129635135515    0.012875685355
6.62702153025e-05 0.000118821284558 0.000835008171902  0.00170837745201  0.00243885007704  0.00311226171133  0.00377387904007  0.00438580256302  0.00499271758406  0.00557700321358  0.00616452257563  0.00671121771778  0.00718592016092    0.007665423266  0.00806500921704   0.0083689647946  0.00853589844804  0.00872076555432  0.00880975075038  0.00880061475667  0.00885403688565  0.00896352853185  0.00898979339872    0.007516742161  0.00599229129437  0.00875628501895    0.014051152122   0.0171534454825   0.0172529709475
3.03531063438e-05 0.000150477203832 0.000689959081116   0.0011041181075  0.00141713145416  0.00185746767679  0.00245783847017  0.00311662820273  0.00382158754552  0.00454272089509  0.00525406663749  0.00595413529416  0.00664370612994  0.00727151958171  0.00786478935613  0.00842312618782  0.00896303330682  0.00941671775706  0.00984371893197   0.0102512769906   0.0105744866358   0.0108028572853   0.0108999250173   0.0106337670754  0.00847540937879  0.00745153306036  0.00997785053652   0.0135276422058   0.0151047772855
4.90718513776e-05 0.000238442082092  0.00101682718782  0.00178757960591  0.00236615728975  0.00295606666717  0.00362420356013  0.00433202548087  0.00509894055967  0.00590351403173  0.00674261718997  0.00759205585103  0.00841461224026  0.00923126606964  0.00998781284522   0.0106583252216   0.0111495851248   0.0116283779494   0.0119338655285   0.0119930850272   0.0119580791812   0.0118971669549   0.0121309624209   0.0122007150331   0.0116963398868  0.00760597241008    0.006760462537   0.0117152896477   0.0143268040743
7.13689958843e-05 8.27086427592e-05  0.00060082862133 0.000917151676851  0.00120238398977  0.00161745486267  0.00214721362054  0.00269333069555  0.00327629635161   0.0038743077116  0.00447554365367  0.00507132473636  0.00568816275201  0.00625145958638  0.00681239858907  0.00738537836238  0.00809217708641  0.00863226498779   0.0092709305568   0.0101202662797   0.0109492928208   0.0117247564522   0.0120798056175   0.0125914978326   0.0121641684399   0.0109448001418  0.00985308797923  0.00893959790689   0.0104221680329
2.69720197545e-05 0.000140068021121 0.000969441798268  0.00173531385261  0.00226785728255  0.00278774292048  0.00339296635376  0.00399270068847  0.00464801793892  0.00533109536191  0.00606563076926   0.0068096313886  0.00753574148611  0.00830407762663  0.00903523506977  0.00970652614765   0.0102446548224   0.0107989987995   0.0112154245121   0.0114388411916   0.0115999111258   0.0117290724744   0.0120294658433   0.0122289916612   0.0127649994553    0.012502913196  0.00798044964786  0.00863547875053   0.0161930578419
9.38941191966e-05 0.000293045289803  0.00108810262441  0.00164208622635   0.0019995977951  0.00246394208578   0.0030617125947  0.00377760545401  0.00457062631871  0.00543175010912   0.0063277663515  0.00727733587861  0.00827391121155   0.0092510205868   0.0102369094116   0.0112149278936    0.012163242425   0.0130273218747   0.0138170439659   0.0145003306828   0.0150143248452   0.0153485290229   0.0155578782457   0.0155430309643   0.0156204645662   0.0156787506421   0.0150290792802   0.0114374879981  0.00974980312094
2.00289412527e-05 0.000169449969071  0.00109944935813  0.00189993732422   0.0025537131729  0.00321948779809  0.00395906528525  0.00472370052997  0.00555274502296  0.00644810347964  0.00739666693798  0.00840454829164  0.00948810891019   0.0105486547502   0.0116290979435   0.0127128902938   0.0138536940474    0.014792709874   0.0157119015801    0.016683791212   0.0175675975752     0.01838343805    0.018900044637   0.0196332565802   0.0197084313495   0.0195764712342   0.0193165461662   0.0185451876317   0.0166735779238
 6.1469176422e-05 0.000344416936786  0.00128860472241  0.00251180142877  0.00402973029088  0.00538426765673  0.00670292888965  0.00802827368464  0.00939678149614   0.0108356381008   0.0123402815055   0.0139325481648    0.015614947812   0.0173181260068   0.0190602363429   0.0208101629384   0.0225497405783   0.0241448273839   0.0256234679419   0.0269648448258   0.0280797436779   0.0289523098693   0.0295163239293   0.0299327850135   0.0300254731701   0.0299932894461   0.0299360470449   0.0297744103315   0.0295461556693
0.000232045687656 0.000262659235214  0.00120478792787  0.00242300515552  0.00401719856255  0.00582110164743   0.0077040113994  0.00959310223261   0.0114786086408    0.013344775298   0.0151870475446   0.0169084832205   0.0183179263516   0.0191783633699   0.0185801156552   0.0169910420951   0.0164031371802   0.0177018494332   0.0208385826499   0.0260166914147   0.0315930855524    0.035173818488   0.0367277226518   0.0375581587225   0.0377903100643   0.0378984382964   0.0380361375293   0.0381013482045   0.0382751024731
0.000142973121906 0.000150892536079 0.000785164945658  0.00126034683159  0.00165808740848  0.00214298788932  0.00280994089583  0.00343271147938  0.00392305073219  0.00408448494683  0.00381213095584  0.00302530586692  0.00186371259834  0.00126621375742  0.00136861396585  0.00133650378907  0.00120611009702  0.00132471329195  0.00133469459708  0.00115801604993  0.00219538027568  0.00833562507873   0.0184614103572   0.0276253049787    0.032506066372   0.0339988961364   0.0339101017603   0.0337081954379   0.0339286807516
0.000102129303143  0.00024763524063 0.000875605028436 0.000925609039363  0.00117659210566  0.00201663989962  0.00290046083367  0.00385175170542  0.00469987800915  0.00541373069147  0.00586091168988  0.00598750571906  0.00570755643547  0.00498056402461  0.00382537304176  0.00274362770356  0.00240992870669  0.00229644367449  0.00223290440599  0.00223205295468  0.00225214959697  0.00228166212692  0.00229030350182  0.00583690426451   0.0149161521855   0.0232322686542   0.0278937667681   0.0303994708444   0.0319035791515
2.89570963855e-05 0.000180086155181 0.000580323523339 0.000901569411065  0.00236130655853  0.00396859985439  0.00529889925863   0.0064705317084   0.0073081959373  0.00782736751759  0.00795823880661  0.00775924909609  0.00725283481106  0.00646724553373  0.00555829384785  0.00474114455059  0.00428662950097  0.00412634364334  0.00405134133471  0.00402951616527  0.00402088589529  0.00402963923494  0.00400358107262  0.00407370782893  0.00481226663933   0.0103836912158   0.0175043077987   0.0222421757117   0.0245939041142
1.56875933523e-05 0.000136080099322 0.000577156570994  0.00113603587458  0.00250924512931  0.00391309006485  0.00502053238885  0.00598333925719  0.00666031816006  0.00708406045208  0.00720556275281   0.0070675602921  0.00667064867714  0.00602903748027  0.00523322627696  0.00439393704751  0.00366977713208  0.00328132361097  0.00317189457049  0.00311164833492  0.00306902726185  0.00304302818513  0.00300794017885  0.00302786186972  0.00301123186653  0.00404636137599  0.00902185150506   0.0140255889396   0.0166625681433
2.31344358217e-05 6.27046256562e-05 0.000550043963216 0.000749153266538  0.00133824944228  0.00212105187243  0.00277493927605  0.00341004045479  0.00389816851633  0.00426057485185  0.00444759523555  0.00447443154441  0.00431920830355  0.00396776738564  0.00345950803865  0.00283628187039  0.00216458250819   0.0016785409919  0.00151728498209  0.00141376339773  0.00133133659076  0.00126494793815  0.00122475694673   0.0011739406222  0.00115109000719  0.00113603947282  0.00286673247448  0.00714882478507  0.00967572432384
1.31105524258e-05 5.18293763308e-05 0.000640501348473 0.000739437700474 0.000515372771108 0.000342472462358 0.000390341443826 0.000525487284799   0.0006745295464 0.000817126452026 0.000910412405103  0.00097490488579 0.000988850016968 0.000918493640336 0.000788601648285 0.000603966734677 0.000376236651912 0.000134783438073 6.17024708038e-05 0.000110350590689  0.00015904207897 0.000197017755716 0.000240930832747 0.000248166000816 0.000277133797315 0.000292367347695 0.000906003729163  0.00342096301158  0.00585319129668
1.89269318153e-05 3.56191060189e-05 0.000752373538847  0.00111639580681  0.00117434046551  0.00120852779409  0.00135711408926   0.0014311788819  0.00150940607048  0.00153728000947  0.00153963235038  0.00148513460077  0.00138581730467  0.00129717935402  0.00119799423671   0.0011092167373  0.00105146092061  0.00105183300927  0.00113077735694  0.00122190480565  0.00129957535462  0.00136301329534  0.00140844330566   0.0014510267516  0.00147698854091  0.00150321816672  0.00151187918949  0.00191270628348  0.00335342302318
1.49029011288e-05 4.85649189964e-05 0.000853584524645  0.00135893334987  0.00156465424831   0.0017494856745  0.00203493857344   0.0022439650822  0.00244378415828  0.00257779948983  0.00266652446459  0.00266026720199  0.00256420659946  0.00243186445632  0.00223802428649  0.00201278900575  0.00179738617815  0.00167986204851  0.00173975295278  0.00181954713689   0.0018851718408  0.00193367356069   0.0019773572244  0.00200377434402  0.00202823075313  0.00205235711741  0.00206622568651   0.0020838537224  0.00217307534683
1.22243358341e-05 5.79179653415e-05 0.000870119909603    0.001346564454  0.00155827110163  0.00172979797755  0.00200767585521  0.00222237841512  0.00243704640927  0.00259456667141  0.00270893627207  0.00273517558483  0.00267260359365  0.00256715335789  0.00239353015239  0.00217986592282  0.00196820113762  0.00185907536488  0.00193089426645  0.00201016771739  0.00207417432993  0.00212666510004  0.00216694939409  0.00219789553213  0.00222166793776  0.00223608566861  0.00224812562078   0.0022534632558  0.00225648682545
2.90042096032e-05 7.23485743161e-05 0.000825781790744  0.00118289213194  0.00129745220286  0.00138831127336  0.00159276235952  0.00174186623747  0.00190656835469  0.00202771624815  0.00211834912511  0.00213057067243   0.0020632649929  0.00196100040301  0.00180430644236  0.00163017161574  0.00146263194247  0.00149099135967  0.00159774668992  0.00166623522146  0.00172753975371   0.0017700085638  0.00180909471041  0.00182910998455  0.00185490675781  0.00186703372077  0.00187678317721   0.0018848081149  0.00188492274772
1.69187428776e-05   0.0001460420817 0.000832873884784  0.00108698032653  0.00103039605266 0.000938388752982 0.000997772856652  0.00101504257668   0.0010739780446  0.00111177101958   0.0011493188083  0.00113929551127  0.00108676061424  0.00104598710976  0.00099065818502 0.000946205625017 0.000933925514222  0.00102355120573  0.00112534254525  0.00119548350182  0.00125096061458  0.00129602877128   0.0013349842448  0.00135211533916  0.00137300995015  0.00138997730019  0.00138926905874  0.00139299355693   0.0013917479965
3.76715760018e-05 0.000125714684472  0.00077975027443  0.00095469689587 0.000777662627135  0.00055645297759  0.00049172044081 0.000383241509141 0.000342965171414 0.000307917551842 0.000314406752302 0.000306482214123 0.000291347241641 0.000327560426062 0.000366828514821 0.000415821811218 0.000476111694069 0.000589356413232 0.000687107095833 0.000751758966478 0.000808368483939 0.000855712845287 0.000890016862211 0.000918574742597 0.000938359886488 0.000953298376431 0.000969000698743 0.000978539797223 0.000979077883506
1.17446351621e-05 6.47681473582e-05 0.000738606914542 0.000878330672971 0.000634847021377 0.000379468442415 0.000308121779623 0.000257581521079  0.00027420467982 0.000296573802204 0.000301222228885 0.000292256284621 0.000268615960016 0.000217048548644 0.000169702937835 0.000154812494097 0.000192372362697 0.000304356846058 0.000402808361697 0.000465242351434 0.000518484431991 0.000554565010613 0.000590946341382 0.000601092585404 0.000621405123361  0.00063416564603 0.000635157074447 0.000639155947791 0.000639205575341
8.57032478877e-06 7.46204856026e-05  0.00074621074382 0.000865353214392 0.000602472918665 0.000355638219562 0.000331576802579 0.000366141734387 0.000433604543967 0.000491379675779 0.000510071228108 0.000512812801155 0.000494464803976 0.000424444775336 0.000331507814732  0.00021593365607 8.55790371528e-05 0.000157969986591 0.000256901223287 0.000323122701376 0.000378062007861 0.000419396537987 0.000457099198442 0.000472935625868 0.000494846979921  0.00050283818569  0.00050933530705  0.00051080819584  0.00051244207838
1.38328627865e-05 8.66573481362e-05 0.000734248446684  0.00083626043742 0.000598482044167 0.000362169346184 0.000330518020068 0.000356029122213 0.000418275170252 0.000474954180069 0.000499596040452 0.000504606943149 0.000487124078797 0.000423352867023 0.000342345416614 0.000246170025852 0.000113985135792  0.00018588349682 0.000285130682148 0.000349831206318  0.00040282776925 0.000442999792802  0.00048138201516 0.000498088608613 0.000519229347421 0.000536561259831 0.000547288792446 0.000557476981231 0.000558018642769
5.45580559084e-06 7.85919792523e-05 0.000739893624317 0.000875661259778 0.000623019761232 0.000365046620483 0.000296408535656  0.00024438110679 0.000268213402544 0.000302466856388 0.000317296590401 0.000322230578373 0.000311818888354  0.00026563855206  0.00021036508118 0.000164213477655 0.000153608530399 0.000259384666886 0.000360205914198 0.000426876417222  0.00048277672894 0.000525273385539 0.000563830481054 0.000577337896408 0.000600463305301 0.000610253146848 0.000611238091366 0.000619682396806 0.000620919803598
7.68258518589e-06 7.95471906847e-05 0.000735259840253 0.000876675909063  0.00068622352837 0.000438466679811 0.000348273724845 0.000225258635147 0.000182681470066 0.000161746075581 0.000166570289948 0.000165318991055 0.000156490332925 0.000158175979608 0.000172808724633 0.000208644851819 0.000260664121686 0.000373300533737 0.000474324193068 0.000541247080445 0.000594473824388 0.000636391202326 0.000674485955216  0.00069601364536 0.000718821408315 0.000734179025015 0.000744393777113 0.000751607263095 0.000755188447388
9.76018521593e-07 7.78395751917e-05 0.000735565570146 0.000889747753971 0.000697461741713 0.000467063306301 0.000397830599654 0.000280598051652 0.000231480647685 0.000185376648724 0.000188557630891 0.000172751590185 0.000152671631877 0.000193708192196 0.000239844895692 0.000295110571489 0.000355085630907 0.000464390086396 0.000567155409681 0.000636696552551 0.000694453929707 0.000739527965617 0.000776411855207  0.00079540141035 0.000816225327862  0.00083030744129 0.000835479910389 0.000840350383265 0.000840950096609
1.20276499653e-06 7.78247718224e-05 0.000744904717068 0.000916687339805 0.000734144199875 0.000508545666209    0.000442807178  0.00032906109964 0.000283792621309 0.000241627492588 0.000241473610515 0.000225307649032  0.00020207395676 0.000235187713872 0.000273481419405 0.000322270475809 0.000380968982071 0.000492125478153 0.000594245121557 0.000661931035671  0.00072030152714 0.000763523780352 0.000802161642738 0.000822034394619 0.000842761151069 0.000857024052245 0.000866247872731 0.000872395661907 0.000875000556145
3.18590505399e-06 8.49158708615e-05 0.000756566699516 0.000936959049323 0.000762903824492 0.000545364244751 0.000482798386521 0.000374036499444 0.000331018388407 0.000291441204892 0.000293284541918 0.000281190126277 0.000263950790494 0.000300855887065 0.000341556605383 0.000390963402388 0.000445355155408 0.000553790291969 0.000656336043245 0.000725578520504 0.000782451291012 0.000827854390826 0.000864375153615 0.000886516899086 0.000909397424778  0.00092634602137 0.000934219818993 0.000941873135418 0.000943070769373
1.45955397442e-05 7.11112853562e-05 0.000749037165969 0.000938677260687 0.000760349130303  0.00054609559599 0.000488990757529 0.000382754024063 0.000342710447838 0.000304812470009 0.000306512830956 0.000292228756604 0.000270768232197 0.000301927658798 0.000337903249523  0.00038423267866 0.000439187027612 0.000544471109988 0.000646462364841 0.000713911821492 0.000769858763246 0.000810750839896 0.000853119706487 0.000867590516817 0.000888907059667 0.000902991404168 0.000909386277436 0.000916110857101   0.0009189887493
4.59592467551e-05 8.17164139172e-05 0.000764675005555 0.000942624026427 0.000765106830427 0.000539934685097 0.000473506910135 0.000361663234309  0.00031715036169 0.000275994243658 0.000274967341161 0.000259708781433 0.000238260331446 0.000271385044408 0.000309130493402 0.000357041232512 0.000414474467704 0.000528323544828 0.000630456650794 0.000697822932827 0.000756426715818  0.00080119133371  0.00083829582297 0.000859772472876 0.000880034650923 0.000896140030277  0.00090460844926 0.000911476667952  0.00091231102765
 7.5836688938e-07 9.73236283562e-05 0.000765209690429 0.000932763664159 0.000743797908726 0.000512835124581 0.000441328853773 0.000321601150079 0.000270430493011 0.000222694778095 0.000220904233018 0.000204294577729 0.000182814748031 0.000222878188475 0.000268290396556 0.000322769059161 0.000381999725157 0.000489292177099 0.000589793408018 0.000653920991626 0.000709013388375  0.00075140590931 0.000786683778247 0.000804979754998 0.000825881464424 0.000839978217155 0.000845161626799 0.000851946557537 0.000855737102197
9.42025877064e-07 9.50058956634e-05 0.000760805907448 0.000921143869934 0.000723669664968 0.000485477890866  0.00040724685211 0.000283594410509 0.000229856824932 0.000181937830399 0.000180038717229 0.000166237292842 0.000150267717832 0.000193535578415 0.000242373627864 0.000300191948908 0.000367091472336  0.00047859291935 0.000581420226805 0.000654457656198 0.000714337106985 0.000760301745896 0.000799323861655 0.000822128615894 0.000843962554546    0.000857036675  0.00086642772607 0.000872272677138 0.000874554529881
1.57976821581e-06 9.81188731576e-05 0.000762838365158 0.000922581418824 0.000725459607044 0.000487291340007 0.000408847318626 0.000285317717509 0.000231552661254 0.000183737978036 0.000181653521648 0.000168148266924 0.000151403669678 0.000194178232563 0.000241201932489 0.000296426863488 0.000358377862342 0.000470539870455 0.000571615484368 0.000635809256279 0.000693785595234 0.000737476530481 0.000775305654526 0.000793864058851 0.000816670171409  0.00083254039698 0.000840052247935 0.000845622566844 0.000846795406452
8.51199371952e-07 9.79470110988e-05 0.000763119362634 0.000924691062374 0.000729633467613 0.000493323918864 0.000415949435822 0.000292929338437 0.000239381306353 0.000191248592093 0.000181546548103 0.000167076134761 0.000149854740921 0.000191258792489  0.00023747672298 0.000292367041733 0.000354317646194  0.00046991351428 0.000571365953024 0.000640481805416 0.000694456634041 0.000740546471948 0.000771703134604 0.000793786678115 0.000816688244461 0.000830458579422   0.0008379984655  0.00084503777245 0.000849600630115
1.78714961636e-06 9.56642922683e-05 0.000760397386061  0.00092334869161 0.000728783535957 0.000491453278471 0.000414947655487 0.000289365417222 0.000233610705357 0.000182061444301 0.000184494117388 0.000166793620477 0.000144790115205 0.000186561259579 0.000233523652672 0.000289627445338 0.000349978309143 0.000457522562308 0.000558102988522 0.000622003668417 0.000676248573865 0.000711056769674 0.000756113916695 0.000765024849286 0.000784589339242 0.000799418951728 0.000803161111449 0.000810327520477 0.000812542015216
5.90236432711e-07 9.50850135109e-05 0.000758012312095 0.000915692320825  0.00071724358279 0.000478364019327 0.000399295232937  0.00027558640315  0.00022160532178 0.000173986852165 0.000163081410906 0.000149293321945 0.000133921757883 0.000175856470844  0.00022409350192 0.000282057757823 0.000348245071509 0.000460062118883 0.000561973306003 0.000631622280081 0.000689097691965 0.000735443914086 0.000772193077885 0.000794420958909  0.00081793638884 0.000830967365489 0.000836849894804 0.000843121221641 0.000845672334917
2.07383908279e-06 9.94846152872e-05 0.000763312079764 0.000924216415986 0.000728650441335 0.000492039099008 0.000414380411811 0.000291293713203  0.00023756727124 0.000189482832218 0.000195442868514 0.000181778394998 0.000164995017159 0.000207861278089  0.00025535783885 0.000310750758785 0.000372461299509 0.000484123787502 0.000585267201626 0.000651219559845 0.000705966452676 0.000748006625479 0.000786252796279 0.000802568275167 0.000824456598306 0.000836949104497  0.00084545277092 0.000850579057645 0.000855791352603
2.80750688688e-06 9.27254316709e-05 0.000757750318546  0.00092075374291 0.000728085114394 0.000493060800488 0.000417403518306 0.000294938204847  0.00024138271279 0.000193432953467 0.000178992499062  0.00016359990435 0.000144721813397 0.000185555280167 0.000231673410172 0.000287137219168 0.000350580107383 0.000462222804332 0.000564107618009 0.000633144807037 0.000691519079717 0.000736063742189 0.000773864466113  0.00079489754464 0.000815984112594 0.000832617414483 0.000840828526148 0.000847875344095  0.00084990492632
5.83376891301e-07 9.71525940213e-05 0.000760162281615 0.000922325302176 0.000728392762481 0.000491680273395 0.000415978124479 0.000291289502812 0.000236783113486 0.000185517190213 0.000192411633304 0.000174737128049 0.000152482654457 0.000194124460799 0.000239761186112 0.000293260467942 0.000351512998931 0.000462931759507 0.000563345971923 0.000627604882012  0.00068189888682 0.000721037063122 0.000759875086756 0.000773751539593 0.000795768110944 0.000808012203826 0.000811004677594 0.000817938073778  0.00082041285183
4.40502053191e-07 9.58087270809e-05  0.00075916872471 0.000920312577166  0.00072586085846 0.000489938551412 0.000413010001613 0.000290679413803 0.000237748359416 0.000189997996552 0.000179248290235 0.000164961541868 0.000147470782514 0.000188682119004 0.000234679280843 0.000289245046866 0.000350316759847 0.000465562285006 0.000566933744695 0.000633545251684 0.000691258584218 0.000736516347853 0.000777925859969 0.000797271987924 0.000819460250535 0.000836023715732 0.000846666149352   0.0008547866749 0.000858435644597
1.52398857058e-05 8.91408811504e-05 0.000756681062646 0.000926592055876 0.000726778484299  0.00049274828112 0.000417822784398 0.000295070460653 0.000241113804313 0.000192929196147 0.000198706130836 0.000185033668828 0.000170423130605 0.000215121259814 0.000266003779073 0.000326042777303 0.000391624042073 0.000498004856356 0.000600969849761  0.00067097666266 0.000729528654817 0.000774982504779 0.000809481400769 0.000833607947467 0.000853601831067 0.000869965537629 0.000875464912591 0.000881716413591 0.000885463830398
1.45619360955e-05 9.93265685731e-05 0.000771008942432 0.000934592642251 0.000749959275041 0.000515826555287 0.000439734199905 0.000318889732251  0.00026729990231 0.000220834139821 0.000219620331087 0.000205515562429 0.000187049596736 0.000227092057001 0.000271621706422 0.000325036001484 0.000385907127934  0.00049701055117 0.000598881541938 0.000667993295098 0.000725202863884  0.00077046683102 0.000807864370088 0.000830523939219 0.000853803466015 0.000867051376963 0.000877180595468 0.000882449632308 0.000886393484017
2.52594469429e-06 9.97936145871e-05 0.000766578731042 0.000936059166648 0.000749252753513 0.000521545165414 0.000452474402247 0.000336318470815 0.000287759578104 0.000242337932074 0.000236150722838 0.000220040906953 0.000198874830891 0.000236323301434 0.000278426612484 0.000330108298697 0.000389868382574 0.000501891021143 0.000602259499421 0.000666953138031 0.000720389615942 0.000760111757581 0.000796326276381 0.000806957193743 0.000827644709436 0.000840983957961 0.000844615735865  0.00084989325608 0.000854936724764
2.07814009552e-06 9.58507809227e-05 0.000762161514154 0.000929116865315 0.000739283067641 0.000506104552946 0.000432865844265 0.000311304410346 0.000258954540533 0.000210891328099 0.000212401279137 0.000196491253852 0.000176652352922 0.000217286377801 0.000262968748673 0.000317022583332 0.000378331838352  0.00048836314093 0.000590834388927 0.000660215798345 0.000720266749241 0.000765559080223 0.000805911706551 0.000830051864049 0.000853512215142 0.000868352555525 0.000878546041118 0.000887713147711 0.000888726464741
1.47213327974e-05 8.99191421664e-05 0.000760212597177 0.000931619440058 0.000733310961514 0.000501567469262 0.000428084846543 0.000307936237155  0.00025630791108 0.000209906661003 0.000208529351292 0.000195053177407 0.000179062205784 0.000221139334713 0.000268314830673 0.000324700847339  0.00038919131618 0.000501183432889 0.000602347701061 0.000669676863763  0.00072339925786 0.000765911405463 0.000803045759673 0.000817564023717 0.000837985853939 0.000849312023679 0.000853577244182 0.000859356305152 0.000862710889636
 1.4149667693e-05 9.84614980001e-05 0.000767933372095 0.000926608020228 0.000738350379651 0.000499443066453 0.000419674291462 0.000294123603982 0.000238585862149 0.000188303378208 0.000184803407125  0.00016851351669 0.000148423172216 0.000189827934447 0.000235968434824 0.000290511913645 0.000352127331145 0.000464405351044  0.00056527916984 0.000631460457261 0.000688952804445 0.000730587121483 0.000768458214947 0.000789468400373 0.000811439899487 0.000827598967929 0.000836748346168 0.000842837457501 0.000846937020484
7.51273891387e-07 9.63931120942e-05 0.000757788537048 0.000915457539433 0.000716234277498 0.000476973516066  0.00039981701591 0.000274705628046 0.000219847178124  0.00016961182329 0.000166270008713 0.000149987739217 0.000130249289556 0.000171978206035 0.000218856534368 0.000274351458755 0.000336868906908 0.000448828719549 0.000550171054657 0.000618053218493 0.000677078095246 0.000724405847919 0.000762306530005 0.000789258918443 0.000810872483471 0.000827212094456 0.000839584865095 0.000846916712044 0.000849139770666
2.87819991221e-06 0.000100352313142 0.000764242388788 0.000924888779422 0.000728847340926 0.000491795734308  0.00041278621041 0.000290112226644 0.000236616413775 0.000189188638013  0.00018681469638 0.000173419781534 0.000156186024888 0.000198386606824 0.000244918798323 0.000299758880831 0.000360036405538 0.000472782669493 0.000572800848757 0.000636045302757 0.000686746110143 0.000723457434557 0.000761510862313 0.000768238614069 0.000789806601031 0.000800815256795 0.000800825721704 0.000806368636871 0.000810762269905
2.42849247564e-06 9.48258455595e-05 0.000756409459518 0.000915113551874  0.00071734543922 0.000476833398564 0.000398036370582 0.000270667256159  0.00021403761238 0.000162484189861 0.000158717473014 0.000141476467814 0.000121287513036 0.000162505205296 0.000208927585994 0.000264463714844 0.000326039469715  0.00044068345894  0.00054273663934 0.000612464846584 0.000670042788174 0.000714631009393  0.00075136431648 0.000771917466904 0.000793330182017  0.00080648438079  0.00081145590942 0.000817378728314  0.00082084682585
5.81554684343e-07 9.62236048889e-05 0.000755712641765 0.000911983150723 0.000711955232006 0.000470586658525 0.000390853781238 0.000264660485392 0.000209292548841 0.000159890367848 0.000150817022706 0.000135925516939 0.000118385839997 0.000159580771959 0.000207321269989 0.000265142117995 0.000332173494655 0.000440611447734 0.000543209332971 0.000613211120274 0.000674243020955 0.000720927429268 0.000759567000272 0.000785354601568  0.00080698774828  0.00082323669469 0.000834773122074 0.000841021717266 0.000846178924089
1.03647744431e-06 9.77613350295e-05 0.000757543462302 0.000914823167174 0.000716545286805 0.000477834380284 0.000398296780869 0.000274826227363 0.000221100005917  0.00017404550567 0.000177450858907  0.00016428376868 0.000148160627024 0.000189966879225 0.000236822809419 0.000292197552641 0.000353510525056  0.00046599420759 0.000565942757104 0.000628797226154 0.000678488060591 0.000715579281448 0.000752837542046 0.000760218310449 0.000780665195042 0.000793998449561 0.000797812776314 0.000806217064754 0.000806953906158
1.51483490287e-05 8.59709042846e-05 0.000750323239621 0.000918047848108 0.000716854769006 0.000480426822716  0.00040510514249 0.000280021131833 0.000225091973305 0.000175086068949 0.000161664313778 0.000145172533887 0.000124564745626 0.000165423866819 0.000210744147549 0.000264232685324 0.000325059522729 0.000440255614417 0.000542684330875 0.000612991290768 0.000673988554512 0.000720736954355 0.000760296570817 0.000784694305445 0.000808648951149 0.000822883902284 0.000827013417533  0.00083620120396 0.000842322784444
4.75020576977e-05 0.000114205626888 0.000789745254693 0.000965560814667  0.00074982095784 0.000504016597854 0.000423827206782 0.000298248644411 0.000243146550416 0.000193692370784 0.000199998558536 0.000184916801415 0.000167636961564 0.000209769607676 0.000257169663302 0.000313246703126 0.000375540927442 0.000487649705953 0.000589124925932 0.000656971639361 0.000712967068209 0.000755364181452 0.000794032845324 0.000812788703389 0.000833603325206 0.000849157711838 0.000857520142915 0.000860795698507  0.00086400583868
 4.6240435379e-05 8.91876986766e-05 0.000752938964708 0.000925515890836   0.0007579761682 0.000534531667042 0.000461176724564 0.000337686306483 0.000281479987042 0.000229955585415 0.000224722572799 0.000207925886171 0.000188088157219 0.000229466952555 0.000276069423693 0.000331596023482 0.000390989070317 0.000497338008528 0.000598527339941 0.000663336759495 0.000716694373435 0.000755455797692 0.000794120075965  0.00080808570128 0.000830102474961 0.000841375646491 0.000848588766134 0.000853722110778 0.000858453864087
 9.9400685298e-06 0.000101200408625 0.000777524104422 0.000942990858006 0.000733621589096 0.000497508609898 0.000428675519581 0.000314944524587 0.000271009736083  0.00023087188319   0.0002246104739 0.000212007627462 0.000195004736057  0.00023308639408 0.000276471603442 0.000329835814686 0.000394659722954 0.000505030183536 0.000608377756332 0.000681514209443 0.000744926438649 0.000796795943963 0.000832941359526 0.000863284658878 0.000885509310364 0.000903697554559  0.00091670806737 0.000926902872046 0.000930871944014
1.01737576481e-05 8.66860551444e-05 0.000755993365555  0.00092802576935 0.000758759138542 0.000535134250526 0.000463706958565  0.00034347382161 0.000290942408991 0.000243464270312  0.00024938481935 0.000234598320098 0.000215482180021 0.000255186917366 0.000299345562169 0.000351449221688 0.000408687919774 0.000515659555049  0.00061699708561 0.000683006693661 0.000739889645095 0.000783102180008 0.000821628491973 0.000840499706273 0.000860041684348 0.000874245419011 0.000879225439835 0.000886133428206 0.000890140218604
1.30950409553e-05 9.84727210856e-05 0.000762017295723  0.00091388365537 0.000725160496544 0.000492616719263 0.000422181997344  0.00030673496906  0.00026024168794 0.000216556130036 0.000209797157662 0.000193921334475 0.000171497949561 0.000208241111718 0.000249545317926 0.000300642856697 0.000358754363635 0.000473514560888 0.000573652408018 0.000637555415285 0.000689495937406 0.000727808051534  0.00076671310404 0.000779260465523 0.000793555256822 0.000812599019277 0.000817014193588 0.000823587143521 0.000826328609306
1.18097242028e-06 9.66148619266e-05 0.000758253411757 0.000916575286754 0.000717402598916  0.00047801129644 0.000399578461067 0.000274912988227 0.000220426086777 0.000171687676836 0.000174785571007 0.000160032858641 0.000142382672289 0.000184977867349 0.000233036215394 0.000289787978426  0.00035287606679 0.000464541127979 0.000565875697677 0.000632917460279 0.000689841711468 0.000735043045724 0.000771218628746 0.000789865409269 0.000820186577342 0.000828076124521 0.000835451537166 0.000840798328292 0.000845527978313
1.15486976985e-06 9.75064478625e-05 0.000759134736713 0.000915513179828 0.000715805567175  0.00047486618189 0.000393765198319 0.000268892238086 0.000214442155557 0.000167180873547 0.000164677889144 0.000151290072743 0.000135270586756 0.000175548310861 0.000221922278009 0.000277612753192 0.000341332220665 0.000454364582422 0.000555819504161 0.000623950681627 0.000679814686697 0.000721190287884 0.000760316790084 0.000778390039081 0.000798839756076 0.000814706154762 0.000824129974722 0.000830812390661 0.000834684378181
 1.8894281293e-07 9.69796745508e-05 0.000757870436443 0.000916255990132 0.000718869526931 0.000479654088576 0.000400375096016 0.000274986460818 0.000219708334585 0.000170481296328 0.000167431583178  0.00015262041314 0.000134683452325  0.00017623000418 0.000222785159543 0.000277397602935 0.000338465340859 0.000453512777414 0.000555436262229 0.000622908741025 0.000681054498232 0.000728281339429  0.00076599945235  0.00078972330819 0.000812761999368 0.000825896166426 0.000834157155062  0.00084000878028 0.000843742369732
1.48364062551e-05  8.9231206869e-05 0.000756906068957 0.000928141059935 0.000730413205843 0.000498036981929 0.000424362298756 0.000302681199964 0.000249995830823 0.000202193752028 0.000198327555635 0.000184738878573 0.000169261606635  0.00021349474348 0.000263160978201 0.000321644679967 0.000383826139085 0.000490041980842 0.000591915907246 0.000659529068078 0.000716168605321 0.000757772147167 0.000796916796711 0.000818396276855  0.00084011789141 0.000855893997697 0.000866528124185 0.000875876717995 0.000880038071463
1.06471611932e-05 0.000101833113363 0.000787204927375 0.000966633570564 0.000759530757689 0.000519826376012 0.000444495671252 0.000322524031123 0.000271000836153 0.000224484726271 0.000225239330346 0.000209725106828 0.000189446061725 0.000227937454244 0.000271186474508 0.000324327828772 0.000387610820547 0.000499219004426 0.000601254923386 0.000672189029426 0.000731090333759 0.000776917357464 0.000813727911973 0.000835030424808 0.000858339601358 0.000871503672275 0.000879490355986  0.00088607990927 0.000890504459649
1.10106623078e-05 8.57214491875e-05 0.000755500837004 0.000928200540666 0.000760297936477 0.000537664145475 0.000466649650764 0.000344872764398 0.000289772221858 0.000238033011566 0.000231517956108 0.000212029858079 0.000188959727887 0.000227548173036 0.000272188595854 0.000326061802151  0.00038511920983 0.000495689301076 0.000597057083784 0.000663039689645 0.000718083987678 0.000759040509995 0.000797305031444 0.000811246501122 0.000832171596484  0.00084303935669 0.000848748613656 0.000853755281714  0.00085680723177
1.33167795073e-05 0.000100359496421 0.000764311041791 0.000915853315113 0.000726516407841  0.00049446736941 0.000423144738609 0.000308775109038 0.000262128722751 0.000219344444652 0.000217924544428 0.000204691478648 0.000187145865774 0.000227299196888 0.000272111434747  0.00032553674585 0.000386800152422 0.000498555883404 0.000599336250102 0.000665194342878 0.000719935932384 0.000762084557138 0.000798728310407 0.000818064802407 0.000839562124928 0.000858859023875 0.000864172788866 0.000872988066868  0.00087699867153
8.22893842341e-07 9.74614993733e-05 0.000760439429022 0.000921550674272 0.000725618610734 0.000488898961463 0.000413301992808 0.000290823322303 0.000238773162371 0.000192019193247 0.000192903435947 0.000179121473998 0.000161852897832 0.000203875993728 0.000250942405206 0.000307187175295 0.000372833956975 0.000481895712868 0.000584003624835 0.000653149207363 0.000712003070876 0.000755058276517 0.000795090714661 0.000817021305448 0.000837805169134 0.000852105732038 0.000861960882385 0.000867265218583 0.000871770052594
8.58386353946e-08 9.78195675218e-05 0.000761144545748 0.000922390115822  0.00072679324485 0.000488415471232 0.000410474557462 0.000285449098602 0.000230714909357 0.000180937615761 0.000178125430138 0.000162337995897 0.000141887338666 0.000183416155206 0.000228713941858 0.000281777111623 0.000340213765924  0.00045491122115 0.000555098347415 0.000620029344181 0.000674160458573 0.000717284267865 0.000754349245386 0.000769038883017 0.000791181278588 0.000803580144681 0.000808450703025 0.000814696104357  0.00082065099158
1.46631828568e-05 8.92562231508e-05 0.000756035399553 0.000922951992992 0.000719794619012 0.000483371500343 0.000405503597939 0.000281492424936 0.000226964855142 0.000178697321365 0.000168658784935 0.000154714932801 0.000138628320564 0.000180016077044 0.000227350875881 0.000283917669569 0.000348987310652 0.000461510600054  0.00056334485557 0.000631086874727 0.000687563855286 0.000729906833666 0.000767884567622 0.000785521322484 0.000806392061716 0.000819172142505 0.000824844587701 0.000830848063482 0.000833232499849
1.43114299524e-05 9.89076177225e-05 0.000767975162733 0.000925644864523  0.00073497761144 0.000494227112361 0.000412843646602 0.000286357569208 0.000230145071256 0.000179995670345 0.000183670194908 0.000168806231435 0.000151184462699 0.000194900213597 0.000244088129287 0.000301709544395 0.000362339822745 0.000472506717265 0.000573867721004  0.00064125969613 0.000699905938022 0.000745922395892 0.000783651452915 0.000807839481807 0.000829871393061 0.000846812005712 0.000854749339912 0.000862611952841 0.000866114993903
4.93649122525e-07 9.61147861221e-05  0.00075799671362 0.000917502263333 0.000720867249711 0.000484264093431 0.000409212252084 0.000286224550007 0.000232981256009 0.000183755373532 0.000177069893606 0.000160617852415 0.000140301082088 0.000181124655927 0.000226554513076 0.000280787131065 0.000343728239282 0.000456454205369 0.000557847630578 0.000625298143516 0.000679882719948 0.000720377309264 0.000758253974611 0.000772711664663 0.000792320028205 0.000809787509158 0.000812807083601 0.000819922513449 0.000824484697181
 1.1557346524e-06 9.84241975791e-05 0.000761638572975 0.000922890632723 0.000728309063071 0.000491843740785  0.00041404535932  0.00029128531719 0.000237523884155  0.00018965324397 0.000190444841646 0.000176260377933  0.00015914245175 0.000200981230781 0.000247865874644 0.000303646210272 0.000367523080227  0.00047978447335 0.000581502518058 0.000649535181827 0.000707007393935   0.0007507396875  0.00078964733562 0.000809403951321 0.000830369491226 0.000842419489035 0.000852505802155 0.000856965552556 0.000861936633774
3.73928227146e-07 9.84498200681e-05  0.00076102710033  0.00092402580891 0.000731669002848 0.000496721764302 0.000421231966834 0.000298338545721 0.000244733113222 0.000195990350229 0.000188285044687 0.000173068727402 0.000154694152114 0.000197023012974 0.000243933712569 0.000299355000454 0.000361573693482 0.000472684988459 0.000574106471764 0.000641592715466 0.000697802943295 0.000740312764552 0.000778333907213 0.000799507611328 0.000823674542743 0.000837339032534 0.000848071475429 0.000856357909948 0.000859272985486
1.49958904542e-05 8.64524181813e-05 0.000753533448031 0.000923949141638 0.000725310724101 0.000491630873265 0.000418076532101 0.000295176895708 0.000241823460373 0.000192983161868 0.000195236565613 0.000179564335824 0.000160364163906 0.000202363119591 0.000249705327773 0.000305506276782  0.00036717965319 0.000475410840362 0.000576774169221 0.000643107360813 0.000700591574662 0.000745564563615  0.00078260036447  0.00080054193442 0.000820773625854 0.000834582846572 0.000836623976998 0.000842624791841 0.000846048591311
1.09575380951e-05  0.00010190186025 0.000785685822824 0.000961294260006 0.000749595460124 0.000505869342844 0.000427192571027 0.000302476462672 0.000248280948975 0.000199308911505 0.000194307003369 0.000178627645022 0.000159604668001 0.000200580698918 0.000246038452246 0.000300153458921 0.000361874111723 0.000477270936368 0.000578450287625 0.000646459738633 0.000700920059422 0.000742843347513  0.00078108587034 0.000798678947452 0.000822219720181 0.000835898358232 0.000844441948751 0.000850838427261 0.000856202717041
1.05856818761e-05 8.60414590948e-05 0.000752506257023 0.000918696091948 0.000743119086706  0.00051360652139 0.000436307921149 0.000309910375964 0.000251567091807 0.000198960606425 0.000195461270112 0.000178839650955 0.000160521864592  0.00020236170787 0.000250065401787 0.000307173415564 0.000372362779949 0.000483962266978 0.000586341247626  0.00065600252314 0.000715355632976 0.000760608467033 0.000798417305853  0.00082018397487 0.000841003815829 0.000855847225876  0.00086620975232 0.000870625520749 0.000875515733614
1.37451092655e-05 0.000101203589231 0.000765498987988 0.000917289229179 0.000728465309664  0.00049669785844 0.000424775851895  0.00030985852545 0.000263541613076 0.000221515245428 0.000223027821507    0.000211527833 0.000195649536459 0.000236695888089 0.000281446536385 0.000334181858788 0.000393365381949 0.000503985968233 0.000604869417348 0.000669290158675 0.000721344581714 0.000760157879766 0.000797852762814 0.000811848177828 0.000834805836082 0.000848186138756  0.00085182366222 0.000860566419803 0.000864237496624
7.32910510836e-07 9.58103163964e-05 0.000759162574937 0.000921548889059  0.00072733926513 0.000492049206022  0.00041876813091 0.000297598688757 0.000246599674136 0.000200228107095 0.000199877850296 0.000185340603962  0.00016628556858 0.000207201012263 0.000253031094392 0.000307423684261 0.000370077367772 0.000478090151537 0.000580307211932 0.000650420811109 0.000711715752742 0.000759935864351 0.000798044125988 0.000823277533792 0.000844278541725  0.00085912594834 0.000867147093943 0.000874910739905 0.000877726332444
 1.4649413705e-05  9.1406432383e-05 0.000762298486897 0.000936161803428 0.000740298557716 0.000510209879147 0.000436857187284 0.000317301362886 0.000266074056252 0.000220198244122 0.000219353014099 0.000206638678277 0.000190861023538  0.00023266556637 0.000278843658532  0.00033388712512 0.000395758443007 0.000510161173092 0.000611229572152 0.000678564414874 0.000731583837169 0.000770188748363 0.000807447559268 0.000817708968132 0.000839462528912 0.000852113899511 0.000851804635396 0.000856268883777 0.000861773857609
1.38557409015e-05 9.90531163989e-05 0.000769130307364 0.000931798258035 0.000747484071057 0.000511491792704 0.000435185765478 0.000311116339674 0.000256286420571 0.000205723540958 0.000200435723327  0.00018269303573 0.000161454611211 0.000201964709071 0.000247893697576  0.00030241149462 0.000362009825631 0.000470150434845 0.000570578031877 0.000633069801182 0.000686777736008 0.000726222258369 0.000765646729199 0.000781407230177 0.000803354083205 0.000817023527623 0.000824359370581 0.000832242161665 0.000835362082653
 1.4027247283e-06 9.70104594319e-05 0.000759304329485 0.000918310297046 0.000720791883265 0.000483910350365 0.000407512751367 0.000284939369283 0.000231814628945 0.000183321854551 0.000181126019457 0.000165635249801 0.000146705577481 0.000187597723914 0.000233437755486 0.000288336178321 0.000352089328464 0.000467638844361  0.00056947693019 0.000640414913246   0.0007008762991 0.000750616330287 0.000787366091726 0.000816522254895 0.000837393614361 0.000854428929928 0.000869392204398  0.00087619641737 0.000879096934203
2.28605064551e-06 0.000100684056123 0.000764484538466 0.000925726119013 0.000731134477368 0.000494636213532 0.000416253937189 0.000293416440172 0.000239746183901 0.000192121412598 0.000190244428533 0.000176842352228 0.000160895480203 0.000204025905109 0.000251861788763 0.000307881835405  0.00037076179362 0.000482980796162 0.000584279482901 0.000649460517764 0.000706568621456 0.000749250897446  0.00078729426166 0.000802026067752 0.000823345838551 0.000836609556764 0.000840692013221 0.000845858923199 0.000850471539397
1.54282486754e-05 8.53689154108e-05 0.000753201271381 0.000922987533166 0.000723049647332 0.000487822684814 0.000413568160042 0.000288756568506 0.000233911519098 0.000183387452416 0.000178843271051 0.000161761776829 0.000141213091356 0.000183020887728 0.000230139081542 0.000285995666395 0.000349498978342 0.000458093878784 0.000559497201386 0.000627543786975 0.000682362810823 0.000723913773019 0.000761397884986 0.000780681208444 0.000802291925446 0.000816421832525 0.000822979527384 0.000829060176527  0.00083491829885
1.42033676333e-05  0.00010338386846 0.000772061875023 0.000930383293705 0.000739599928184 0.000500447672769 0.000420240117731 0.000297052403647 0.000243439228324 0.000195504305782 0.000188992905358 0.000174846895138 0.000157162680928 0.000198802432637 0.000244740341181 0.000299355525479 0.000360363570367 0.000475492932891 0.000576176927822 0.000642576130305 0.000699332570491 0.000741915985691 0.000781005298914 0.000802437360058 0.000824569026509 0.000839556244572 0.000850158452249 0.000858851277769 0.000863123519116
1.69750897792e-06 9.50759902989e-05 0.000757342799365 0.000917963207871  0.00072139553084 0.000483711544693 0.000406985645206 0.000281675492278 0.000226024157032 0.000175210033831 0.000175929861427 0.000159069274144 0.000139390078192 0.000180926697151 0.000228234939086 0.000284415761786 0.000348179948771 0.000460138400801 0.000561928092144 0.000630202797843 0.000686947546439 0.000731552435601 0.000769019924537 0.000786623414222 0.000808216590703 0.000823001241155 0.000828244237813 0.000834284730636 0.000838937765294
3.97167731383e-07 9.75711554408e-05 0.000759881954216 0.000919641840427 0.000723881475448 0.000486455858438 0.000408762880104 0.000285201753145 0.000231139001797 0.000182633644297 0.000178656051164 0.000164242120122 0.000146782125864   0.0001888348415  0.00023539860592 0.000290677965057 0.000353487571667 0.000466067039741  0.00056731830904 0.000632995033654 0.000688437819848 0.000730625954789 0.000769099644748  0.00078743435388 0.000808961783302 0.000821314242354 0.000827363700445 0.000833135971322 0.000835235183834
1.49217306841e-05 8.85673381228e-05 0.000755719556786 0.000924336761564 0.000723584635266 0.000488060634729 0.000412550787847 0.000288717944774 0.000234905879396 0.000186087999533 0.000182017143924 0.000167291157612 0.000150405717211 0.000194034389792  0.00024366038196 0.000302117630266 0.000367801360538 0.000475696536612 0.000578214142826  0.00064956910587  0.00070802176248 0.000752227841029 0.000790027108076 0.000807542815281 0.000831342118976 0.000846869720658 0.000855222301374 0.000862536087975 0.000867664097398
1.40373251154e-05 0.000102181590516 0.000771321257369 0.000932091347106 0.000744428318498 0.000508205690475 0.000429960211814 0.000307789842152 0.000255024104422 0.000208075263073 0.000209512718645 0.000195798766315 0.000177806530762 0.000218893189692 0.000264057477094 0.000317819873452 0.000377214003069 0.000491391960129 0.000592479429764 0.000658756044568 0.000715238880335 0.000759006344453 0.000794309560188 0.000817442191543  0.00083773912273 0.000850254653633 0.000858538712687 0.000864440381825 0.000868688443507
1.06480071004e-06  9.6540176938e-05 0.000760998588796  0.00092609021179 0.000735892794356  0.00050426319994 0.000431944299421 0.000312141210647 0.000260634548752 0.000213806500276 0.000201474827607 0.000186433364606 0.000168252228338 0.000208953432369 0.000255246955468 0.000310671953499 0.000373391354762  0.00048456781149 0.000585767406082 0.000652014689941 0.000707864466367 0.000750837548931 0.000790534605709 0.000808218572388 0.000829381717498 0.000845384558895 0.000852501441062 0.000859232359343  0.00086450320634
1.51347639354e-05 8.70309583725e-05 0.000755966814036 0.000927475517481 0.000729379232759 0.000495753110648  0.00042265891824 0.000299868843814 0.000246457341362 0.000196559957016 0.000202373379816 0.000184974171517 0.000162668101551  0.00020279375742 0.000246838475668 0.000299412004056 0.000360985591376  0.00047388249148 0.000574857977106 0.000642358485579 0.000699247078737 0.000746039177648 0.000776721231798 0.000797721623082 0.000819183382604 0.000831624347374 0.000834472262189 0.000842685704499 0.000845639509155
1.43093723657e-05 9.98277593691e-05 0.000769141189045 0.000927594722599 0.000738075026232  0.00049930110423 0.000418967765692 0.000294491092091 0.000239764047092 0.000190905970409 0.000188124837664 0.000173904731339 0.000157930679052 0.000200998584359 0.000250223621831 0.000308634853428 0.000374319633677 0.000482961527256 0.000585074081574 0.000653590452915 0.000712527602501 0.000755232534609 0.000800060332521 0.000823215509612 0.000844889325727 0.000862317377325 0.000877611120238  0.00088526364537 0.000889041951036
3.14547918587e-06 0.000100645419085 0.000764571446309 0.000927889914518 0.000735564324492 0.000503136868244 0.000429573135778 0.000310054520552 0.000258971886128 0.000212523487687 0.000208361708618 0.000194745697929 0.000177615109494 0.000219266685566 0.000264890088791 0.000318751600239 0.000379356920059 0.000493158319891 0.000594581312853  0.00066195099605 0.000715130655793 0.000754276910028 0.000790829094916  0.00080442687018 0.000825720119756 0.000838440036889 0.000840348050995 0.000844733906309 0.000849133677692
1.50268835378e-05 8.67231389005e-05 0.000756647998099 0.000929272861565 0.000732617758305 0.000500632251329 0.000428068366731 0.000306511343507 0.000254139341539 0.000206362489414 0.000206954682993 0.000191098874852 0.000170838075226 0.000210529587648 0.000254951803426 0.000308859295151 0.000370984164632 0.000483426569089 0.000584270531307 0.000651070524028 0.000709154021895 0.000754867885523 0.000794077867841 0.000815257133955 0.000837306515443 0.000852425711673 0.000862691133334 0.000870715737031 0.000876822450839
1.40977331819e-05 9.89209704847e-05 0.000768643532099 0.000928380182773 0.000740313256123  0.00050208660938 0.000422931617572 0.000298181102337 0.000242997093776 0.000192659062467 0.000188928535582 0.000172471587419 0.000152742640618 0.000194917700781 0.000242580135907 0.000298644543741 0.000359236746956 0.000470013763351 0.000571173845005 0.000636860466704 0.000690466533221 0.000729521132524 0.000767612913796 0.000777633479952 0.000800013549192 0.000809951303882 0.000811478340441 0.000816269781278 0.000818003888079
2.94198798673e-06 9.98424184177e-05 0.000762065987794 0.000921259097814 0.000724541553414 0.000488298453704  0.00041200688184 0.000289731384136 0.000236808549214 0.000189177555566 0.000180916053729 0.000166807367826 0.000150208895375 0.000193003316871 0.000240880861887 0.000297815920017 0.000365086263607 0.000475058838869 0.000577019257416 0.000646649997271 0.000707008016269  0.00075462150815 0.000792568336646 0.000821190008697 0.000842006016682 0.000860381686106 0.000872988011149  0.00088065404325 0.000884082308339
1.47533469225e-05 8.92021027413e-05 0.000758803546155  0.00092981855923 0.000731032679605 0.000497589027043  0.00042231445701 0.000300012475359  0.00024664752486 0.000198705749311 0.000202508162964 0.000188067660507 0.000168965155352 0.000210071074562 0.000255239947783 0.000308669590097 0.000367027123104 0.000481944201343 0.000582035517879 0.000645820957792  0.00069818518088 0.000734653421327 0.000774396591847 0.000781941122419 0.000804388329277 0.000818154497569 0.000817454297731 0.000822417587336  0.00082995271926
1.44076154501e-05 9.64545389275e-05 0.000764473587488  0.00092135464027   0.0007301769579 0.000488775416587 0.000408219143287 0.000281100580291 0.000224471829461 0.000172703531053 0.000160923600213 0.000143628666641    0.000123760435 0.000164940356005 0.000211657576571 0.000267541232199 0.000332531043443 0.000444588544301 0.000546690132931 0.000615551142202 0.000676139693276 0.000723247529365 0.000760151944925 0.000786241089085 0.000807329389737 0.000821576522961 0.000834471355512 0.000841856968689 0.000845409642918
2.24580460837e-06 9.81138742185e-05 0.000759367790942 0.000916641167566 0.000718311316992 0.000480400121558 0.000402709511711 0.000278993262866 0.000224869262287 0.000176524137263 0.000180395756639 0.000166060583867 0.000149019555245  0.00019149608888 0.000239261805226 0.000295631545002 0.000358988899712  0.00047108126176 0.000572697128315 0.000640481973708 0.000694491136175 0.000736451266855 0.000775125985122  0.00079459118976 0.000815939826111 0.000829488448947 0.000835536103664  0.00084231020447 0.000846578956826
1.33318947451e-06 9.88460222256e-05 0.000762254087441 0.000923739528218 0.000729988185509 0.000494216316119 0.000416940328037 0.000294460554679 0.000241721091815 0.000194539651423 0.000184931721343 0.000172085258641  0.00015708050564 0.000201004896309 0.000250507629276 0.000308438670871 0.000373495826988 0.000481458032427 0.000583571851075 0.000653319176999 0.000711629069341 0.000756724859332 0.000793394059382 0.000810315834722 0.000831237204439 0.000845377772301 0.000846640937472 0.000856766350838 0.000858906281905
