0.000222294768888 0.000169324564071  0.00135073603348  0.00444197101878  0.00700443303429   0.0087348736731  0.00934875531427  0.00896255462758  0.00752987067721  0.00609004774096  0.00536959532712  0.00511424797065  0.00497067121452  0.00468436859529  0.00447142592401  0.00432720676966  0.00425318003263  0.00408911708861  0.00397194762397  0.00393490560106  0.00386456747019  0.00381544704823  0.00375493465218  0.00374908883789  0.00370948020528  0.00368957724913  0.00367177812773  0.00366120845983  0.00364509633788
0.000225316938001  0.00057511759151  0.00258464572273  0.00541234391905  0.00746269209058   0.0087621046238  0.00919783825364  0.00897554108078  0.00801747542181  0.00656856758195  0.00518810250285  0.00454948318649  0.00438424744671  0.00409915428418   0.0038776387778  0.00372574231226   0.0037120404187  0.00353911710701  0.00345811688836   0.0034748661638  0.00345215884543   0.0034378631263  0.00338344786215  0.00344915312032  0.00341358952718  0.00339897604225   0.0034480846884  0.00343338948505  0.00342431499354
0.000224667523044   0.0016459538407  0.00418236972306  0.00589245982469  0.00701993498234  0.00768573479963  0.00785980637619  0.00773406971936  0.00722072238894  0.00635759203791  0.00516618105218  0.00406392048424  0.00353285842811  0.00322089601924  0.00295447504194  0.00274295344484  0.00261688490012  0.00244554596751  0.00230719868688  0.00223387779029  0.00217714680052  0.00213333010302  0.00207470883927  0.00208216353827  0.00205405387318  0.00204549121397  0.00205878895726  0.00205560508824  0.00205190802728
0.000232226105813  0.00127490369493  0.00300606944499  0.00416045136466   0.0049312206488  0.00535050476242  0.00540327474762  0.00522867143737  0.00484004836356  0.00429656454395  0.00363524821033  0.00289015260236  0.00230346541118  0.00198967220496  0.00169673062091   0.0014280743775  0.00114899558277 0.000886723385073 0.000651164537788 0.000459949120615 0.000292928745802 0.000123704629326 2.43696102798e-05 0.000148021735474 0.000292094635734 0.000398978440686 0.000478753843337 0.000559099946831 0.000633604878028
0.000215509760772 0.000815042986797  0.00170333814119  0.00213868800165  0.00232697402728  0.00235706650184  0.00226420950282  0.00215181062295  0.00202710386603  0.00193015655739  0.00188216495329   0.0018978423378  0.00179213139247  0.00155225501828  0.00133827342462  0.00117127804256  0.00104533732775 0.000971782340366 0.000954294505819 0.000971752077101  0.00101625171506  0.00107794121743  0.00115225252007  0.00122574656464  0.00128111919431  0.00133683779043  0.00140384283753  0.00147454415968  0.00151899589945
0.000206243156249 0.000707288209557  0.00138935363446  0.00161434037354  0.00158933233828  0.00143331064289  0.00122438871885  0.00106917720563 0.000997898617429  0.00103489787116  0.00116256235561  0.00143802780939  0.00154798999208  0.00139061538986   0.0012619801871  0.00118492697535  0.00115902866473  0.00115393128179  0.00122705942789  0.00129087785448  0.00138223368876  0.00147476104367  0.00154768792682  0.00161628851727  0.00170369928947  0.00179562789578  0.00185450274034  0.00191047746887  0.00196569439403
0.000208416607745 0.000840645903694  0.00177933101709  0.00224080514619  0.00239055601148  0.00233021138193  0.00213994745953  0.00190634520462  0.00167983754688  0.00150065015258   0.0013889680033  0.00133726211394  0.00123269045928  0.00109842889175  0.00102549891116  0.00099943720701  0.00101999851923  0.00112838023641  0.00121070616882  0.00132619943725  0.00144118169685  0.00154663557363  0.00165224857961  0.00177361971866  0.00186608171918  0.00193348170661  0.00201728822178   0.0020821877513  0.00212394341296
0.000210942341689 0.000954182227776  0.00211766177285    0.002797371517  0.00312744637965  0.00319534452073  0.00306787193547  0.00280306471767  0.00244332097414    0.002023398817  0.00159003988624  0.00117677221193 0.000874155745301 0.000716376223306 0.000633724022239 0.000651432228739 0.000739583031827 0.000886139205502  0.00104737348482  0.00120645312913  0.00134048372993  0.00147557352458  0.00161909205707  0.00172267728548  0.00181773053528  0.00190062565991  0.00197767567689  0.00206856549855  0.00214955681076
0.000251892142907  0.00284762571972  0.00539208058307  0.00538285043983    0.004969152352  0.00439787352283  0.00383001936587  0.00327896051093  0.00274455045489  0.00219183409638  0.00162724599797  0.00101809567299 0.000576198215403  0.00040999127631 0.000402402071258 0.000542327897229 0.000741016273663 0.000945503344493  0.00113819839564  0.00129536591027  0.00146716573046  0.00163182592825  0.00176229028751  0.00187811214403  0.00197766352262  0.00207989715888  0.00216980810246  0.00222439123229  0.00228926477894
0.000212585197682 0.000631915103258 0.000447982512991  0.00137343820738  0.00284143479648  0.00376345608065   0.0040695057832  0.00384123846979  0.00326984407994  0.00253121067311  0.00176490361515 0.000950051930229 0.000359379998619 6.89389265415e-05  0.00022626877815 0.000488307011819 0.000748250756057  0.00097742575571  0.00116637410464   0.0013633840651  0.00153999283294  0.00170886835936  0.00183891255717   0.0019569842374  0.00208040031554  0.00218101327971  0.00226018507406  0.00233445894183  0.00239670403085
0.000203237321574 0.000569869337938  0.00118846836607  0.00172136649905  0.00191430806542  0.00195972591209  0.00200395862708  0.00202738424814  0.00199547145705  0.00181000844371  0.00144801378661 0.000914699958199 0.000655738633891 0.000842215770857  0.00105167493664  0.00125576055016  0.00143930539953  0.00165597709393   0.0018586082236  0.00202996419254  0.00218848331743  0.00230030439292  0.00244572477707   0.0025711449253  0.00267841868654  0.00276689525457  0.00283306654623   0.0029137518624  0.00297875777327
0.000210312836712 0.000231220389102 0.000419555185464  0.00113191357066  0.00148748091233    0.001549223656  0.00144266190461  0.00117741287101 0.000962348052122 0.000917870805697  0.00106943986013  0.00128203612141  0.00150116677903  0.00171470776962  0.00193368708383  0.00214589195632  0.00235408753468  0.00253407903684  0.00270556781276  0.00286683861137  0.00301570947386  0.00315880740401  0.00325209034271  0.00335682164663  0.00344657355084  0.00353278381325  0.00363267572888  0.00369687317503  0.00376451434541
0.000273352482977 0.000591979541935  0.00246973298361   0.0030637033974  0.00147053873028  0.00101960389283 0.000970495797906 0.000957089456217  0.00105859151066  0.00122317876532  0.00143682322329   0.0016566133523  0.00188255868516  0.00211573276916  0.00233287453565  0.00253429352726  0.00272571569771   0.0029037888092  0.00308037112291  0.00323380659788   0.0033559129673  0.00348240924119  0.00361390053726  0.00372089024312  0.00380957765014  0.00389552948568  0.00397114774505  0.00402537554585  0.00406779519198
0.000202851635422 0.000242242226678  0.00111636868583 0.000783819316279  0.00295419252444  0.00347142827636  0.00306582280843  0.00221991385729  0.00138826436798 0.000878353175066 0.000925048259515  0.00117006040516  0.00143693069946  0.00168004301377  0.00192157416439  0.00214720711725  0.00235848634602  0.00255853263325   0.0027319660716  0.00289299011536  0.00305662578454  0.00319874770321  0.00331636670861  0.00343807487451  0.00353730075062  0.00362555304282  0.00369597145034  0.00376413260274  0.00383724681645
0.000358631521016  0.00143654300319  0.00388882107908  0.00435412316191  0.00279410979803  0.00171375417307  0.00138907274696  0.00153081175188  0.00177750227506  0.00184036317898  0.00164221008281  0.00135195131335  0.00146486154087  0.00180208299799  0.00205437872011  0.00230155848799  0.00254360257525  0.00273077556614  0.00290876370292  0.00310462703079  0.00326653055951  0.00341832107295   0.0035412632615  0.00366331905071  0.00377798168843  0.00386490154268   0.0039408210598  0.00402541696198  0.00407436889497
0.000400634027873 0.000854989067523  0.00304409665258  0.00270038811122  0.00117390073068  0.00188561015886  0.00248020452235  0.00224988525079  0.00173005095412  0.00127416937137  0.00128378205507  0.00143784376904  0.00158173873778  0.00186219618276  0.00207953017235  0.00226113586224  0.00238905268774  0.00258673183985  0.00275640006641  0.00287710029637  0.00300379613582  0.00312361820285    0.003258696249  0.00334112887534  0.00343343122546  0.00351873858814  0.00359139490624  0.00366337559883  0.00374196177399
0.000219951675253 0.000753962196899  0.00188425754327  0.00365929315314  0.00277284742706  0.00144042780411  0.00153039421632  0.00186362979383  0.00217694064316  0.00247001704483  0.00258674036227  0.00269926027363  0.00297628855428  0.00328213457376  0.00353390173694  0.00378443442113  0.00405071787427  0.00422448674888  0.00440109966172  0.00459273174239  0.00475299306818  0.00487659619636  0.00497248799606  0.00510147086057  0.00518296939858  0.00526365557667  0.00536236196488  0.00542534688834  0.00546633714196
0.000193434907219 0.000383076908419  0.00144328899243  0.00232354661256  0.00163446885208  0.00247226545689  0.00273873628059    0.002122381949  0.00174406685244  0.00200335372917  0.00249076986073  0.00275648462949  0.00278371362273  0.00290094222863  0.00311165427781  0.00329604863688  0.00346271665341  0.00364280719996  0.00380675337789   0.0039380881918  0.00406352262045  0.00419096084086  0.00430767080241  0.00440293872213  0.00449852108639  0.00459497363996  0.00465494446976  0.00471050274896  0.00477151705479
0.000206987364988 0.000712918219383  0.00159858518909  0.00367190968537  0.00360458020148  0.00184587510582  0.00192151925687  0.00221885253515  0.00242693227276  0.00268802682253  0.00289659767538  0.00307083223085  0.00329619655042  0.00358537504256  0.00380540997427  0.00401914607674  0.00421902170283  0.00438671326577  0.00454336888809   0.0046796494694  0.00481353650302  0.00492405470036   0.0050282972591  0.00512066620066  0.00520173233537  0.00526571643163    0.005332932086  0.00541155940851     0.00547673856
0.000259202768618  0.00015247314757 0.000990202045466  0.00232752404987  0.00200248016731  0.00190092576378  0.00267419795028  0.00248492854363  0.00205769353766  0.00196777282965  0.00227072350007  0.00258789495202  0.00279925839345  0.00298490224559  0.00320696384803  0.00340745546007   0.0036030071688  0.00377404897667  0.00393492630067  0.00411028073595  0.00425346018219  0.00439262170791  0.00450715849546   0.0046269886452  0.00472466734188   0.0048076864741  0.00487939047803   0.0049324141763  0.00498943319576
0.000174368616596 0.000374049160902 0.000868011998092  0.00168774898748  0.00227642644497  0.00217718725174  0.00217367494879  0.00235120109773   0.0025896604717  0.00284001073311   0.0030346457857  0.00315972086856  0.00328080991662  0.00352395019744  0.00375840469381  0.00396572282761  0.00415918418833  0.00432534876211  0.00447248512947  0.00460879543216  0.00473693291882  0.00485781791305  0.00496671350394  0.00507086334167  0.00515347665687  0.00425842692341  0.00396457059902  0.00393978142647  0.00394309514397
0.000205001016376 0.000445122841268 0.000812180903369  0.00168157826229  0.00248139494639  0.00275331902045  0.00271937205538  0.00240621070207    0.002109225994  0.00208480774128  0.00231826974709   0.0026581398461  0.00298603765534  0.00318802954204  0.00338969653099  0.00360796949378  0.00383988167585  0.00400398412012  0.00417459976846   0.0034144264288  0.00344097980225  0.00347362494817  0.00348830560654  0.00353984785365  0.00354868688201  0.00356444081559  0.00358848141553   0.0035991328459  0.00360740789635
0.000215433746126  0.00036357854003 0.000691575762472  0.00108799846298  0.00139868818835  0.00163058382548  0.00193402417882   0.0021777027576  0.00242553467135  0.00259106272575  0.00274214822599  0.00283149254688  0.00288474741641  0.00306328464536  0.00326518798083  0.00342615696916  0.00296400740224  0.00295163545271  0.00292756778729  0.00289402828876  0.00286709769419  0.00284151826409   0.0028378507106  0.00279954956858  0.00281068319583  0.00280889231936  0.00280299078248  0.00280319684661  0.00281015159208
0.000174851131357 0.000448590687316 0.000944191207672  0.00134432260162  0.00173526192026  0.00218012774374  0.00241043262965  0.00253359552619  0.00263070279175  0.00275564158059  0.00288710655175  0.00305794640318   0.0032770766589  0.00311876378297  0.00325015070741  0.00326372658334  0.00328931249728  0.00330922102072  0.00333261997155  0.00336418011835  0.00339639000892  0.00341404922257  0.00343774049885  0.00346354373912  0.00347002559631  0.00348633502469  0.00350833185361  0.00352148293032   0.0035297020547
0.000182828231306 0.000595569139524  0.00135922124863  0.00175720480326  0.00196520710876  0.00218955650045  0.00232455391055  0.00240412014747  0.00249362777731  0.00262798268251   0.0028077080325  0.00302965655104   0.0031201079348  0.00310731711776  0.00311752302979  0.00313672245937    0.003162447925  0.00316667184215  0.00317059249078  0.00317625156034  0.00318562216613  0.00320726811722  0.00321395244744   0.0032336453898  0.00325079697521  0.00326249886727  0.00327076088825  0.00328291981149   0.0032935565389
0.000180291269578   0.0011753644588  0.00285750742716  0.00332491254646  0.00308130567508  0.00278537922223  0.00256911730294  0.00244283762279  0.00243350220056  0.00252091130765  0.00299009478366   0.0030424052952  0.00295465517872  0.00287765470446  0.00284130894743  0.00284007045063  0.00284358174714  0.00284304152227  0.00284983446122  0.00286079272129  0.00286392944001   0.0028721210804  0.00288363299784  0.00289609242632  0.00291513658463  0.00292095223479  0.00292801583073  0.00293869508731  0.00295133468067
0.000155877263265  0.00228973241003  0.00527273046997  0.00621786523048   0.0058803302958  0.00499606572625  0.00416104827217  0.00342997556706  0.00287626270243  0.00356653479107  0.00314120409632   0.0027898076054  0.00255691852215  0.00243218778428  0.00237876066895  0.00233453170942  0.00231566141499  0.00228524443296  0.00226766297018  0.00226928676393  0.00227379835639   0.0022789886202  0.00227957235405  0.00229360438636   0.0022909286103  0.00230735620536  0.00232695459721  0.00233291675577  0.00233678498529
 0.00020176624443 0.000913297209095  0.00145508353191  0.00286530555272  0.00460793131016  0.00529528853766  0.00536585297289   0.0049629843232  0.00568451825096  0.00488551797689  0.00408244070411  0.00337570253895  0.00281508833021  0.00236743984598  0.00206341573525   0.0018911802617  0.00174029436213  0.00160481731747  0.00148647895643  0.00138535106388  0.00130096351789  0.00123108615842  0.00117585258854  0.00113442061499  0.00110452818141  0.00107955170222  0.00105811693699  0.00104851099279  0.00103754810889
0.000190620451892  0.00076971389294  0.00109958077996  0.00220577653268  0.00342459282621  0.00395659326658  0.00427286769528  0.00610695368216  0.00608712609567  0.00582652869663   0.0053436801361  0.00465720471855   0.0038077784013  0.00285232750066  0.00215769252888  0.00189093868022  0.00170994569451  0.00154377031706  0.00139525091056  0.00126235255419  0.00114442125623  0.00104209192695 0.000955462619688 0.000877158708107 0.000816466784186 0.000765863794274 0.000724001868618 0.000695772127926 0.000673081261653
0.000160098623095 0.000795262975414  0.00130054791687   0.0020358211936  0.00303291334905  0.00386496045105  0.00520425816227  0.00588207468607  0.00573888793378  0.00541079858436  0.00492984491108  0.00432960564531  0.00364036952142  0.00290768479989  0.00225408731852  0.00187048012524  0.00168449116353  0.00153899043243  0.00141425105713    0.001307191718  0.00121523496326  0.00113880444263  0.00107731020841  0.00102883034924 0.000992484407628  0.00096518860036 0.000945024695366 0.000930399764658  0.00092279250277
0.000183720941626 0.000821851722002  0.00118931215385  0.00168158518499  0.00217711112687  0.00268723107746  0.00433257879552  0.00448027813848  0.00447125165054  0.00431832402393   0.0040307016855  0.00364215626352  0.00318076244123  0.00268016197834  0.00216927066882   0.0018391365554  0.00167789248034  0.00154298757768  0.00143242740993  0.00133804625644  0.00125901292181  0.00119402623607  0.00114357141765  0.00109993295151  0.00106915399018  0.00104747804892  0.00103032787981  0.00102047723228  0.00101207041341
0.000161020495926 0.000813577068644  0.00128290872357   0.0016702462508  0.00200947866223  0.00240644747265  0.00366664771531  0.00358878371316  0.00344428962716  0.00326514626857  0.00305330978218  0.00281900512688  0.00255947830449  0.00227899334563  0.00199676739693  0.00180932602451  0.00169925131657  0.00159422374332  0.00150965595598  0.00144226929164  0.00138771574147  0.00134650622507  0.00131690874072   0.0012933334314  0.00127843649763  0.00126848154749   0.0012618672107  0.00125903530761  0.00126269898078
0.000157816620618 0.000825583102155   0.0012700267321    0.001664200671   0.0020489958704  0.00360853484157  0.00358479756371  0.00342674980091  0.00318362538793  0.00290639899573  0.00262249071635   0.0023649896981  0.00214935823365  0.00197584838443  0.00187472993559  0.00180655461858  0.00172744053658  0.00165277885779  0.00159218179407  0.00154764127909  0.00151575597058  0.00149211699204  0.00147419819545  0.00146562274074  0.00145969791134  0.00145801486205   0.0014600837201  0.00146201478282  0.00146297427262
0.000166479439285 0.000820998750703  0.00122955652094   0.0017478676229  0.00220725251597  0.00354059782935  0.00352840105256  0.00343713402576  0.00324625170846  0.00299819668911  0.00272549856015  0.00246214232894  0.00222922092958  0.00203399117709  0.00187512629836  0.00175742743639  0.00167683725572  0.00160360594533  0.00154383179583  0.00149840961215  0.00146329715045  0.00143803413365  0.00142012119447  0.00140879971347  0.00140386962852  0.00139542111808  0.00139396003521  0.00139865400032  0.00140387010275
3.47642493398e-05 0.000574710320769 0.000930236035081  0.00102883220333  0.00116809392168  0.00091214218119 0.000931876752244 0.000968723522963 0.000972108420556 0.000959257369469  0.00092820415372 0.000895323927096 0.000849358383988  0.00073101766122 0.000588740807242 0.000575869920763 0.000631803300836 0.000633523787145  0.00063002673288 0.000678350722224 0.000692364722696 0.000708654506446 0.000701428445487 0.000740666613727 0.000742560319957 0.000742811184049 0.000747653061391 0.000762118250552 0.000760164493181
2.93416432062e-05 0.000496561906805 0.000715207894841 0.000610793791797 0.000486830538915  0.00106735419447  0.00127291854875  0.00162761938341  0.00195165721172  0.00214052448169  0.00216962571695  0.00200800678944  0.00162348160863 0.000981031016493 0.000351974387223 0.000233080863966 0.000284504828068 0.000285510001738 0.000298552724095 0.000332931966358 0.000352093173157 0.000355958743975 0.000369144328188 0.000380287373308 0.000381425295232 0.000388259207348 0.000402073104251 0.000411877842497 0.000417478744459
 2.0624411146e-05 0.000477378020572 0.000620549325671 0.000594691709251 0.000296623638101 0.000948044722315  0.00118976332587  0.00165997628171  0.00207700892304    0.002310068463  0.00229221110103  0.00197285877836   0.0013494525823 0.000520781005751 0.000195496257202 0.000214037250688 0.000238408494527 0.000235194817047 0.000259574876497 0.000276685231323 0.000295316859257  0.00032328236251 0.000324935486346 0.000352755345992 0.000338201444848 0.000344405623054 0.000365399073894  0.00034302548286 0.000347377217513
2.22388759006e-05 0.000459475116654 0.000601216662266  0.00057094540972  0.00018153068314 0.000788071941249 0.000919667736209  0.00123832576811  0.00153607415761  0.00169996639791  0.00168723403353  0.00146516666999  0.00102802419355 0.000406108654917 0.000160107576046  0.00018316919808 0.000247786720632 0.000239295960468 0.000240878548333 0.000276639694767 0.000275417759241 0.000275218410883 0.000273719470125 0.000280918967252  0.00030209168741 0.000305009495231  0.00029637524372 0.000318442924438 0.000305808271283
5.03308458733e-05 0.000801686014432  0.00221982920297  0.00431430878809  0.00573543004959  0.00531955165109   0.0038256896481  0.00236516597624  0.00131350275614 0.000776964020306 0.000601055521886 0.000479644630124  0.00030786561241  0.00024927433725 0.000257864556141 0.000258856781239 0.000262942529917  0.00026218033146 0.000265656424014 0.000265805040909 0.000276937131073 0.000286311039918 0.000275129618544 0.000281301230834 0.000265210322723 0.000284484003075 0.000289531740027 0.000272336550666 0.000275318358161
3.89735954483e-05 0.000512162759321 0.000769524598266 0.000716469712343 0.000663281368309  0.00101384473535  0.00201391030663  0.00259471908444  0.00277210187518  0.00251694955542  0.00199681127194  0.00132922908706 0.000538404798146 0.000104956946355 9.01006138724e-05 0.000122461728116 0.000166689611632 0.000164796152962 0.000177207455803 0.000201949034226 0.000209759595558 0.000228835479027  0.00023150284094   0.0002511675059 0.000261078427721  0.00024572986618 0.000266328437343 0.000258504299899 0.000261952601554
2.06795434407e-05 0.000458645872978 0.000623036816036 0.000615885045268 0.000317349914633 0.000332039279082 0.000830743047488  0.00121158742797  0.00162839194346  0.00187076009829  0.00182091663906  0.00140404272126 0.000620069887866 0.000152198555834 9.10160205547e-05 0.000106516176885 0.000136730732878 0.000138499033299 0.000143797700261 0.000163281550174 0.000183961728935 0.000188842763264 0.000193310044196 0.000227350188071 0.000225153790239  0.00024004383013 0.000245636041985 0.000259343025682 0.000249155186459
1.67362261795e-05 0.000460977170253  0.00077296988983   0.0014418351058  0.00189338189489  0.00168633472386  0.00168042856343  0.00187443062588  0.00216568714816  0.00227460332663  0.00206060435068  0.00137591316555 0.000449406413743 0.000101368454221 8.34706616873e-05 9.29854439837e-05 0.000140052325583  0.00013819424299 0.000148249096777  0.00018080271295 0.000189426346252 0.000199818115447 0.000197072494404 0.000211666978593 0.000214386373771 0.000207981269332 0.000210319212134 0.000214756527707 0.000224039122576
2.33873277397e-05 0.000470273562916 0.000756890391017  0.00131823989436  0.00203768682475  0.00255305490768  0.00268470254659  0.00278229140302  0.00276506094394  0.00248381868603  0.00180740021605 0.000676956966976 5.57685568199e-05 7.01066822344e-05 6.86328785091e-05 7.92193562142e-05 0.000110887233069 0.000111074120139 0.000118234737495 0.000137704609664 0.000146763388452 0.000154555034262 0.000159079638781 0.000165448961656 0.000155692963487 0.000158622700628 0.000171185391343 0.000171265688307 0.000171755487172
1.63862649603e-05 0.000444180925423 0.000647109341885 0.000736973584061 0.000772860494257  0.00127019985601  0.00176157108811  0.00211386137561  0.00226370260141  0.00208680418506  0.00154165510338 0.000617461233856 7.31611763873e-05 7.52963814247e-05 8.00308573952e-05 8.66553823924e-05 0.000102674260233 0.000102550420335 0.000106859280462  0.00012253907642 0.000132538121705 0.000135159390506 0.000135991327977 0.000152035363946 0.000150468534643 0.000162119396385 0.000158010229813 0.000154942529898 0.000149751751051
1.59184282214e-05  0.00044398561849 0.000677093845348 0.000769397679598 0.000450323833717 0.000351881474416 0.000906895673252  0.00119443184983  0.00150304940857  0.00156798162837  0.00126562649531 0.000527888042846 7.86208084837e-05 7.70327025462e-05 7.90836577033e-05 8.76075967436e-05  0.00010280384868 0.000102926717053  0.00010441465558  0.00011113216887 0.000108534432209 0.000107128344564 0.000105648354344 0.000104381876871 0.000106427687032 0.000103885172033 0.000114136421505 0.000111844817407 0.000113167031296
1.23355897117e-05 0.000438506184899 0.000666954685058 0.000856684870253  0.00057111697838 0.000293935710496 0.000605022811707 0.000960472495207  0.00123870193741  0.00114766253048 0.000483265639302 4.47889940676e-05 4.28094256339e-05 4.84612246144e-05  4.9147772838e-05 5.89324855857e-05 7.75083638087e-05 7.65202310752e-05 8.06333776395e-05 9.12151380897e-05 9.75850413439e-05  0.00010612076075 0.000103191702153  0.00010955688093 0.000118103640649 0.000116001045533 0.000110833295346 0.000110122667272 0.000110554615153
1.75104134489e-05  0.00045286653637 0.000721773246144 0.000835756371507 0.000548454772169 0.000485124553724  0.00104780058192  0.00105036668669  0.00124124252946  0.00110213363214 0.000471211215369 2.33428485559e-05 2.92689456325e-05 3.28697459338e-05 3.32600994488e-05 3.49384695553e-05 4.64335485409e-05 4.59086203966e-05  5.0113562163e-05 6.14742163166e-05 6.73183998747e-05 7.03456674768e-05 7.17092183025e-05 8.58564318046e-05 9.20284375324e-05  9.3496891511e-05 9.50165576655e-05 0.000105691818694 0.000103638290628
1.12728684728e-05 0.000427587882782 0.000659058430871 0.000932827523297 0.000693438215587 0.000381600130981 0.000990823879241  0.00111200265836  0.00135150575759  0.00122798753041 0.000541294624775 4.17455971007e-06   2.696874711e-05 2.84091683546e-05 2.84944179636e-05 3.53648477233e-05 4.62700059058e-05 4.57163472705e-05 4.64297706179e-05 5.06477645664e-05 5.48403728841e-05 6.48842759233e-05 6.20033163129e-05 6.81549075461e-05 5.74261927568e-05 6.54263545383e-05 7.21863434549e-05 7.03506592708e-05 7.15226570791e-05
1.15330200294e-05 0.000443557577538 0.000721397727252 0.000940113457261 0.000684242757003 0.000338718061477 0.000899217438413  0.00109554202805  0.00136242276289  0.00125444645801 0.000545943692621 1.66113463916e-05 1.07466199297e-05 1.70075198215e-05 2.23763846611e-05 2.42973017617e-05 3.32556529319e-05 3.26037679337e-05 3.57259868987e-05  4.4412880316e-05 5.31242342445e-05 5.56517894612e-05 5.51170647602e-05  5.7132070293e-05 5.86935384111e-05  6.0126008154e-05 5.80296140581e-05 5.87037670719e-05 5.96486242286e-05
8.34737964963e-06 0.000429376146408  0.00068308594169  0.00097801771703 0.000762933199682 0.000273941432376 0.000815127287303  0.00101476981451  0.00129289111738  0.00117672032082 0.000482338963464 5.51562410577e-06 1.49774164867e-05 1.88946782697e-05 2.14886162824e-05 2.22993126533e-05 2.74624843259e-05 2.68549560481e-05   3.312694368e-05 4.02617490752e-05 4.39798501911e-05 4.60053485227e-05 4.50047138947e-05 5.49383159914e-05  5.9824389464e-05 6.65870055169e-05 6.84693682542e-05  6.4458234605e-05 6.48740514041e-05
1.13403897575e-05 0.000439320411954 0.000689616504574 0.000875950170499 0.000580713983425 0.000173110044443 0.000924116671628 0.000837601623851  0.00102106121639 0.000509088287997 7.26838334247e-05 1.78868811849e-05 3.78011064134e-06 1.23909673853e-05 1.70339240059e-05 2.09870358063e-05 3.37136458618e-05 3.29963831857e-05 3.34135107414e-05 3.87208358135e-05 4.34437010514e-05  4.8158194646e-05 5.04590041492e-05 5.81424005166e-05 5.58305149427e-05 6.36003083677e-05 6.83706846861e-05 6.98227279912e-05 6.98111879747e-05
9.03588524102e-06 0.000427500563976 0.000687402646738  0.00092860830643  0.00061372163207  0.00019532760993 0.000936761138296   0.0012122634757 0.000946311126083 0.000468113397256 5.36625738697e-05 8.62894324113e-06  7.7881771091e-06 1.18455140497e-05 1.60508748526e-05 2.06685766589e-05 3.32735422071e-05 3.19180646634e-05 3.31130088961e-05 4.02022282779e-05 4.74578099458e-05 5.44933834978e-05 4.77358413939e-05 5.37344405832e-05 5.27316535298e-05 5.00365638867e-05 4.55205866161e-05 4.59499456069e-05 4.60645604759e-05
6.46937676644e-06 0.000428359832592 0.000698311818435  0.00098336646458 0.000698452485705 0.000183669237793  0.00091768132971  0.00156581178941  0.00102252316976 0.000505605363203  5.5310460836e-05 7.44427473723e-06 8.48394442454e-06 1.15521198096e-05 1.36432479986e-05 1.73084540316e-05 2.67042320745e-05 2.62502300024e-05 2.83238934249e-05 3.90455920357e-05 4.66557046504e-05 4.40524397113e-05 4.54249965933e-05 4.53880270675e-05 4.78708888916e-05 4.70650386902e-05 4.47001282108e-05 4.12361656713e-05 4.50835389167e-05
6.73331338828e-06 0.000425960792482 0.000716173966542  0.00103756171078 0.000765962554177 0.000150719433591 0.000864278230023  0.00159586140597 0.000943844340004 0.000407725864775 3.63188102167e-05 1.13566010903e-05 7.25103426492e-06 1.13901029587e-05 1.45495169869e-05 1.78874770386e-05 2.53561549619e-05 2.50035090927e-05 2.73305983045e-05 3.19044440044e-05 3.10162184727e-05 3.66996965717e-05 3.46173730997e-05 4.38139549808e-05 4.51896379194e-05 4.92961042507e-05 5.39153582862e-05 6.09378008713e-05 5.68091854502e-05
6.06353661829e-06 0.000431207651957 0.000705472976659  0.00100758839332 0.000748527007253 0.000104679471341 0.000892042365188  0.00164662224614 0.000784206126315 0.000263783263889 1.27151181497e-05 8.22934081138e-06 4.38491829733e-06 8.05037905497e-06 9.72606450568e-06 1.16316902758e-05 1.87921603545e-05 1.89336068073e-05 2.01210319457e-05 2.77245905126e-05 3.38184931015e-05  3.5802057803e-05 3.71186728937e-05 4.37766799471e-05 4.28161186965e-05 4.20177261439e-05 4.57268274897e-05 4.74968990827e-05 4.73587785168e-05
 9.7408267438e-06 0.000435952335296 0.000730950396252  0.00104385916733 0.000800215018651   0.0001000665348 0.000880921754647   0.0016084572445 0.000681481690339 0.000228583079431 1.94569740439e-05 8.85636823356e-06 8.13030077597e-06  8.0538122672e-06 8.20121791974e-06 1.03249026545e-05 1.73693345028e-05 1.74683624904e-05 1.88990024007e-05 2.64875590696e-05 2.98124869715e-05 2.99523311005e-05 3.02228464971e-05 3.33772173663e-05 3.35019066069e-05 3.36627620465e-05 3.62015208641e-05 3.62024010209e-05 3.57119657353e-05
8.83585188285e-06 0.000418419436727 0.000685276582806  0.00095398773596 0.000590558752157 0.000282569407641   0.0012565582139  0.00164193614721 0.000450823964512 0.000109000880768 1.24447536371e-05 1.15907760658e-05 3.95383716978e-06 7.54671364576e-06 7.05157208195e-06  6.0507522374e-06 1.17507065195e-05 1.18123733264e-05 1.28431153823e-05 2.05026549216e-05  2.4779089827e-05 2.58027708648e-05 2.54771337052e-05 2.90296687929e-05 2.99114375547e-05 2.99414130761e-05 3.16055315046e-05 3.29301806035e-05 3.21726284797e-05
3.81098475285e-06 0.000430408120089 0.000714708152583 0.000937357818283 0.000551645333363 0.000289531935974  0.00124047151082  0.00162558651675  0.00134198225908 7.35287693636e-05 1.90843331519e-05 8.18072392423e-06 9.47718537817e-07 4.04820973598e-06 4.17086137061e-06 4.66501550738e-06 1.13402927638e-05 1.09340919333e-05 1.35907821305e-05 1.77054453567e-05  1.7724196815e-05 1.91332360382e-05 1.99804513484e-05 2.37010733098e-05  2.4321036958e-05  2.4044989471e-05 2.75487975632e-05 2.70143915286e-05 2.66438095842e-05
4.31291878622e-06 0.000429651359163 0.000741692710359 0.000975215681896 0.000591823051412 0.000225647890127  0.00119186824775  0.00160294985792  0.00133444543916 8.42420593759e-05 2.09702702562e-05 1.45619725103e-05 5.99021119832e-06 7.69547960536e-06 5.20485850181e-06 1.82409934072e-06  8.7623389281e-06 8.63881888427e-06 9.32213833642e-06 1.50831626385e-05  1.5576960054e-05 1.58597714518e-05 1.64987080633e-05 1.67063815654e-05 1.74501250474e-05 1.93343356049e-05 2.22005148957e-05 2.17372396732e-05 2.17651289988e-05
3.35626921764e-06 0.000428512575755 0.000738410267005 0.000948158074411 0.000562974215288 0.000225893727381  0.00117452720979  0.00158866429569  0.00133209670942 9.11806283413e-05 1.17819571977e-05 1.23643456906e-05 4.78965138632e-06  6.2320532717e-06 4.95250129779e-06 4.02011125777e-06 7.87736042954e-06 8.02613946098e-06 8.54058854634e-06 1.03150483259e-05 1.18221816163e-05 1.29640102386e-05 1.29539694762e-05 1.65727710958e-05 1.73821901616e-05  1.7274045384e-05 1.81429332735e-05 1.82627941001e-05   1.800578901e-05
8.11203207199e-06 0.000425472953518 0.000714266159488 0.000834104545487 0.000356989192089 0.000666228985952  0.00129685395943  0.00138630758572  0.00126119188558 0.000129116741782 2.23053012554e-05 1.94890384012e-05 7.10591678694e-06 5.76857804597e-06 4.14509487577e-06 2.57272766305e-06   4.766345525e-06 5.15943964607e-06 5.31125548134e-06 7.83976700185e-06 1.01924922901e-05 1.23508335456e-05 1.10268693518e-05 1.46890761539e-05 1.50624207076e-05 1.49238012104e-05 1.62130112065e-05  1.6291406209e-05 1.61569271735e-05
 5.1799193648e-06 0.000412759585325 0.000695877279978 0.000780383566895 0.000278643511585 0.000704976240623  0.00127096772969  0.00135399806356  0.00127526666538 0.000228124318069 1.59663977288e-05 1.41954502584e-05 1.02535257235e-05  1.0795888714e-05 9.87227513773e-06 6.77044224853e-06 2.76652408035e-06 2.74864833738e-06  2.5630430423e-06 4.28666809132e-06 6.52025845208e-06 8.01766944622e-06 8.11696218874e-06 1.13523868459e-05 1.15407064406e-05 1.19523662058e-05 1.33516483126e-05 1.33279454391e-05 1.33516483126e-05
2.55590495926e-06 0.000406005506855 0.000703789495125 0.000843900466716 0.000400158592134  0.00043704839313  0.00101262887595  0.00122422481372  0.00132230334806 0.000405472300086 9.50960266465e-06 1.42550539349e-05 1.25398827163e-05 1.20703176893e-05 1.08807152568e-05 8.38427046619e-06 3.42470700597e-06 3.39448975302e-06  2.6644342943e-06 2.75603008788e-06 4.58994467453e-06 6.32906539491e-06 6.59487079903e-06 9.65927474903e-06 9.66771904132e-06 1.02415215833e-05  1.0884428728e-05 1.05155436826e-05 1.03554815368e-05
6.56002484343e-06 0.000385323951745 0.000702295912057 0.000940532417983 0.000653561632598 0.000137532246862 0.000613231581464   0.0010256972679  0.00139256801647 0.000677269692804 7.77479469108e-05 1.40356599363e-05 6.35182861541e-06 6.37799291838e-06 4.88905713564e-06 3.87799678274e-06 1.93416842694e-06 1.91414681408e-06 2.07013547263e-06 3.29420156212e-06 4.17445332882e-06 6.48767193461e-06 5.97504977036e-06  8.1122693418e-06 8.16589071785e-06 8.60497870384e-06 8.87129840877e-06 9.26465242329e-06 9.31683708745e-06
7.64756784191e-06 0.000404485561942 0.000658407068135 0.000858220668239 0.000681352020492 0.000237030507367 0.000678167709089  0.00111802671913  0.00135908537513 0.000706134986358 0.000127131938361 5.19989572501e-05 1.20603798011e-05 8.81267321515e-06  9.3421605763e-06 6.69798493594e-06 1.98605144996e-06 2.09593188435e-06 1.52582360797e-06 2.66893067089e-06 4.41889155299e-06 5.69857889528e-06 5.91386520243e-06 8.34805555344e-06 8.34470348682e-06 9.18502789425e-06 1.09183219031e-05 1.13965830437e-05 1.10680224231e-05
3.00320405348e-06 0.000368405169423 0.000640809081917 0.000763248979962 0.000454328590865 0.000389158596399 0.000965254659085  0.00139275592313  0.00140081621208  0.00100209473933  0.00010288531537 5.53724282806e-05 1.69290832521e-05 1.47719142466e-05 1.19823497729e-05 9.36025428134e-06 3.90455920357e-06  3.9051278425e-06 3.34108491712e-06  2.3328290169e-06 2.38883786528e-06 3.67841434457e-06 3.72529029846e-06 5.79178060317e-06 5.73230066028e-06 6.32511729037e-06  7.8701269656e-06 7.86803888228e-06 7.93941084028e-06
1.58183566047e-06 0.000368625989381  0.00066971422863 0.000841123255274 0.000619729559218 0.000283946477993 0.000690994368241  0.00135189389521   0.0014773687875  0.00102282139038  6.7789851429e-05 3.52882181597e-05 1.11673740035e-05 7.89508464138e-06 7.48162952614e-06 6.36808058104e-06 4.22870171192e-06 4.18149523673e-06  3.5396139384e-06 3.08007398376e-06 2.51723794877e-06 2.03879253584e-06 2.06954545357e-06 2.81154547097e-06 2.62603109181e-06 2.86137217387e-06 3.81574485968e-06 3.99751249244e-06 3.93571234208e-06
3.02663594877e-06 0.000366379730008  0.00068007780373  0.00086090939288 0.000691612684718 0.000330161969929 0.000510344192778  0.00129821057914  0.00150772242214  0.00102258255882 8.50652823576e-05 3.22859302541e-05 1.17584136729e-05 9.01592907855e-06 7.75251438882e-06 6.17418964509e-06 4.03345560452e-06 4.16987636777e-06 3.62082886273e-06 3.19958849074e-06 2.50995010527e-06 1.76671475101e-06 1.77624091592e-06 8.27115123652e-07 3.33200093731e-07 8.06454368099e-07 1.48324574687e-06  1.7202937233e-06  1.6766289686e-06
5.32879658665e-06 0.000325748016961 0.000672633257438  0.00090357011067 0.000723903704317 0.000300846363373 0.000671092562198  0.00134908565465   0.0014520773549   0.0010253948698 4.54062189371e-05 2.23525563706e-05 9.06701068191e-06   7.604440844e-06 6.76304266761e-06 5.80770726419e-06 5.01618327318e-06 4.96912952599e-06 4.56520608716e-06 3.97861003876e-06  3.2175813439e-06 2.63211202616e-06 2.74670885635e-06  2.3004323657e-06  2.2745635394e-06 2.44710460549e-06 2.41380414144e-06 2.34209092908e-06 2.20859137936e-06
7.55104580529e-06 0.000334394574386 0.000627908105217 0.000673565001423 0.000413238544015 0.000774137774017  0.00134594088245  0.00158053259754  0.00149198874053  0.00104134688162 6.25118002805e-05 3.36378457469e-05 1.58074844262e-05 1.55083866445e-05 1.49347701141e-05 1.32694986849e-05 9.02923071847e-06 8.85043677963e-06 8.16801139655e-06 6.34455327063e-06 5.25639385174e-06 4.59828201658e-06 4.53017357396e-06 3.21878878863e-06 3.21868531111e-06 2.89573694599e-06 2.57906343178e-06 2.34758324543e-06 2.26517256089e-06
2.81499769951e-06  0.00034285088514  0.00066929514326 0.000711112250459 0.000453984321901 0.000765790601497  0.00133257561099  0.00160726561411  0.00151115378163  0.00104303349101 5.40760213453e-05 2.95935446814e-05 1.55020569243e-05 1.51836983125e-05 1.39252527339e-05 1.28162201172e-05  9.9868578395e-06 1.01424707418e-05 9.53692942676e-06 8.01035478599e-06 7.21271617195e-06  6.4986149046e-06 6.55734059655e-06 5.25284426107e-06 5.19691749317e-06 5.00820911827e-06 4.51266604203e-06 4.39662542484e-06 4.17243156979e-06
 2.6187841873e-06 0.000325642464177 0.000691520852867 0.000786416728809 0.000544251483844 0.000775689216279  0.00132577517155  0.00163151262407  0.00152983790597  0.00104922775965  4.6682305312e-05 2.69629326498e-05 1.93762085791e-05 1.89751002821e-05 1.91693810386e-05 1.71825121085e-05 1.40083041706e-05 1.39807281173e-05 1.31452652363e-05 1.09818626252e-05 9.83494700642e-06 8.94248467687e-06 8.88114207529e-06 7.45393260416e-06 7.45439431813e-06 7.21271617195e-06 6.50935186749e-06 6.48027498351e-06 6.43938815003e-06
2.17094424259e-06  0.00033207323553 0.000711528428546 0.000807273477062  0.00060417344165 0.000794166131329  0.00132493668683  0.00164910772112  0.00154166993918  0.00105729584402 0.000216975663406 2.24854252388e-05 1.16708344993e-05 1.27568561616e-05 1.40198388964e-05 1.34312375033e-05 1.26117005753e-05  1.2431141342e-05 1.21725249996e-05 1.14741360187e-05 1.08480555834e-05  1.0373017154e-05 1.04309086284e-05 9.47855589797e-06 9.47943433209e-06 9.24075060108e-06 8.70790252863e-06 8.67221977734e-06 8.70239295704e-06
2.21036263656e-06 0.000323283475117 0.000722923821235 0.000831929754231 0.000633481406506 0.000812302270831  0.00133254266161  0.00165673263523  0.00153995298847  0.00105718680171  0.00067854448264 2.66946448692e-05 2.19358100534e-05 2.06196591479e-05 1.89668310924e-05 1.77242970368e-05 1.52706878898e-05 1.52749912941e-05 1.46445970978e-05 1.31726602084e-05 1.23977750683e-05 1.18041276883e-05 1.17421244758e-05 1.07296742171e-05 1.07904575238e-05 1.06715724717e-05 1.01349369046e-05 1.01503052508e-05 1.01338852262e-05
2.38865639262e-06 0.000324358967989 0.000726081772941 0.000829949108879  0.00065118154943 0.000815284021454  0.00132889642928   0.0016631544527  0.00154534118442  0.00106373445481 0.000680431617018  2.1554179018e-05 1.87163330127e-05 1.85089278049e-05 1.83350901786e-05 1.74589218412e-05 1.60390564357e-05 1.59291113153e-05 1.55054870369e-05 1.43052389219e-05 1.38290804289e-05 1.33566365312e-05 1.33514736912e-05 1.23983392216e-05 1.24006672019e-05 1.22218957124e-05 1.18624568194e-05 1.17550518597e-05 1.16825959053e-05
2.14061761657e-06   0.0003137302907  0.00073436298474 0.000849535613837 0.000654942181315 0.000801906827963  0.00132306564014  0.00167111900171  0.00154685762788  0.00106786516427 0.000683120047853 2.71332102177e-05 1.73406817418e-05 1.77748056427e-05 1.69030670277e-05 1.47645469553e-05 1.40285786851e-05 1.39198940272e-05 1.39674999346e-05  1.4161403818e-05 1.40676511348e-05 1.37737116455e-05  1.3769068044e-05 1.34713172879e-05 1.34733197954e-05 1.33526377907e-05 1.31140462654e-05 1.30020209866e-05  1.3053425711e-05
2.08649506995e-06 0.000308563291622 0.000707398210988 0.000812263556028 0.000645230744495 0.000766594263742  0.00129120794658  0.00166989999253  0.00154759542856  0.00107360325824 0.000683648375191 2.31626183062e-05 1.90330998386e-05 2.03516751584e-05 1.96894135212e-05 1.84109198468e-05 1.67916186409e-05 1.68472768331e-05 1.65117843515e-05 1.54096451952e-05 1.49615079099e-05 1.46674741815e-05 1.46628637619e-05 1.40077335256e-05   1.400995257e-05   1.400995257e-05  1.3769995277e-05 1.37213805228e-05 1.36495368578e-05
1.77709363308e-06 0.000291566429212 0.000701712453695 0.000830315174728 0.000646218440975 0.000715735302073  0.00125570944034  0.00167311680926  0.00154976094457  0.00107808496072 0.000686457662355 2.30789318138e-05 1.93238876417e-05 1.95231201629e-05 2.00889760224e-05 1.87691290423e-05 1.67290605634e-05 1.70617189466e-05 1.66047350725e-05  1.6218625372e-05 1.60337117634e-05 1.57403949986e-05 1.57360777646e-05 1.53185096692e-05 1.53202489924e-05 1.51438031351e-05  1.4963733903e-05 1.49212939632e-05 1.49013474572e-05
1.78411239218e-06 0.000279466532535 0.000683456127482 0.000816250841346 0.000632950837105 0.000654928644707  0.00120668884952  0.00167174483119  0.00155073326627   0.0010833876035 0.000688189064354  2.3007305134e-05 2.19968798577e-05 2.20042072438e-05 2.16374968869e-05  2.0889642329e-05  1.6919958502e-05 1.64232159608e-05 1.51429893496e-05  1.3054446298e-05 1.36510577895e-05 1.42520629229e-05 1.42457906644e-05 1.48416762366e-05 1.48430226552e-05 1.49626654677e-05 1.50811530396e-05 1.50900506603e-05 1.50805714573e-05
1.48444611924e-06 0.000272168949582 0.000673811165106 0.000815327594145 0.000632225920745 0.000603562051047  0.00117523477764  0.00166777673221  0.00155294495439  0.00109234001948 0.000694948986022 1.41444495592e-05  2.0684104703e-05 1.98138830253e-05 2.00589832678e-05 1.75047042652e-05 1.74045626533e-05 1.71380975066e-05 1.72967759939e-05 1.68404482862e-05  1.6094054317e-05 1.58644189342e-05 1.58554026966e-05 1.54378618951e-05 1.54383221481e-05 1.53787202906e-05 1.51999148493e-05 1.52062024131e-05 1.51999148493e-05
4.13427939465e-06 0.000261926395294 0.000643972190449 0.000765602777175 0.000573618780205  0.00071664141095  0.00134484753148  0.00169830865824  0.00156392802588  0.00110271857755 0.000703000376705 6.47947398079e-05 2.08008424508e-05   2.168250039e-05 2.07324852494e-05 1.99930551766e-05 1.72684657457e-05  1.7957828248e-05 1.77350613228e-05   1.580189281e-05 1.44000738703e-05 1.47846630061e-05 1.44307956606e-05 1.49033142561e-05 1.49044465377e-05 1.50212648221e-05 1.51996518979e-05 1.53244877658e-05 1.53188575496e-05
2.34498533578e-06 0.000256798545669 0.000644302980928 0.000741556648202 0.000557314547412 0.000796747702279  0.00141321554197  0.00173519873125  0.00158948803452  0.00112197215877 0.000712926774168 0.000483164422878 1.83294637221e-05 1.87254006004e-05 1.80810778346e-05 1.76312224308e-05 1.73247452018e-05 1.63373887651e-05  1.6783239439e-05 1.63147301246e-05 1.54104881253e-05 1.28055693068e-05 1.33109413128e-05 1.29045862649e-05 1.28483960858e-05 1.31130980495e-05 1.38882739422e-05  1.3955134362e-05 1.39476858766e-05
2.01301739942e-06  0.00025760226011 0.000654551243493 0.000762678486847 0.000590708410367 0.000797657854408  0.00139912835237  0.00173006888073   0.0015935954672  0.00112508777866 0.000714334380896 0.000476742162289  2.2038596951e-05 2.19515145071e-05  2.2411187912e-05 1.99520260642e-05 1.89345156697e-05 1.95866340623e-05 1.81048311322e-05 1.59849945125e-05 1.55888937784e-05 1.48578924569e-05 1.41288469833e-05 1.35596309323e-05 1.39488320563e-05 1.32985245897e-05 1.34771097357e-05 1.36035850003e-05 1.35309107869e-05
2.03069837483e-06 0.000256813002252 0.000654888833092  0.00077306473903  0.00061706788301 0.000808421606463   0.0013982236316   0.0017356142944  0.00160906945752  0.00114169894746 0.000724157911917 0.000480325045997 2.22350041787e-05 2.17060975494e-05 2.26358399124e-05 2.13221246107e-05 1.72519412421e-05 1.64538578719e-05 1.66579853716e-05 1.50836042727e-05 1.56938659003e-05 1.64311165974e-05 1.55730252649e-05 1.44322034894e-05  1.4714087467e-05  1.4400420809e-05 1.40684718819e-05 1.40102616233e-05  1.4067201282e-05
2.87987950094e-06   0.0002567397316 0.000654240550646 0.000776336168814 0.000636693470712 0.000825097477203  0.00139641896071  0.00173674276786   0.0016163265385   0.0011506670901 0.000732386334445 0.000478936614876 2.46835977662e-05  2.5642629804e-05 2.32930841344e-05 1.94871869008e-05 1.87184031106e-05 1.95306933904e-05 1.91623428946e-05 1.86217063582e-05 1.70321315393e-05 1.74831267157e-05 1.67182860647e-05 1.58725347649e-05 1.57396967028e-05  1.5407541271e-05 1.50203704834e-05 1.49070013046e-05 1.50208435287e-05
1.93954837453e-06 0.000256567823359 0.000657954416725  0.00078318928936 0.000658126111015 0.000832705649784  0.00138454040187  0.00173388290397  0.00162632334949  0.00116872561023 0.000749480798831 0.000489419313287 1.76323241132e-05 1.84549362322e-05 1.92934133253e-05  2.1636752877e-05 1.89632776864e-05 1.85981774314e-05 1.82151748111e-05 1.87061986854e-05  1.8355430362e-05 1.82017790725e-05 1.78547501754e-05 1.71955590912e-05 1.77420774468e-05 1.65905543086e-05 1.60373119976e-05 1.60960133271e-05 1.59746008036e-05
1.88403692039e-06 0.000257347147294  0.00066395539202 0.000795469753946  0.00068025867229  0.00083270196311  0.00136500300248  0.00172260278351  0.00162802712257  0.00117802039565 0.000760197104363 0.000489041970861 2.05918041759e-05 2.28353670652e-05 2.27281008291e-05 2.12435377454e-05 2.01471634714e-05 1.95375306518e-05  1.9473964923e-05  1.9432622538e-05  1.9223774315e-05 1.96754020546e-05 1.87344756514e-05 1.75228785676e-05 1.78290883636e-05 1.73441323025e-05 1.66354163668e-05 1.65104866028e-05 1.65700912476e-05
1.56103103268e-06 0.000258392431347 0.000666816777101 0.000807117129019 0.000702520276763 0.000833982347519  0.00134195479175  0.00170675511585  0.00162613931579  0.00118504660231 0.000766966348486 0.000489192999916 1.92483488631e-05 2.31734853196e-05 2.28449138038e-05 2.25537627783e-05 1.88961060473e-05 1.74902819882e-05 1.87838165399e-05 1.68966355608e-05 1.63192684514e-05 1.72065573683e-05 1.67156826799e-05 1.57919691425e-05  1.5904230701e-05 1.74588264551e-05 1.69957917841e-05 1.69314964539e-05 1.69281454205e-05
2.61753640508e-06 0.000260267319895 0.000669047811665 0.000817096966998 0.000726181250082 0.000841176312333  0.00132034528428  0.00169226073204  0.00162722118402  0.00119782935856 0.000781480129624 0.000492837493677 9.42254148358e-06  2.5901422539e-05 2.51592019317e-05  2.3073393167e-05  2.0839395131e-05 2.21780945926e-05 2.18873305801e-05 2.22904487486e-05 2.16365681534e-05 2.03423064367e-05 2.05847771095e-05 1.82644779476e-05 1.83251630484e-05 1.77154753435e-05 1.75883197284e-05 1.75849865316e-05 1.76429748535e-05
1.47856662958e-06 0.000260457881508 0.000671393466346 0.000824852194317 0.000752249763439 0.000853917193774  0.00130067364572  0.00167786891538  0.00162926040784  0.00121381623816 0.000799917306587 0.000501812999916  0.00022505631945 2.20155937983e-05 2.40132987054e-05 2.54756389622e-05 2.70484316615e-05  2.5785743655e-05  2.5210902026e-05  2.6614007859e-05 2.50354586159e-05 2.28179939471e-05 2.36916326191e-05 2.44978035798e-05 2.38839909678e-05 2.24456602098e-05 2.08697186253e-05 2.08056285881e-05 2.08021064199e-05
1.34174830631e-06 0.000264916482295 0.000682293387361 0.000849925560038 0.000788722263974 0.000866113115267  0.00127565458811  0.00165283093362  0.00161708189585   0.0012126472045 0.000804508079663 0.000496288399498 0.000335866957089 3.43971293607e-05 3.40656579884e-05 3.22416538729e-05 2.93599315059e-05 2.94802556003e-05 2.83648173056e-05 2.55132945781e-05 2.37843865753e-05 2.27368527116e-05  2.3545041838e-05 2.07425234301e-05 2.30734076021e-05 2.37415156102e-05 2.27192673881e-05 2.25988281161e-05 2.25901652845e-05
1.47041631038e-06 0.000267551538263 0.000685288213816 0.000856918124536 0.000818097395479 0.000892699009701  0.00126729905721  0.00164285153829  0.00162213789379  0.00123519539083 0.000825677109916 0.000509104175565  0.00035049602403 2.11644688743e-05 2.21181474885e-05 2.19678546362e-05 2.07240172769e-05 2.08214869679e-05 2.00461384375e-05  1.8904547121e-05 1.97562256574e-05 2.17497340618e-05  2.2366603242e-05 2.52027581921e-05 2.32274069738e-05 2.40042166944e-05 2.32520003517e-05 2.31950586778e-05 2.31266837834e-05
7.12986686656e-07  0.00027358154911 0.000704346711796 0.000888788807985 0.000850695416097 0.000893926300935  0.00119846992424  0.00156770296582  0.00158610625289  0.00126136685696 0.000842214843898 0.000508291956499  0.00034793781561  2.4581915422e-05 2.48502408031e-05 2.31222427883e-05 2.06979918238e-05 2.03109823828e-05 2.01168159628e-05 1.96889003946e-05 2.03255334528e-05 2.16032973053e-05 2.06617214236e-05 2.31107018148e-05 2.22548929732e-05 2.25540039826e-05  2.2830723565e-05 2.28955602261e-05 2.27689791802e-05
2.12322764319e-06 0.000272139762998 0.000689741243562  0.00086181032539 0.000808587769091 0.000812510232746  0.00108968532929  0.00150415721896  0.00159209076129  0.00131717373894 0.000869990415329 0.000527561112608 0.000349811199627 2.44472761079e-05 2.25371971913e-05 2.14397677339e-05 2.16239673037e-05 2.14577186852e-05 2.29538446646e-05 2.42988370069e-05 2.42727246329e-05 2.16969094279e-05 2.03907132601e-05 1.61468710416e-05 1.87249262769e-05 1.85101994031e-05 1.88984325651e-05 1.90780492629e-05 1.91331141834e-05
1.68207337737e-06 0.000267347239461 0.000674757757475  0.00085368577936 0.000809687513501 0.000795472681898  0.00103554756131   0.0014605387432  0.00157709503353  0.00132183215239 0.000881474265612 0.000530028756851 0.000344666143319  3.0052400301e-05 3.15049313408e-05 3.34992719449e-05 3.17564442366e-05 3.16039999088e-05 3.08437911363e-05 2.77815356675e-05 2.78355645476e-05 2.86368878226e-05 2.94231644239e-05 2.86737721412e-05 2.71025906601e-05 2.60197316457e-05 2.37260601047e-05 2.36034393311e-05 2.36034581456e-05
3.31998938949e-07 0.000268029394393 0.000674682008506 0.000864049018934 0.000832071251589 0.000800341262593 0.000977308470803   0.0013906554797  0.00153871917965  0.00132556035642 0.000907551093763 0.000528123831104  0.00034875976985  2.9735907307e-05 2.88034356526e-05 2.65161003046e-05 2.27017809236e-05 2.32930126395e-05 2.22757159148e-05 2.57795988757e-05 2.48457906209e-05 2.40956890949e-05 2.41123857105e-05  2.3824715412e-05 2.24633806476e-05 2.18528869323e-05 2.14590794049e-05 2.06945103491e-05 2.06982278348e-05
1.67713231548e-05 0.000265064685316 0.000684047052205 0.000807864311284 0.000669263189443  0.00061074135485 0.000731205038007  0.00124833142599  0.00153109525602  0.00137365159264 0.000895848656156 0.000527297927389 0.000346308171224 2.32769614472e-05 3.56021288906e-05 3.13351260531e-05 2.53054009636e-05 2.59719374276e-05 2.71627364994e-05 2.23500976355e-05 2.12571057715e-05 2.09039021322e-05 2.04917840929e-05  1.9833982924e-05  2.0466298728e-05 2.04298778365e-05  1.9431479866e-05 1.93760939822e-05 1.94349762305e-05
6.95067112643e-06  0.00023907656849 0.000593152107699 0.000608495296188  0.00044029481745 0.000488509681258 0.000859153582228  0.00145614432881  0.00172176280032  0.00157915447671 0.000939295714366 0.000516737994402 0.000334007023426  4.7434522479e-05 4.54614338544e-05 3.97558652143e-05 3.24886494671e-05 3.13284785632e-05 2.93075233751e-05 2.27661704118e-05 2.00583190817e-05 2.23524570351e-05 2.08442106531e-05 2.08065463885e-05  2.1324602954e-05 2.09148613291e-05 1.84418410826e-05 1.69608535765e-05 1.69374755158e-05
2.33897452638e-06 0.000231735462517 0.000550368482637 0.000568326617349 0.000494816931576 0.000685973034927  0.00116333717177  0.00176763096725  0.00201081521402  0.00180629073126  0.00103676885134 0.000552459324226 0.000344856318796 0.000242683575658 4.25749848808e-05 4.13534366516e-05 3.38832910284e-05 3.45755140309e-05 3.10197548091e-05 3.21240282276e-05 3.01795715891e-05 2.83305209301e-05  2.7978857702e-05 2.46829492848e-05 2.44387947769e-05 2.37640960475e-05 2.29675382923e-05 2.47525825502e-05 2.55813837605e-05
1.86856433144e-06 0.000237525006489 0.000565894875257 0.000628608982758 0.000576809291612 0.000775609664541  0.00126631271736  0.00184539349098  0.00206472773344  0.00179350937368  0.00101478387365 0.000565331899094 0.000353000232179 0.000249824620608 3.36435034049e-05 3.45456130256e-05 3.32480570929e-05 3.18105031846e-05 3.29836319457e-05 2.99340889105e-05 2.97672094682e-05   2.886914528e-05 2.67463224878e-05 2.36734199656e-05 2.48979988208e-05 2.28697049033e-05 2.03228458685e-05 2.10582670124e-05  2.1516662753e-05
 1.5513965027e-06 0.000251799445256 0.000607482460933 0.000722604996533 0.000696720229524 0.000869823707836   0.0013382402101  0.00189110511578  0.00208695986122  0.00176847173141 0.000997898424821 0.000582263353516 0.000363954689855 0.000256963919077 2.93461663222e-05 3.03444430798e-05 2.89084524217e-05 2.90956762931e-05 2.98037677653e-05  2.8647756583e-05 2.47825798778e-05 2.31054697377e-05  2.5382556797e-05 2.49924770311e-05 2.40414847047e-05 2.56253012247e-05 2.33447889881e-05 2.33034009334e-05 2.33552160495e-05
1.15513058049e-06 0.000268917308168 0.000649107067729  0.00080524262413 0.000825032058426 0.000996824787429  0.00143012479351   0.0019453039213  0.00210981581932  0.00175139372913 0.000981969899245 0.000584688855803  0.00035534921448 0.000241869882403  4.3646948486e-05 4.13594204523e-05 3.75867192419e-05 3.66387435165e-05 3.66535732885e-05 3.33950980378e-05 3.50418825498e-05 3.61354111395e-05 3.55319961867e-05 3.28871328246e-05 3.26640115317e-05 3.23653804278e-05 2.96275857541e-05 3.18273734154e-05 3.11171212963e-05
 8.3276206763e-07 0.000288690055225 0.000697624855158  0.00089349654443 0.000958529483174  0.00114188999791  0.00154186006711  0.00201692088775  0.00214692501424  0.00175008613115 0.000978414677753 0.000600417244195 0.000363380353487 0.000244732831614 4.13539949992e-05 4.13486253457e-05  3.9604898159e-05 3.95714917946e-05 3.88972971491e-05 3.75420820374e-05 3.82587654623e-05 3.84742326237e-05 3.84833991702e-05 3.92599222984e-05 3.84657825785e-05 3.79288971384e-05 4.09612973016e-05 3.71853812553e-05 3.72803378411e-05
9.07255213562e-07 0.000311129942015 0.000744513852248 0.000970796642316  0.00108620518733  0.00129901288832  0.00167700968885  0.00211295566635  0.00220444917213  0.00176355419375 0.000978463607316  0.00062163799496 0.000377859329587 0.000253425811119 3.67755886257e-05  3.5612690312e-05 3.29237438854e-05 3.21900987444e-05 3.21739501208e-05 3.30995948575e-05 3.32030006325e-05 3.36487654058e-05 3.32802715581e-05 3.19585166258e-05 3.14345425661e-05 3.12174205806e-05 3.56725489339e-05 3.60732491818e-05 3.70314003168e-05
3.31544761136e-06 0.000330592087237 0.000795111417189  0.00105216404185  0.00120216292104  0.00143815655199  0.00174067752251   0.0020531227482  0.00204005830893  0.00160018902905  0.00103323647758 0.000628935495637 0.000389388034572 0.000247231678857 3.47069267628e-05 4.00487796372e-05 3.64030823785e-05 3.70113558693e-05 3.63617767839e-05 3.34686349989e-05 3.24454675559e-05 3.50880582414e-05 3.39429775971e-05 3.35797064117e-05 3.39142572181e-05 3.40592956932e-05 3.37343892838e-05 3.40343859116e-05 3.43391173428e-05
1.14505146609e-06 0.000346212713173 0.000813555723741  0.00105443832142  0.00116524048697  0.00132960793442  0.00155219412607  0.00179453696012  0.00182106553469  0.00158342088393  0.00110496462034 0.000654735288737 0.000427359882691 0.000260875526217 9.34778647479e-06 3.39854038328e-05  3.2775242082e-05 3.33926245116e-05 3.33855486828e-05 3.18109778367e-05 3.18095678201e-05 3.34955830699e-05 3.25479702778e-05 3.21426578565e-05  3.2219604854e-05 3.22832892088e-05 3.12548366059e-05 2.84226671991e-05 2.93580709871e-05
1.42681157875e-06 0.000343824564628 0.000784743370963  0.00100104424294  0.00107952444219  0.00121529704726  0.00146432266933  0.00172973757182   0.0018110869317  0.00161523791591  0.00113831187771 0.000670212478461 0.000440411585413 0.000273192743004 0.000197023169706 2.41576506954e-05 2.46096861406e-05 2.56784149482e-05 2.80290049862e-05 3.39087210792e-05 3.47496229214e-05 3.52374151882e-05 3.45823335425e-05 3.49258424616e-05 3.48597785352e-05 3.57632338973e-05 3.22503542799e-05 2.94818485703e-05 2.73185715522e-05
1.04994582138e-05 0.000349190353177  0.00077301389324 0.000990473265702   0.0010788690305  0.00122567829453  0.00150331156755  0.00176099897293  0.00183798251723  0.00163808980851  0.00114957540752 0.000668386875939 0.000440579800814 0.000274724274648 0.000199191017012 2.72486105186e-05 3.34383252468e-05 3.07223821362e-05 3.15941305774e-05 3.02763177787e-05 2.89429538985e-05  2.8752403515e-05 2.90087338942e-05 2.77444095618e-05 2.89482277817e-05 2.84917722649e-05 2.93965770892e-05 3.05394890815e-05 3.26357611029e-05
9.72600111474e-06 0.000358057566036 0.000792106675347  0.00102770892606  0.00114735713333  0.00132177420105  0.00162993005597  0.00187387504762  0.00192009107325  0.00169056908964  0.00116985665234 0.000671555904511 0.000453438555623 0.000280773613873 0.000201549539517 2.09973778868e-05 2.11094080154e-05  2.0589786985e-05 2.23772578827e-05 2.38635711219e-05 2.67033506742e-05 2.78507486351e-05 2.78328801539e-05  3.0173214085e-05 2.92972783339e-05 2.98718334718e-05 3.17714317873e-05 2.86133996938e-05 3.07630421827e-05
9.75317291358e-07 0.000379864577055 0.000827172590642  0.00109001245928  0.00125319667231  0.00146462406584  0.00180168456655  0.00200476706268  0.00197754878715  0.00169986577083  0.00115286819623 0.000657219326814 0.000466100524569  0.00027452022178 0.000192620082102 2.94753252889e-05 2.51881640598e-05 2.54880256855e-05  2.5153195406e-05 2.52902207511e-05 2.19531278269e-05 1.98833592881e-05 2.06285090277e-05 2.31330197272e-05 2.25930696441e-05 2.42837545015e-05 2.59527411945e-05 2.65218274706e-05 2.50345583754e-05
9.03836087156e-07 0.000405463611796 0.000875227428854  0.00116838572749  0.00137717456371  0.00163069719844  0.00201358594142  0.00220628939026  0.00211463056937  0.00177786703699  0.00117332679252 0.000678602171078 0.000484526307001 0.000293968851767 0.000205405565326 2.44866606562e-05 2.32420667599e-05 2.33182367259e-05 2.38173515317e-05 2.43421494346e-05 2.51877585477e-05 2.70394000898e-05 2.65757186395e-05 2.47218527521e-05  2.4357542193e-05 2.48124738232e-05  2.5440502494e-05 2.46404882395e-05 2.56674350685e-05
7.18136677215e-07 0.000436998363576 0.000931573982967  0.00125222683826  0.00151269018424  0.00182431400696  0.00227142579702  0.00244066114579  0.00223560901779  0.00180265413856  0.00116927094594 0.000694120277912 0.000509745973944  0.00031017583207 0.000218295179421 8.03841798626e-06 1.68666203001e-05 1.58769827181e-05 1.75875433015e-05 1.98528713594e-05 2.17642873298e-05 2.26425534692e-05 2.28864761053e-05 2.43696270791e-05 2.48168762966e-05 2.46178773444e-05 2.47427892432e-05 2.53955353939e-05 2.51009916562e-05
8.80005719987e-07 0.000470983721858 0.000996250398596  0.00134918837104  0.00165191115456  0.00200872467596  0.00251736140992  0.00265499027378  0.00229591422864  0.00172230610771  0.00112468128622 0.000730914703113 0.000525584434598 0.000334071710404 0.000238751038423 1.44770969794e-05 7.48033815028e-06 7.70359769647e-06 1.06091663309e-05  1.7335450177e-05 1.86700548977e-05 2.05950436168e-05 2.11055157189e-05 2.34855158933e-05 2.30760490739e-05 2.19817988442e-05 2.15184789362e-05 2.33154036522e-05 2.23867817248e-05
 2.6345024335e-06 0.000504150143382  0.00105450951398  0.00143282636398  0.00177110153575   0.0021766220535  0.00277951907258  0.00291570294653  0.00241019651729  0.00172821952962  0.00108338141663 0.000694186795873 0.000518177312412 0.000323303872242 0.000225283043861  1.5436696963e-05 5.20005556575e-06 6.64793893101e-06 7.32405336562e-06 1.15420531706e-05 1.35303282132e-05 1.64950941132e-05 1.57342785675e-05 1.89168994209e-05 2.04353548874e-05 2.08797599534e-05 2.44608677069e-05 2.69982724034e-05 2.58331689425e-05
1.51920456586e-05 0.000514813482054  0.00108632652528  0.00142732659682  0.00162611999208  0.00192281799212  0.00257662892663  0.00270138623811  0.00211769807171  0.00159038485493  0.00108513867564 0.000612018836803 0.000520503218934 0.000296458324719 0.000202350974414 8.34230289406e-05 1.19191400568e-05  1.1323666821e-05 1.04786529363e-05 1.22278896071e-05 1.29348945875e-05 1.44131130205e-05 1.40952067862e-05 1.58182757102e-05 1.51259704799e-05 1.66396270344e-05 1.44984622852e-05 1.44013999021e-05 1.50419085068e-05
1.55681184591e-05  0.00045820238825 0.000980702273629  0.00124267584645  0.00124758657296  0.00129764695949  0.00161360160134  0.00157983828847  0.00138860111908  0.00144153522958  0.00122978712875 0.000769160224993 0.000635267415115 0.000434161050916 0.000170308653879 0.000122600495718 3.40160698245e-05 3.36192422043e-05  2.9337748865e-05 2.37089603136e-05  2.0625236522e-05 1.89345918949e-05 1.86311954179e-05 1.50679846446e-05 1.44755328461e-05 1.69497482694e-05 1.56789179694e-05 1.55776442636e-05 1.51093071896e-05
1.66912482975e-06  0.00044730094731 0.000781390823339 0.000860971038444 0.000806399916204 0.000757527932863 0.000658422188937 0.000749113028172  0.00113888130082  0.00139915273707  0.00127607333272 0.000797554583127 0.000818881069008 0.000595825079525 0.000196904444472 0.000131793125172 4.03158810145e-05 4.06289088797e-05 4.12620229969e-05 3.43008838763e-05 3.08158355297e-05 2.73963633478e-05 2.72197231927e-05 2.28028911185e-05 2.40597648251e-05 2.30998615958e-05 1.78012504793e-05   1.818298892e-05 1.81654383904e-05
1.21963006717e-06 0.000405714061297 0.000627736986966 0.000603782445057 0.000453247422372 0.000431595787389 0.000334665739616 0.000560583139846  0.00111050894397  0.00140462149925   0.0013029331553 0.000763930919015  0.00084658331183 0.000627123918977 0.000222727389182 0.000153309347465  2.2797513024e-05  2.2866777417e-05 2.27845137992e-05 2.29945148303e-05 2.25309499323e-05 2.24435233193e-05 2.18034949519e-05 2.00587618749e-05  1.9841297612e-05 2.24778274872e-05 1.96165396899e-05 1.91475920598e-05 1.98484585805e-05
1.48265630078e-06 0.000386156622356 0.000601312333874 0.000602490788933 0.000403218097211 0.000311635935149  0.00027363661277 0.000531521670673  0.00111810673302  0.00144202849789  0.00137452602448 0.000756527188877  0.00075701798496 0.000495465228211 0.000250784467924 0.000196157656857 3.04015069442e-05 1.15975556612e-05 1.03273110157e-05 1.54307909728e-05 1.57097042242e-05 1.72181353965e-05 1.66143069281e-05 1.86741991789e-05 2.03256700075e-05 2.20986983683e-05 2.09811101226e-05 2.15572787121e-05 2.04695369819e-05
3.71297718404e-07 0.000386055840982 0.000597950270741 0.000622219727582 0.000459599211168 0.000339820770958 0.000352469763628 0.000650079048125  0.00123638942316  0.00157227446291  0.00147213277644 0.000797700378799 0.000647321547177 0.000508545511909 0.000242290515324 0.000190524122252 5.61403693145e-05 2.36362292062e-05 1.28867736994e-05 1.28272688834e-05 1.19406194787e-05 1.44184424196e-05 1.40414884083e-05 1.76231353377e-05 1.82979039293e-05 1.95609740069e-05 1.75376728642e-05 1.75867605275e-05 1.81391695051e-05
 4.1313768746e-07 0.000391163681117 0.000612353802688  0.00065702505837 0.000535581899209 0.000461755050189 0.000537693750282 0.000872946351541   0.0014432026309   0.0017447902598  0.00159320466444 0.000995816287961 0.000582463546441 0.000702388161427 0.000444816920614 0.000252596926227 7.66441669242e-05 3.84456917056e-05 3.66762834724e-05 2.63808173079e-05 2.44998700522e-05 2.32155309207e-05 2.30788586137e-05 2.25510453602e-05 2.36625607154e-05 2.32238122879e-05 2.41685672216e-05 2.38575176131e-05 2.36685280562e-05
4.70492979598e-07 0.000404292553096 0.000646240991975 0.000723250306252 0.000653994421916  0.00061274441354 0.000689170366894 0.000989246856613  0.00152138172006  0.00181864269874   0.0016758962783  0.00105997008737 0.000565024048949 0.000682779496332 0.000367489785718 0.000224249851482 6.53419151491e-05 2.87966618754e-05 3.01676391295e-05 2.80609914458e-05 2.68433407207e-05  2.5191919156e-05 2.51557729593e-05 2.35032884196e-05 2.11752788481e-05  2.1912328536e-05 1.83649119169e-05 1.90393752405e-05 2.00757577436e-05
5.02341710757e-07 0.000423583376324 0.000696086944737 0.000819957444577 0.000821560870775  0.00084713193981 0.000990793603717  0.00127830604438  0.00173102347897  0.00197148881534    0.001742257196  0.00100511174877 0.000531057189508   0.0005894102044 0.000331531203325 0.000270962366302 6.21739130798e-05 1.42312300567e-05 8.85334657283e-06 6.13117145702e-06 8.92702686831e-06 1.33910626316e-05 1.29719294142e-05 1.78546506858e-05 1.91394031962e-05 1.99659156926e-05 2.18407718027e-05 2.16955226864e-05 2.17748746856e-05
1.00300608039e-06 0.000451830543831 0.000770360599687 0.000954070723523   0.0010390292837  0.00115152860609  0.00138068033999  0.00169984123506  0.00211038726289  0.00228791639022  0.00196371057769   0.0011038122068 0.000434939459342  0.00057577499431 0.000356380590213 0.000380451019912 0.000213928440473 4.07443657201e-05 1.99349247062e-05  6.6786632107e-06 1.09104588675e-06 4.41235435565e-06 4.22741504738e-06 1.20007184192e-05 1.19540009105e-05 1.35502691499e-05 1.74887838771e-05 1.83350901786e-05 1.75294982789e-05
8.33102154517e-06 0.000456676386922 0.000787382710158  0.00105773867808  0.00123268943228  0.00141937338817  0.00170617447567  0.00201626142961  0.00237900542633   0.0025007419696  0.00218398228278  0.00148242953786 0.000610852449754 0.000596311482754 0.000485775736837 0.000104994404771 8.20506885258e-05 6.28521981474e-05 5.52819845813e-05 2.84960855237e-05 2.18966618916e-05 1.84594114956e-05 1.80079037973e-05 1.37319273817e-05 1.35913702816e-05  1.2935890196e-05 1.13261372724e-05 1.19652520169e-05 1.19827667125e-05
3.87112774007e-06 0.000422982467086 0.000675009352869 0.000929349400593  0.00114347535427  0.00137022246322  0.00167361184803  0.00212387616724  0.00269054607841  0.00300998130415  0.00289420451551  0.00223024308543  0.00115076479931 0.000795352018378 0.000766625226808    0.000147641589 7.17853083412e-05 6.76910364264e-05 5.86086822546e-05 4.84414634219e-05 4.08622445114e-05 3.37170079461e-05  3.6060071181e-05 2.64118531908e-05 2.47825798778e-05 2.45887221049e-05 2.18418494271e-05 2.10446604745e-05 2.11020278217e-05
2.22618710749e-06 0.000422103098968 0.000667881442758 0.000906334665078  0.00112613602745  0.00141233012048  0.00181593389428  0.00239844639243  0.00304929889659  0.00339002390084  0.00319309436289   0.0023823537668  0.00112475344328 0.000824739407035 0.000856118954126 0.000158081871474 8.51174853251e-05 5.98932376966e-05 5.58699758904e-05 5.02181955027e-05 4.35945128418e-05 3.74387664263e-05  3.4078668963e-05 3.06870738025e-05 2.96903869957e-05 2.83119553003e-05 2.63294874299e-05 2.58331689425e-05 2.59305552636e-05
 8.3930251935e-06 0.000397931395481 0.000655874867853  0.00095683233184  0.00124636852349  0.00162709854063  0.00213756882142  0.00276604402404  0.00337823436842  0.00361598516141  0.00323361881601  0.00225888223971 0.000875242679307 0.000987471228635 0.000998054696169 0.000143519810202  8.8982300167e-05 5.40667311062e-05 5.38786199928e-05 4.56488725091e-05 3.93916388586e-05 4.05943542006e-05  4.0059476493e-05 3.29774379577e-05  3.3390745972e-05 3.38962344391e-05  3.2846107436e-05 3.12937582964e-05 3.14153233898e-05
8.75086064191e-06 0.000458119499257 0.000700338654411  0.00104202187579  0.00149017649043  0.00195197955513  0.00256198395415  0.00321933162032  0.00374616813164  0.00381368508798  0.00317275285654  0.00198448812387 0.000451635016213  0.00119876014537 0.000981157264084 0.000186235657546 0.000107447660153 4.00494640024e-05 3.96726702701e-05 4.46506923657e-05 4.60810308773e-05 4.22730815783e-05 4.11667953934e-05 4.09418074585e-05 3.95880863232e-05 3.74755435048e-05 3.05401688879e-05 3.31543335669e-05 3.25063973076e-05
3.93716862986e-06 0.000431043164119 0.000672326870339  0.00107348401279  0.00160715977535  0.00219334116536  0.00291212714561  0.00365544608768  0.00415649945286  0.00410907054043  0.00339574602414  0.00225688537938 0.000846619999276 0.000726173148595 0.000833247829336 0.000316982663631 0.000192648607023 5.05148569918e-05 3.54776969035e-05 6.48438544251e-06 5.72235633087e-06 1.96107490366e-05 1.81330968698e-05 2.96985637953e-05 3.05742343472e-05 3.13175333534e-05 3.48533828194e-05 3.36975190023e-05 3.40820569315e-05
2.38126340842e-06 0.000427234334267 0.000657485926927  0.00108317087965  0.00166775013724  0.00231694387883  0.00310799547923  0.00395983071045  0.00449958010294  0.00443323944444  0.00374801800578  0.00262467015169  0.00121789799654  0.00030623832284 0.000519046198831 0.000272616002993 0.000171932845923 3.79800823601e-05 1.85980427123e-05 1.45478152519e-05 8.07180923548e-06 4.66670492436e-06  2.9063376982e-06 1.08488640633e-05 1.04497414231e-05 1.41567697494e-05 2.12952139583e-05 2.03359526761e-05 1.99183493377e-05
3.39151578059e-06 0.000432831154798 0.000681423075045   0.0011534733271  0.00177396154463   0.0024611009376  0.00331647295258  0.00429008788995  0.00492371123319  0.00485924214463  0.00408594441099  0.00288688500969  0.00140872200139 0.000389613565711 0.000272299761709 0.000165806559665 8.91545587262e-05 5.56859180041e-05 5.30138278098e-05 3.57251664812e-05 2.76793832292e-05 2.33972764171e-05 2.33232116274e-05 1.78045618961e-05 1.76626977997e-05 1.69953279816e-05 1.39595888206e-05 1.55852255763e-05 1.55379102985e-05
1.64099506603e-05 0.000452224133979 0.000761213899785   0.0012397224348  0.00175601471336  0.00231813432181  0.00303572942113  0.00399571391161  0.00424350325947  0.00342829191226  0.00239973217427  0.00155548513448 0.000846761991037 0.000559578178055  0.00110357108828 0.000835386876825 0.000249233831014 0.000139904913372 5.78243061937e-05 4.51883235075e-05 4.30349276031e-05 3.76880032228e-05  3.7815897249e-05 3.21879430734e-05 3.16518202303e-05 2.85525068736e-05 2.45270759472e-05 2.24132684444e-05 2.41915246433e-05
1.25610732565e-06 0.000420408996281 0.000628412848363 0.000956861951774  0.00129391066842  0.00164723910918  0.00215587577717  0.00291211215812  0.00319090340228  0.00279009396277   0.0023306503124  0.00178863620856  0.00101269241069 0.000580678938979  0.00161573297298  0.00116060509915 0.000205243871653 0.000140108597955 3.72457080573e-05 4.17739935331e-05 3.65209677525e-05 3.51357121088e-05 3.30280330191e-05 2.93439544305e-05 2.90472826564e-05  2.7477418004e-05 2.83001102156e-05 2.86694352725e-05 2.79994841069e-05
1.88596555759e-06  0.00041830262523 0.000610696083249 0.000876227441649  0.00111793822058  0.00139731031231  0.00187082294453  0.00263177544003  0.00310619353061  0.00301173650459   0.0026392809139   0.0020480910927   0.0011487454364 0.000449934854612  0.00163548398123  0.00123372871233 0.000301837858274  0.00021588980203 4.57055295745e-05 1.27173270333e-05 1.73058881056e-06 8.59755679514e-06 4.63433300128e-06 1.77856766892e-05 1.72446291334e-05 2.08278845081e-05  2.5081239503e-05 2.49177402835e-05 2.48702121318e-05
2.35105694287e-06 0.000426046557841 0.000638956713372 0.000957101529564  0.00126599308288     0.00159915518  0.00211325425073  0.00291095129698  0.00341281904005  0.00328491439825  0.00280641659981  0.00214330302845  0.00123026650035 0.000204420243507    0.001288970563  0.00100258109063 0.000288950394944 0.000212292917174 7.36845668527e-05 4.01344015085e-05 2.94247831233e-05 1.75931668873e-05 1.65221021949e-05 3.28748795519e-06 1.81671984841e-06 1.65288741873e-06 6.44669424273e-06 7.24608704775e-06 7.60560872766e-06
3.69590845004e-06 0.000432101027512 0.000660461985022  0.00103831556285  0.00143109428563  0.00182004490581  0.00234832219957  0.00313540598391  0.00356348641367  0.00335313032281  0.00284422360629  0.00216182916617  0.00128333647691 0.000167033278531   0.0010306853868 0.000855334490897 0.000347969660525  0.00022679655512 8.71906360834e-05 5.97113701038e-05 4.47435993762e-05 3.39815092059e-05 3.47936753246e-05 1.98042711061e-05 1.68251201131e-05 1.37092707583e-05 7.55477116096e-06 5.72470343116e-06 6.26302736124e-06
4.35219827043e-06 0.000432619838936 0.000664295778438  0.00107363588169  0.00151428647735  0.00193865534458  0.00246267834566  0.00318452968295  0.00342376243133   0.0031016269364  0.00260917393005  0.00193790548297  0.00111405854391  0.00015330806517 0.000932122383157 0.000815229289287 0.000380395242173 0.000260127847063 0.000111320962334 5.68354376383e-05 4.82440230462e-05 4.04993385517e-05 3.90224740229e-05 3.33266860341e-05 3.33958393951e-05 3.12364736285e-05 2.71834144633e-05  2.6060661218e-05 2.60491093936e-05
6.30505123919e-06 0.000431597344719 0.000665142594279  0.00103940189275  0.00139020838506  0.00171545109041  0.00213600397278  0.00270048666232  0.00275652380499   0.0022887769946  0.00185449068059  0.00143144221306 0.000862716498123 0.000161989462835   0.0010207601007  0.00112418513005 0.000487232806658 0.000232221746086 0.000104533599268 5.59393993175e-05 5.39640177863e-05  5.2402585415e-05 4.88440334726e-05 4.07926302734e-05 4.18686992513e-05 4.16247021441e-05 3.78613845793e-05 3.69660569456e-05 3.68369996163e-05
1.09607156279e-06 0.000419041587938 0.000615509312606 0.000921272009901  0.00116215473696  0.00137112309796  0.00167206089855  0.00209163709054  0.00215719342721  0.00185033303474  0.00158185997186  0.00128427138792 0.000839357827789 0.000156137888215 0.000986203292138  0.00118129989086 0.000633975077583 0.000316636131353 0.000160336823801  6.6555608804e-05 5.98600770528e-05  5.5280474326e-05 5.43961291978e-05 5.07187634442e-05 5.12223119067e-05 5.09089618069e-05 4.88601622637e-05 4.82341634176e-05 4.81038126136e-05
1.69455774694e-06 0.000417459615133 0.000616082505676 0.000887977035027  0.00104627168136  0.00116314311259  0.00136310764538  0.00166024900384  0.00164524286831  0.00132111729878   0.0011076805039  0.00097091424851 0.000689004735787 0.000273600518127 0.000655509609735 0.000910251135342 0.000614264606592 0.000327031751484 0.000211725317004 4.33262616266e-05 4.60469148297e-05 5.16715743243e-05 4.99501170694e-05 5.33038176445e-05 5.32000170929e-05 5.23549451689e-05  5.2572042167e-05 5.27590021658e-05 5.28723521395e-05
3.98560910916e-06 0.000419780453533 0.000627920587911 0.000855057903432 0.000902827730196 0.000903305715004  0.00101357139205  0.00125150789064  0.00110083178681 0.000563892000878 0.000510925817003 0.000690373070137 0.000634731142384 0.000448225009902 0.000650836504315  0.00107840876284 0.000841328399063 0.000284067320081 0.000166561636652 7.65361556787e-05   2.107645861e-05 8.26894959848e-06 2.57561732731e-06 2.09827028145e-05 2.11157866743e-05 2.33650635167e-05 3.02715943549e-05 3.15330576771e-05   3.153277601e-05
1.24216398413e-06 0.000411938380734 0.000597996338121  0.00077029531622 0.000739364826954 0.000671479499931 0.000710995838015 0.000847386819696 0.000754764603217 0.000478386674217 0.000484780745984 0.000677311210125 0.000648829425051 0.000512668744456 0.000803344682411   0.0013896995247  0.00105076321422 0.000322297608453 0.000187751752315  7.6918879557e-05 2.76046092441e-05 8.64781029734e-06 5.55669475741e-06 2.38586158271e-06 2.44033528518e-06 3.81449353337e-06 8.31213698835e-06 9.23902036194e-06 9.30138073117e-06
9.55660431279e-07 0.000411532803184 0.000596950975295 0.000758817383463 0.000710794658842 0.000620470044928 0.000644912358902 0.000798135230869 0.000700996852315 0.000394088099064 0.000496166088428 0.000716702931351  0.00069771112419 0.000512003627189 0.000735068970199  0.00135091232618  0.00098728108042 0.000298228486056 0.000221450814157 8.34465562132e-05 3.25828669386e-05 1.60731525624e-05 1.02967886431e-05 5.68037268225e-06 5.84993474798e-06 5.21517225149e-06 4.05445782274e-06 3.93492241228e-06 3.93390655518e-06
1.24039384056e-06 0.000413322395401 0.000606729732131 0.000785194227615 0.000757696324361 0.000673661866223 0.000695128800752 0.000855516021192 0.000763431228506 0.000393221457809 0.000422848875603 0.000656768283122 0.000653174046495 0.000453066414735 0.000639729910689  0.00122834346709 0.000933456566623 0.000317783532566 0.000210593579886 4.88095645403e-05 3.06961606131e-05  2.3093954034e-05 2.72491069248e-05 1.74896789504e-05 1.62672913094e-05 1.41864376309e-05 1.27349843001e-05 1.23407616991e-05 1.23382424528e-05
2.06731292785e-06 0.000413526894107 0.000612195845617 0.000800603676853 0.000787092911925 0.000714236718704   0.0007435635225 0.000937571983672 0.000824173968623 0.000341062269671 0.000417628111296 0.000659972038384 0.000662054475448 0.000427908917977 0.000524543494176  0.00104078670461 0.000835249387459  0.00034201188073 0.000240813709266 6.61583070764e-05 3.40477970434e-05 3.53748921868e-05 3.10687174036e-05 2.36443867101e-05 2.33094983248e-05 2.17994362902e-05 1.92563595936e-05 1.82404882275e-05 1.81794716197e-05
2.43491350729e-06 0.000414714026666  0.00061820099869 0.000800865017573 0.000773034579199 0.000692843983197 0.000723557508765 0.000862854549946  0.00073313721849  0.00028219826491 0.000317931088733  0.00064237408817 0.000688496225863 0.000485336551099 0.000460579599343 0.000913223277833 0.000785800585746 0.000353361786329 0.000228028020683 7.77863552714e-05 5.37676051656e-05 4.59907895088e-05 4.51900727725e-05  3.6613026371e-05 3.70414244675e-05 3.46762923981e-05 3.09803168678e-05 3.03988107539e-05 3.04590268954e-05
9.43698834415e-07 0.000409864672203 0.000601149558115 0.000770287578331  0.00073427766951  0.00064367452421 0.000644004376093 0.000752001110505 0.000631966669764 0.000264438928628 0.000402539962119 0.000700422762712 0.000733905106956 0.000475640197046 0.000402629670533 0.000913459107704  0.00084106546791 0.000374676748243 0.000231056007154 9.89170548196e-05 5.25796146649e-05 5.01637648901e-05 4.98890965785e-05 4.44749538994e-05 4.47823305969e-05 4.39876852004e-05 4.19293389858e-05 3.99947416276e-05 4.01736438848e-05
1.30104499312e-06 0.000410323197239 0.000605807026019 0.000769307535435 0.000720056363734 0.000615842803611 0.000613788601941 0.000760910433398 0.000646274596034 0.000219314869527 0.000488748962601 0.000783867672081 0.000827705113726 0.000539500524984 0.000311764074887 0.000865639329309 0.000788071628487  0.00035170308414 0.000298883195241  0.00018359092118 5.68331725804e-05 5.42138751733e-05 5.32607295771e-05 4.95124688427e-05 5.02294604674e-05 5.03598427662e-05 4.79982871232e-05 4.59563503939e-05 4.58362649133e-05
1.11351986776e-06 0.000411289432809 0.000613171583301 0.000786837949687 0.000747917579356 0.000648328394656 0.000635222000695 0.000705433517293 0.000618009761934 0.000496752173048 0.000636770796759 0.000901938248285 0.000923830040126  0.00058817388085 0.000274042535493 0.000882622781167 0.000881850517465 0.000410581129968 0.000316785952075 0.000206057133008 5.39786718926e-05 5.16571916447e-05  4.9072327032e-05 4.98960682135e-05 5.29869389141e-05 5.36448839592e-05 5.18672841177e-05 4.95385243557e-05 4.91290922992e-05
9.07998203879e-07 0.000410538834617 0.000607705996027 0.000785723033668 0.000774659059338 0.000701420863605 0.000696670045123 0.000790871367012 0.000813007595256 0.000707492683822 0.000832305570909  0.00105070592604  0.00104898476663 0.000671118044303 0.000286018561982 0.000931435429702  0.00108475153614 0.000534597789677 0.000271194452774 0.000222749758411 8.46875565571e-05 5.66356912009e-05 5.36094845554e-05 5.22040081157e-05 5.08169207784e-05 4.87878217531e-05 4.14511228534e-05 4.22275272879e-05 4.42147962035e-05
8.86695281528e-07 0.000412982483254 0.000621362015399 0.000831669837204 0.000862420084176 0.000819466835033 0.000833668934463  0.00091133762335 0.000989582344716  0.00100605703467  0.00101389841695  0.00115496845521   0.0011292114779 0.000724051837103 0.000243651007806 0.000919897734029  0.00107071436605  0.00054022300224 0.000268200305905 0.000211290256867 9.46182900896e-05  5.9988042342e-05 5.73586575269e-05 5.20171023245e-05 4.93700994621e-05 5.29451992278e-05 6.01458122317e-05 5.78421005761e-05 5.59960497834e-05
5.80787769864e-07 0.000412870161766 0.000619388899044 0.000846478929577 0.000921340121078 0.000925940793787 0.000977884324077   0.0010855520739  0.00126864561567  0.00125608286564  0.00119622662786  0.00129370172885  0.00124044613011 0.000805568584796 0.000209677097478 0.000723766807467 0.000924295254234 0.000490649204375 0.000202121743193 0.000172240252818 7.73234501876e-05 4.67550878602e-05  3.3042568121e-05 4.36798864315e-05 4.54270300219e-05 4.36115240494e-05 4.06186111616e-05 4.19621170602e-05 4.24419209202e-05
1.63168389649e-06 0.000415882219504 0.000633992645734 0.000882456890397 0.000981726215112  0.00100848737429  0.00108106332051  0.00120128340437  0.00140887343608  0.00143232069641  0.00130023156304  0.00133820886369  0.00128830352888 0.000859214966473 0.000322242351075 0.000653250381388 0.000807065584863 0.000517116494518 0.000181286889014 0.000134844712101 5.54761889791e-05 3.25351968733e-05 1.39471764331e-05  1.9995653832e-05 1.98229358225e-05 2.30343661246e-05 2.99415057756e-05 2.85345058891e-05 2.93823241128e-05
1.26729409543e-06 0.000414505406087  0.00062769967579 0.000891830308965  0.00102837837712  0.00109423124194  0.00120807157717  0.00137950247368  0.00165568037019   0.0017269386237  0.00161683737946  0.00160390949732  0.00147741051174 0.000964545962712 0.000177689685071 0.000548243286447 0.000587512582308 0.000296360083152 0.000124106741448 0.000143449522869 7.68477950626e-05 4.28300332959e-05 2.16083947277e-05 1.88406371777e-05 1.87862692496e-05 1.91709331374e-05 2.21699283943e-05 2.39216133622e-05  2.3983741821e-05
 1.8867522502e-06 0.000417565245485 0.000644612661759 0.000931422339703  0.00109631867467  0.00119710700068  0.00134793531815  0.00155028882759  0.00186256997758  0.00193818353042   0.0017963692617  0.00177966367289  0.00168799352057  0.00123074614654 0.000541742492935 0.000291338537431 0.000359855972436 0.000189270045104 6.78635859337e-05 7.60804005817e-05 4.19781840825e-05  3.2472332683e-05 2.13503637905e-05 7.76739375454e-06 4.32125967056e-06 4.42664820604e-06 8.92529800665e-06 9.62245873337e-06 8.84426284348e-06
5.32431915326e-06 0.000421273282921 0.000662846195141 0.000943605697274  0.00107201873995  0.00112141487899  0.00120759280186  0.00133006488271  0.00160930547745   0.0015067059635  0.00111931462023  0.00117934779896  0.00130493795825  0.00110649121973 0.000671518538521 0.000405277378311 0.000702887111294 0.000429469296235 8.47058447361e-05 0.000117421848537 7.38236496648e-05 3.39458152111e-05 1.94453759106e-05  9.0301651567e-06 9.06756167407e-06 6.96660760816e-06 2.30943963123e-06  3.0392524681e-07 1.71201307968e-07
1.80766383648e-06 0.000411490721224 0.000626864711415 0.000842367042711 0.000865754272314 0.000810846467619 0.000816674466089 0.000904974740217  0.00109501994514 0.000864894791209 0.000453095244026 0.000794303249714  0.00105432339318 0.000957770075258 0.000598211328329 0.000490060731286  0.00095731456899 0.000700709474124 0.000145255540382 0.000136497432224 9.31930269172e-05 4.27690457809e-05 1.94235250068e-05 1.06637773612e-05 9.53860562735e-06  9.8684958027e-06 8.46160309559e-06 8.04675122006e-06  8.0477307587e-06
1.58486254936e-06 0.000404415832655 0.000602352904613 0.000757539561183 0.000694659186315  0.00059124261769 0.000589166443591 0.000682114653073 0.000788228835615 0.000549332650929 0.000285764287463 0.000718632425973 0.000987316269109 0.000902244201647 0.000549931215354 0.000515998351382   0.0011012207276   0.0007603725179 0.000190841800563 0.000164180599281 0.000121252587635  4.9542079953e-05 2.62980968224e-05 9.29480160783e-06 5.36151979886e-06 3.38554907013e-06 5.75578448648e-07 1.01327896118e-06 1.07989734006e-06
1.29744423168e-06 0.000407061238366 0.000612788396357 0.000752391519592 0.000651741439127 0.000512113489533 0.000501945498716 0.000622247025498 0.000731239958509 0.000506867912225 0.000205268571994 0.000649557390254 0.000927945421387 0.000865751811023 0.000538620786488 0.000460902160262 0.000943437102563  0.00075112798519 0.000227959356673 0.000155473359451 0.000130231117859 4.31532066386e-05 2.88200053065e-05 1.85725206203e-05 1.94741473562e-05 1.76939728635e-05 1.46799657529e-05 1.37686810065e-05 1.38889773929e-05
2.55471885114e-06 0.000406946037685 0.000618256367124 0.000758144163475 0.000650717309599  0.00049724932314 0.000499624637084 0.000679908397198 0.000861954837739 0.000644980114524 9.31384720994e-05 0.000476326567229 0.000800554261201 0.000801216936033 0.000567604990998 0.000483385560443 0.000846001936251 0.000857825615418 0.000369948966857 0.000122812426418  0.00011382767466 5.53245682105e-05 3.48701213191e-05 1.96607707477e-05 1.66354163668e-05 1.73414244068e-05 1.72387888058e-05 1.72268315341e-05 1.72265221842e-05
1.10416400667e-06  0.00040490124445 0.000610634909592 0.000747908224423 0.000648528398915 0.000511000677674 0.000518647265925 0.000667716662731 0.000829092064462 0.000624703837772 9.78552484494e-05 0.000451040946336 0.000771524063488 0.000782939268048 0.000556383969332 0.000541740930923 0.000964744414669 0.000992970847156 0.000452047225515  0.00016016810981 0.000116641092792 4.98207409241e-05 3.53699237219e-05 1.96214289985e-05 1.78908345511e-05 1.82428435843e-05 1.76181892973e-05 1.72872031074e-05 1.74051941549e-05
1.24710696946e-06 0.000403825589314 0.000610526843083 0.000750223260042 0.000659410518135 0.000522964556373 0.000508537271654 0.000647228518495 0.000884817906366 0.000697555656583 0.000140022238709 0.000386072822371 0.000721165986572 0.000751585969631 0.000546136601346  0.00051855395014 0.000923675406534   0.0009785108875 0.000473451511415 0.000198018651198 0.000141464036306 4.81413687118e-05 3.75887989837e-05 2.50975193418e-05 2.38475988226e-05 2.39844870889e-05 2.26932552393e-05 2.25323345303e-05 2.23522384906e-05
1.36021489488e-06 0.000404856086082 0.000617117598323 0.000758580357076 0.000666753249864 0.000527247749154 0.000510271621723 0.000626263235654 0.000806827377172 0.000678231051805  0.00017960303648 0.000390064244516 0.000743430767622 0.000777230819233 0.000554853029341 0.000498855399204 0.000944532455154  0.00100352958774 0.000480897329974 0.000240274675227 0.000166543045388 5.36058457977e-05 3.99488819845e-05 3.06533075945e-05   3.032969113e-05 2.65526190925e-05 2.54799224955e-05 2.46174804766e-05 2.47368072733e-05
1.40224458173e-06  0.00040718879256 0.000628690971192 0.000780849945547 0.000695905925197 0.000548866105872 0.000511637253502 0.000621115987762 0.000843370573912 0.000698438388021 0.000171438401259 0.000398711249417 0.000759399679908 0.000796610671479 0.000560589323405 0.000458251913442  0.00089395215266 0.000958618118569 0.000479246476412 0.000257919586078 0.000215823323609 0.000131984297389 5.49566051794e-05 4.20010236589e-05 4.18072943975e-05 3.98636670809e-05 3.76789525584e-05 3.52283148096e-05 3.51712988671e-05
1.13650254162e-06 0.000403426811575 0.000612417747171 0.000751185998573 0.000673011564021 0.000545363901296 0.000513897107448 0.000593155229128 0.000765257088053 0.000622512699368 0.000202997527612 0.000511026595456 0.000867004703655 0.000893952828308 0.000612248803529  0.00038250143488 0.000852247440297 0.000935825833727 0.000459925267148  0.00024024121005 0.000218282622492 0.000158138237079 6.84042048092e-05 5.28966372538e-05 5.38751230524e-05 5.23755466899e-05 5.08901249266e-05 4.75670483433e-05 4.77496079318e-05
7.07238699413e-07 0.000404447813698 0.000622630632014 0.000778331229279 0.000714726227484 0.000588480514015 0.000537828659749  0.00057534867941 0.000706662113625 0.000587220496479 0.000297594801635 0.000611146649012 0.000957910121706 0.000972643678091  0.00066244811794 0.000340410733224 0.000843152912086 0.000974124195614 0.000493999891621 0.000265382807919 0.000244586686086 0.000159913562152 6.69677798432e-05  5.7460981696e-05 5.86867284029e-05 5.89029689457e-05 5.82806340799e-05 5.51974814085e-05 5.52009026349e-05
7.09927728716e-07  0.00040760920925 0.000631593063065 0.000796059599787 0.000749051590774 0.000635153934252 0.000587048666562 0.000618720483444 0.000756545365206 0.000670661361912 0.000505542400536 0.000748900438935  0.00105900626246   0.0010524238842 0.000700535569358 0.000272758590076 0.000841722655362   0.0009709478837 0.000477695451915  0.00025746061354 0.000244429369404 0.000173843715516 8.01469894416e-05 6.51603363563e-05 6.68173717323e-05 6.78541812876e-05 6.62592711975e-05  6.2467722288e-05 6.24074738352e-05
 6.1521978163e-07   0.0004056671405 0.000628990114368 0.000804589792621 0.000782993579918 0.000696241095228 0.000666419408444 0.000695714898325 0.000812753672434 0.000775610706373 0.000626674385722 0.000827389747035  0.00112857327837  0.00112738991109 0.000770719945204 0.000294144227922 0.000697966273848 0.000851300883791 0.000450403535463  0.00023069397787 0.000234857019071 0.000163957817708 6.63381595297e-05 6.59444251286e-05 6.76480962227e-05 7.05425188808e-05 6.70429920588e-05 6.37206984239e-05 6.49419342937e-05
1.29289451259e-06 0.000405852236294 0.000634712020246 0.000817450674661 0.000804639466648 0.000729981037451 0.000714470576053 0.000762111849424  0.00090725556307 0.000863144357479 0.000678121562757 0.000839797102561  0.00116673978139  0.00119891960722 0.000873487471848 0.000363634114552 0.000460316013189 0.000638147948843 0.000410907871502 0.000172635702355 0.000199828986019 0.000117054213814 2.88756674726e-05 3.80742602558e-05 3.29307571156e-05 3.90021918226e-05 5.05945158551e-05 5.16787931653e-05 5.05455668491e-05
1.48092480178e-06  0.00040529207799 0.000634106683458 0.000811352222232 0.000791886966777 0.000714802726799 0.000697677945098  0.00073340594347 0.000836819169324 0.000739941931372 0.000611032590247 0.000959560910009  0.00137481172512  0.00145429955288  0.00115211706934 0.000614941120702 0.000332490891582 0.000468416391575 0.000333576074038 0.000143591171653 0.000138572425947 5.98408372759e-05 3.04548179141e-05 4.63790083272e-06 4.25414451146e-06 1.55036539187e-06 9.12676356063e-06 1.16869190714e-05 1.13915941919e-05
1.08660875658e-06 0.000403876351344 0.000627969694533 0.000798720246451 0.000772973201981 0.000684037448847 0.000643529172809 0.000641058311409 0.000692946613783 0.000690437125365 0.000806795050439  0.00122501186476  0.00164112426593   0.0017101888067  0.00136238931226 0.000693322548883  0.00036728931892 0.000474035228185 0.000300320685878  0.00011582905785 0.000119492894523 5.53153080616e-05 2.98987600578e-05 1.72942064217e-05 1.66977667728e-05 1.43088705874e-05 1.03773723568e-05 9.53675480559e-06  9.4780756529e-06
1.03830837499e-06 0.000405018612593 0.000632163433568 0.000814365670982 0.000811550375669 0.000741846957861 0.000716503350115 0.000725420035349 0.000798344589508 0.000913514119943  0.00110319328651    0.001470182014  0.00185215736058  0.00189454269573  0.00150992109397 0.000751766304226 0.000332640912211 0.000402973854922 0.000209122962508 9.94182525494e-05  9.8743014315e-05 5.35451610383e-05 2.47461926333e-05 1.58375119188e-05 1.72349757495e-05 1.78791084419e-05 1.58595684434e-05 1.54984183137e-05 1.54384731656e-05
2.33944218932e-06 0.000410867684187 0.000656016115784 0.000865554614944 0.000896370540001 0.000855499970229 0.000854112002875 0.000878446600604  0.00097612785615  0.00117189248372  0.00107389060381 0.000966923327217  0.00117988350166  0.00123004330117  0.00095694798394 0.000478221524866 0.000396295461696 0.000492538695499 0.000289540147379 0.000137002911082 0.000121249939662 7.30708448531e-05 5.44421362263e-05 2.14565550571e-05 1.41955519307e-05  1.2159794926e-05 1.34785677549e-05  1.3709465117e-05 1.36516758738e-05
4.99982320658e-06 0.000410454679707  0.00066210345462 0.000853689280503 0.000828632149829 0.000724913183637 0.000687814290389 0.000764383125279  0.00101082206604  0.00125739207248 0.000959777302052 0.000244663519632 0.000395822683727 0.000698366947186 0.000703219304766 0.000573532497196 0.000533377099732  0.00085123795419 0.000573850026601  0.00018601058965 0.000164879349985 0.000110000363134 9.05013128579e-05 2.65661804751e-05 1.53133557647e-05 9.77562739336e-06 4.39622137894e-06 3.45735841604e-06 3.33869154188e-06
2.02941560383e-06  0.00039781174109 0.000614034350773 0.000736215580838 0.000640434469363   0.0005304904424 0.000553894412818 0.000696725532294  0.00089290891961 0.000962096525457 0.000684715092927 0.000328029554463 0.000604748111289 0.000844456096072 0.000789257933299 0.000536742414127 0.000479376834507 0.000785865504754 0.000614389538615 0.000216109686904 0.000126679824954 9.88144738481e-05 8.52986686111e-05 4.15391149745e-05 1.78285652862e-05 1.24889244664e-05 1.25812490354e-05 1.24135527261e-05 1.24579500361e-05
2.30733446197e-06 0.000396812892551 0.000599733929114 0.000669441710052 0.000505713503323 0.000361201135085 0.000424951100486 0.000620867037615 0.000848848175169 0.000987400659544 0.000770267286423  0.00039904311926 0.000587799065438 0.000819106579866 0.000791481296433 0.000582379383034 0.000521474685306 0.000821704034924 0.000782601971913  0.00032014465921 6.23524095425e-05 4.28324041922e-05 2.67248654503e-05 1.29882558253e-05 1.19760939289e-05 9.96094421559e-06 5.65476980174e-06 4.70008230298e-06 4.59016236279e-06
1.34462746114e-06  0.00039965983844 0.000608355957526  0.00068126944651 0.000493652740641 0.000287255580782 0.000356010097807 0.000599845755865 0.000860367207212  0.00105065970132 0.000835097251842 0.000430085074144 0.000557474954149 0.000773390274202 0.000755055694875 0.000569250967726 0.000552564656827 0.000902522156777 0.000910288347106 0.000371591284036  8.9421473936e-05 5.62202695734e-05  3.7607180213e-05 1.81113811436e-05 1.77624903744e-05 1.67668194182e-05 1.52608916694e-05 1.49611294582e-05 1.49626654677e-05
1.58538926112e-06 0.000398810371223  0.00060510984782 0.000681267889416 0.000505758940148 0.000293547572391 0.000313193314004 0.000530073139697 0.000765081186811 0.000949822493706 0.000740410118309  0.00031164525855  0.00058198688791 0.000852248698221  0.00085020067036 0.000647182614662 0.000574180925333 0.000943951944899 0.000957125783657 0.000418704089616 0.000131219819787 8.04092670509e-05 5.03150176542e-05 1.09426480601e-05 8.47266952992e-06 9.05407110658e-06 1.02556802134e-05 1.04904280637e-05 1.04340586551e-05
