0.000309076062083 0.000551985301931 0.000567747461488  0.00206528559969  0.00352109462343   0.0044598664137  0.00465009085712  0.00425993130104  0.00332742179706  0.00298695994624  0.00292598301749  0.00300254378455  0.00318926020014  0.00317834709181  0.00321452139507  0.00329301586565  0.00343530210193  0.00342967117161  0.00345682763957  0.00352891935976  0.00355980638671  0.00359514564107  0.00359956231515  0.00364090047268  0.00364505069326  0.00365623510991  0.00368277483118  0.00368545137289  0.00368142739913
0.000181024513506 3.82071048875e-05  0.00121371142269  0.00289553542862  0.00409448351371  0.00480717462211  0.00488113374373  0.00443894996996  0.00345568999711  0.00260338529225  0.00235997054272  0.00243567580992  0.00263232753602  0.00261837937256  0.00266422560591  0.00277174649027   0.0029584570891  0.00296444050737  0.00299626485387  0.00312830521971  0.00320229608211  0.00326454188961  0.00326362598587     0.00338491293  0.00338744429897  0.00340741041467  0.00346650461711  0.00347388828939  0.00347889378193
0.000247748676439 0.000450665722835  0.00180927251816  0.00298834144409  0.00372386009594  0.00409813152056  0.00406704129861  0.00374894574727  0.00309179075873  0.00227523028169  0.00168513894014  0.00173464455099  0.00185566895977   0.0018457992734  0.00186899493008  0.00191319846593   0.0020067055113  0.00199922271603  0.00201890298965  0.00208367430117  0.00211386417106  0.00214224559436  0.00214620596074  0.00218954846494  0.00218064821814  0.00219037276768  0.00220921810436  0.00220953066833  0.00221583407192
0.000187789943515 0.000669266580456    0.001406587074   0.0016524644305  0.00167990631514  0.00159428040247  0.00141207211955  0.00115807346594 0.000816599200488 0.000385708271789 0.000251611467358 0.000745898064882  0.00101439803396  0.00102218445918  0.00103769201072   0.0010439530389  0.00103609702222   0.0010501823603  0.00105946954394  0.00107765865581  0.00107914988958  0.00107593026951  0.00105730180597  0.00105875651815  0.00107377053866  0.00105599924917  0.00106544665532  0.00107008976106   0.0010699586402
0.000190211287866   0.0023851568151  0.00259889134078 0.000629990763235 0.000457221011687  0.00104484693882   0.0014228758479  0.00166991914156   0.0018082547082  0.00186470131369   0.0018420315201  0.00171601236838  0.00163962001923  0.00167601989226  0.00169868183404  0.00172700418807  0.00176175045539  0.00177152017963  0.00177417793063  0.00177727434122  0.00178605954269  0.00180958658019   0.0018053011656  0.00180482635665  0.00179471233717  0.00181513439158  0.00183656805495  0.00183049064405  0.00181852120691
0.000188361312992 0.000560507303705  0.00112627152288   0.0014275365013 0.000768428652616 0.000346186231642  0.00112224047147  0.00174144555188  0.00213003944701  0.00230351049398  0.00229513187924  0.00207976119126  0.00193720261431  0.00196173329352  0.00198138249265  0.00199906536616  0.00201662081433  0.00200840776627  0.00201234849601  0.00200957818331  0.00201387969599  0.00200337921433  0.00202595065416  0.00204226567121  0.00203924430361   0.0020414935418  0.00202490677429  0.00202822231902  0.00204110979446
0.000189806649784 0.000354997015948 0.000886674820013 0.000955720132568  0.00071083501911 0.000330308896503 0.000424716724004 0.000838927320181  0.00118985385064  0.00146545902112  0.00167298545479  0.00196076594735  0.00217506398601  0.00219442784512  0.00220981287085  0.00221912423955   0.0022296442126  0.00223490505733  0.00225127116932  0.00227278348122    0.002278566442  0.00228390701184    0.002280953272   0.0022786797669  0.00228229324883   0.0022771684827  0.00228454051199  0.00228329386098  0.00228889795228
 0.00026735007276 0.000597781633888   0.0010040246256 0.000153739447762 0.000594335521453 0.000944945481214  0.00114242593437  0.00134866719281  0.00157592963674  0.00181750215128  0.00204437540017  0.00224632612684  0.00235688911182  0.00237339249858  0.00238058758402  0.00238559106257  0.00238403239929  0.00238988842201  0.00238896581049  0.00238498439822  0.00238605986616  0.00239590073377  0.00237674768172  0.00238967452005  0.00238792767376  0.00238645655151  0.00238164428022  0.00238921296074  0.00237178377451
0.000234631571015 0.000167338858793   0.0011617262829  0.00158721606769 0.000926050904267 0.000282237031989 0.000896554992585  0.00144276002537  0.00180329101976  0.00206711681419  0.00227310956901  0.00248186747397  0.00263074278391  0.00263826748698  0.00264503127883  0.00265421793578  0.00265868306403  0.00265950084467  0.00267042380824  0.00266959904696  0.00266162333087  0.00264711340262  0.00265063439166  0.00265789651159  0.00266952415024  0.00267310563714  0.00268643734799  0.00268254988062  0.00269635494373
0.000253233631323 0.000337761312464  0.00193092894562 0.000997546448897 0.000593582609037  0.00091556990041  0.00101810123064  0.00123798183431  0.00155277564351  0.00192563379507  0.00231423126088  0.00273307360791  0.00297382321809  0.00298509916744  0.00299503653883   0.0029933449865  0.00299185169798  0.00299254117326   0.0029789474857  0.00297715512041  0.00297964206907  0.00297559586142  0.00297597890819  0.00297200613528  0.00296680871838  0.00296025744888   0.0029458228826  0.00294340992638  0.00293627040298
0.000292836473204  0.00173127220447  0.00262706658885  0.00347178663832  0.00426739300756  0.00362052461017  0.00275047277984  0.00212238237044  0.00200429523029    0.002286678175   0.0027771574463  0.00335383898906  0.00377754164027  0.00393387698723  0.00394283975426  0.00394353232555  0.00392846266866  0.00393168471623  0.00392930972223  0.00390776293644  0.00389914766288  0.00388859804064  0.00388513815429  0.00387236147175  0.00388617921446  0.00388698379754  0.00387330133009  0.00386695615857  0.00386926454717
0.000237223142102 0.000933929156808  0.00307174206665  0.00403101387683  0.00372932722838  0.00336235167856   0.0030677249915  0.00294887838831  0.00296191104097  0.00314132749957  0.00339230635376  0.00373088564333  0.00404534939572  0.00413142452802  0.00415767531616  0.00419972101541  0.00427454303493  0.00427288929657  0.00428383069043  0.00433758305482  0.00435315745842  0.00438745999255  0.00438562097841  0.00439355485635   0.0043978392105  0.00441338346036  0.00442830906989  0.00442938331487  0.00440804378434
0.000347167108051 0.000613746955239  0.00408367414398  0.00442742884116  0.00236040586307  0.00179200974944  0.00279165371225  0.00378108729034  0.00445298875038  0.00476718098912  0.00481575182091  0.00468176445084  0.00439748761301  0.00424261908824    0.004248115617  0.00424067267664  0.00420709709642  0.00420548140303  0.00420910606331  0.00419641889322  0.00420525105021  0.00418400516004  0.00419094340342  0.00418968380697  0.00417882129361  0.00417264148183  0.00415801979782  0.00415483262678  0.00417420068431
0.000281185191851  0.00158426547105  0.00653510100866    0.007405529857  0.00606259174168  0.00520071768069  0.00445937967887  0.00394898361796  0.00371019188309  0.00369476169388  0.00380120071873  0.00395066783328  0.00414128198547  0.00425787200855  0.00425370618024  0.00425761751458  0.00426581647246  0.00427583058371  0.00427825878042  0.00428168440531  0.00427884548629  0.00429003631224  0.00427733663721  0.00430260483318  0.00430738083688  0.00430740767252   0.0043199696661  0.00432518468479  0.00434282333946
0.000288040953444  0.00060235798731  0.00280158826965  0.00214226349534   0.0020736016749  0.00302467349486  0.00388502357378  0.00451552777565  0.00482759178991  0.00492687307196  0.00491824113311   0.0049218778143  0.00497132208159  0.00499074686706  0.00500342343887  0.00502499562863  0.00504040945339  0.00503660378889  0.00503338853374  0.00502782064082  0.00502653414599  0.00501930888226  0.00501715459628  0.00500517306622  0.00501154652821  0.00500673455308  0.00502289216287  0.00502722741709  0.00500753565414
0.000589261400403 0.000777089256119  0.00242143553118  0.00299923187814  0.00265196063097  0.00287805517094  0.00327054620163  0.00371972148884  0.00414800094014  0.00451163776655  0.00473571202911   0.0048073471431  0.00469403923708  0.00459110364634  0.00459721451404  0.00459659483041  0.00461884776511  0.00462752703938  0.00463120817919  0.00465294819709  0.00467666045025  0.00468569812453    0.004695467458  0.00470639228476  0.00470042639602  0.00470980612247  0.00470710264596   0.0047123099223  0.00471460255024
0.000160386514891  0.00144701871506  0.00460810503665  0.00400972729191  0.00437790099014  0.00412139641117  0.00369749059849  0.00329905327971  0.00338069361012  0.00367481786281  0.00406940211374  0.00442037774513   0.0048540505083  0.00516651286667  0.00516002192314  0.00512952610124  0.00506848188559  0.00505602253946  0.00506535292978  0.00503075843968   0.0049871308512  0.00496710429223  0.00497658531627  0.00495334550813    0.004957526443  0.00496197634966   0.0049547626055  0.00495567758287  0.00494784824545
0.000206192786324  0.00105636177296   0.0030812016742  0.00418746648703  0.00466627615008  0.00515578198827  0.00498291333437  0.00476955251764  0.00465094400844  0.00466201086891  0.00473746133192  0.00500896860606  0.00551236245073  0.00603289876861  0.00623373715383  0.00624493711062  0.00626711234415  0.00628123623979  0.00626294863022  0.00626835680064  0.00629586671616  0.00630527575351  0.00630551351912  0.00630755004482  0.00631015477572  0.00631040167667  0.00631214208702  0.00631626653389   0.0063341964275
0.000167251115499 0.000945250041122  0.00289131211404  0.00457522905261  0.00601588120614  0.00652523700374  0.00661140250768  0.00679930845087  0.00691801111936  0.00692521131674  0.00682729424552  0.00674090076816  0.00673399219737  0.00657349995049  0.00647927338002  0.00652974938701  0.00662667271063  0.00662438974288  0.00666413963912  0.00674204412969  0.00677457462515  0.00681595978841  0.00681115037449  0.00688886139741  0.00689014668474  0.00690337534775  0.00694559828464  0.00694390512358  0.00693952859604
0.000216474473761 0.000674413739769  0.00158428737221  0.00288153085218  0.00384045246551  0.00482154298684  0.00605150074152  0.00693012540897  0.00742803050807  0.00763335272374  0.00756771731596  0.00727725782184  0.00673421212635  0.00628543865991  0.00618826356244  0.00617945479058  0.00616393958839  0.00616739605336  0.00615879064072  0.00615039074911  0.00615040050491  0.00614670947502  0.00616531890065  0.00615519764752  0.00616468640271  0.00615329085455  0.00614752348683  0.00616405007991   0.0061771854127
0.000173860420949 0.000815691345224  0.00219764474199  0.00327930416173   0.0039172275793   0.0041455193673  0.00451457194572  0.00494772324779  0.00530317109912  0.00556122154821  0.00571222689399  0.00580805110054  0.00587874504992  0.00590806176618  0.00591560020979  0.00591871514481  0.00593142395095  0.00593884265676  0.00595127718843  0.00595421540958  0.00595541995419  0.00596457128881  0.00596988149982  0.00595443843505  0.00596280837563  0.00598326032504  0.00597595766203  0.00596744395744  0.00596579680446
0.00019705429412 0.00128921051258 0.00370834132183  0.0067140619049 0.00769815334945 0.00631182953585  0.0055830274496 0.00521215377192 0.00511297276745 0.00509718686491 0.00521348028828 0.00534254709996 0.00551310175498 0.00580632757728 0.00587615791876 0.00583303776568 0.00575820510837 0.00576506192645 0.00575279950857 0.00571215445706 0.00568693886487 0.00568282576759 0.00568770088773  0.0056564596094 0.00565728185991 0.00565687322959  0.0056574691305  0.0056639106654 0.00567335489624
0.000179830022833 0.000711311625359  0.00217131009378  0.00351919515581   0.0044012716815  0.00474350509431  0.00506474368526   0.0053711173806  0.00557428385325  0.00574435620803   0.0058680045302  0.00603422559258  0.00626817426984  0.00642820516039  0.00649023072862  0.00650669247509  0.00655453300501  0.00654696963813  0.00656973370473  0.00660688294123  0.00662643950761  0.00665017013422  0.00665266633178  0.00669068216809  0.00670104570703  0.00670096209632  0.00671347544596  0.00672427196873  0.00673294586765
0.000204262328618  0.00057855757818  0.00193383767717  0.00344616011567  0.00435607409782  0.00481995967339  0.00516759583337  0.00555792582758  0.00589778817982  0.00619915563863  0.00640466001438    0.006560643039    0.006672031214  0.00665832851928  0.00663202649082  0.00665014300705  0.00668729083049   0.0066908452563  0.00669573747098  0.00673321887007  0.00676018044172  0.00675753024277   0.0067678822864  0.00678482751938  0.00679872718396  0.00681276504619  0.00681905183311  0.00682542447681  0.00683427819939
0.000185875338788 0.000677619701316    0.002061524697  0.00314755177767  0.00386600398495  0.00449599215148   0.0056318377882  0.00637104659143  0.00661711680278  0.00666557803373  0.00665922352096  0.00668769696749   0.0067404260708  0.00677361020342  0.00680226870976  0.00680819136239  0.00682315969568  0.00682319354255  0.00683392807697  0.00684385754553  0.00685541961827  0.00686897853747  0.00687584497682  0.00689025172184  0.00688513203163  0.00689527704131  0.00690703094877  0.00691494485333  0.00690679492176
0.000193577278808 0.000665736763712  0.00211701481113  0.00360172118805  0.00478731536254  0.00491602688463  0.00464991149114  0.00485291871806   0.0051383824956  0.00545547348317  0.00574027727067  0.00595501525834   0.0060784375177   0.0060941490515  0.00609553305645   0.0061145044739   0.0061404285359   0.0061544316824  0.00616716542456  0.00618568964693  0.00619788581015  0.00620970985552  0.00622029772592  0.00624747490462  0.00626390666532  0.00627152157206  0.00628742238542  0.00629298355009   0.0063080067235
0.000177257446256  0.00065004180649   0.0021210326716  0.00329456696265  0.00398431239326  0.00412734045941  0.00453309092758  0.00504291080783  0.00537937267401  0.00555083106945  0.00564658492228  0.00572800504415  0.00581174694716  0.00594222792489  0.00601265760577  0.00601376866534  0.00599205844034  0.00600101313322  0.00600602141763  0.00599800137988  0.00600400717681  0.00600386492353  0.00601415775192   0.0060027248314  0.00600770727689  0.00601369327715  0.00601482233181  0.00602162655995  0.00603410317847
0.000193492499428 0.000665697580879  0.00197659381834  0.00295191884601  0.00351715391931  0.00375252115031  0.00379141082624  0.00400305167728  0.00421702442189  0.00445715283354  0.00468016668972  0.00492360681561  0.00516195319582  0.00527499273442  0.00532796350912   0.0053657921322  0.00544433378162  0.00546237562123  0.00548624664904  0.00554070158194  0.00556935672064  0.00560771016064  0.00562600152233  0.00566360453967  0.00567929439406  0.00569472627784   0.0057091697577  0.00572524792581  0.00571496793459
0.000215638851702 0.000545121558158  0.00158885359445   0.0028263957933   0.0037958583716  0.00409707081324  0.00417914454636  0.00424589540094  0.00432112840178  0.00439619559066  0.00449099636531  0.00458156189346  0.00466617798143  0.00479136821462  0.00485779175265  0.00485258414578  0.00483504874587   0.0048462828971  0.00485677959999  0.00485277486712  0.00485428261235  0.00486252897049  0.00487494188448  0.00487798278791   0.0048985711145  0.00490996827002  0.00491427942988  0.00492475730973  0.00495097013188
0.000215210098982 0.000588037976122  0.00173832297968  0.00267980369244  0.00333498542107  0.00364960283565  0.00395257312735  0.00421066568092  0.00440722619748  0.00455184082313  0.00465811087517   0.0047418143883  0.00481012103356  0.00487366255143  0.00495805222844  0.00497525351568  0.00499403993777  0.00501177297338  0.00502814784109  0.00504485963469  0.00507042492491  0.00509126145675  0.00509928388469  0.00512379611053  0.00513255025079  0.00514469302699  0.00516297201773  0.00517295118676   0.0051833541455
0.000192956007431 0.000675232597539  0.00202950461629  0.00312437283544  0.00375045828462  0.00401837446309  0.00423165490261  0.00445270986686  0.00463524420407  0.00480197849991  0.00493071754155  0.00505041533119  0.00516240230497  0.00523437312017  0.00530865344574  0.00536161439359  0.00539312083467  0.00541063474616  0.00543348635685   0.0054678988997  0.00548724308301  0.00550841318823  0.00553403033927  0.00555410751097  0.00556891130164  0.00558723527627  0.00560740505889  0.00561855933824   0.0056294811034
 0.00018707908988 0.000732772070068  0.00224673550672  0.00336548831399  0.00396855687494  0.00430987657739  0.00450949310415  0.00470701848208  0.00488388696558  0.00503577001008  0.00517252696684  0.00528475316167  0.00536735998349  0.00544555957908  0.00550206022365   0.0055278761713  0.00551960352385  0.00553773162028  0.00555420992401   0.0055567100718  0.00557731706382  0.00559116325236  0.00560964402025  0.00561856232027  0.00563495133981  0.00564772624971   0.0056561083241   0.0056723617752  0.00568641285847
0.000198962307375 0.000617074852386  0.00179396939822  0.00283175895824  0.00335223007512  0.00365816940957  0.00392604414167  0.00419911540319  0.00440468072574  0.00459940807265  0.00472960962821  0.00487324856895  0.00503535472112  0.00509752567381  0.00515551195802  0.00521190725507  0.00530065049122   0.0053215154984  0.00535957279264  0.00542683431605  0.00546413531908  0.00550085300657  0.00552641692582  0.00556954743358  0.00559160431532  0.00561663355374  0.00564884694626  0.00565891631199  0.00567185441094
0.000214304928798 0.000625911980732  0.00180969384429  0.00276656910514  0.00319582967657  0.00333504090796  0.00350885298241  0.00371661373257  0.00393858270611  0.00413954564534   0.0043022208451  0.00441457934931  0.00447945344665  0.00451826899598  0.00453382043391  0.00455213606313  0.00456104087627  0.00458481188852  0.00460777704715  0.00462490680189  0.00464619236413  0.00466568369939  0.00468915391215   0.0047090901258  0.00472468678987    0.004743900677  0.00475977529443  0.00478220058429  0.00479872145739
0.000360746434002 0.000345749926422 0.000713516277464 0.000965464822718  0.00104981101425  0.00134740375847  0.00163685863272  0.00199504101802  0.00224857193231  0.00243995586799  0.00251427828579  0.00254900528978  0.00254480929504  0.00238713365939  0.00224577256956  0.00226661960056  0.00241081261126  0.00242449022347  0.00247892100829  0.00256394778902  0.00263641215662  0.00267893455703  0.00270710880652  0.00276992378207  0.00281013516898  0.00283167590369  0.00285471075853   0.0028995789162  0.00291450853004
0.000319325808184 0.000288582953122 0.000568982732732  0.00073114241593 0.000402123603634 0.000490353337703  0.00141492873496  0.00224663749138  0.00286524874839  0.00324467972035  0.00332871478563  0.00312206958549  0.00264705037803  0.00202050051649   0.0018246117988  0.00188259601493  0.00196742603491  0.00198754736457  0.00202587974912  0.00209156881823  0.00212320861022  0.00216039894771  0.00218561067815  0.00221957059051  0.00224265061041  0.00226460296082  0.00229203253484  0.00229059535008   0.0023188419828
2.74277765356e-05 0.000193769128213 0.000300740788495 0.000154893560525  0.00013973791645 0.000649143310097  0.00144320009482  0.00223487952926  0.00284081244061  0.00319156923514  0.00322025854248   0.0029212301277   0.0023745563162  0.00184678638028  0.00176874024074  0.00180365158662  0.00187316854256  0.00189560631715  0.00192812243583  0.00199554168019  0.00202870807524  0.00208504209166  0.00209357524703  0.00216151446283  0.00216327151469  0.00218399570655  0.00222238385335  0.00223034393424  0.00224982056537
8.32058799283e-05 0.000251218946322 0.000455923134315 0.000480141499328 0.000221407228511 0.000751295131362  0.00149454943547  0.00214982825322   0.0025906046073  0.00277769572862  0.00265493357332  0.00227065879146  0.00181821533757  0.00167262243584   0.0016924112823  0.00172942468035  0.00181278854723  0.00184564339287   0.0018711180507  0.00193108143879  0.00196855162118  0.00200307698417  0.00202847578302  0.00207619778979  0.00210689305617  0.00212718126865  0.00216285693794  0.00218649642042  0.00219807402648
0.000138355144315 0.000686715436494 0.000787951030933 0.000820898924233 0.000528206176956 0.000433371837686  0.00119461411872  0.00189432104057  0.00235910543775   0.0025648235646  0.00247825732389  0.00214449500679  0.00176514351165  0.00165593588289  0.00167622547308  0.00171269924211  0.00176280631373  0.00177805630931  0.00181434226694  0.00186317210765  0.00190584031104   0.0019309053446  0.00196450251572  0.00201106137149  0.00202517646449  0.00206020578328  0.00209127962736  0.00211307974254  0.00212045096741
5.51493660922e-05 0.000329320829779 0.000498775992389 0.000553965276609 0.000219802871688 0.000534270323118  0.00132636008979  0.00201144603104  0.00246098739988  0.00261650558262  0.00240850566729  0.00191929264372  0.00163509610689    0.001584571603  0.00159311355243  0.00163959215827  0.00169891262749  0.00172513000843  0.00175765762084  0.00181011811204  0.00184824879134  0.00191127095267  0.00192104135933  0.00196925280052  0.00198584670716  0.00201478085095   0.0020444514328  0.00206347050698  0.00208227828332
7.47576576729e-05 0.000195514938335 0.000384139380764 0.000425014455308 5.53265973123e-05 0.000770951251683  0.00155826924715  0.00220572397261  0.00258827400211  0.00263260357977  0.00229026646989  0.00171585277194  0.00153746604698  0.00152475325322  0.00154333819468  0.00157906180983  0.00163902979506  0.00166264877674  0.00170104444369  0.00175394294849  0.00179463007593  0.00183506753488  0.00185847723085  0.00190532266295  0.00193684630254  0.00195740695178   0.0019918897749  0.00201374617181  0.00203031730644
 4.1621303003e-05 0.000284349351358 0.000417556538209 0.000493269261294   0.0002059839265 0.000660829978105  0.00150016761473  0.00220283534811  0.00262666560762  0.00268544643587  0.00231809426436  0.00170251884329  0.00153546560258  0.00152316987847  0.00152644194518  0.00155534508988  0.00161776701584  0.00164303260923  0.00167756544982  0.00172990388961  0.00177441293867  0.00179961142926  0.00183167685523  0.00187015638692  0.00189000522534  0.00191951673889  0.00194595920714  0.00196870889616  0.00198656266106
9.81659528302e-05 0.000297689166662 0.000780079916357  0.00138702984814  0.00239111478757  0.00356639895401  0.00340345689876  0.00339758521805  0.00338354032308  0.00298550490854  0.00209152942617  0.00154582662416  0.00149220812473  0.00147698991636  0.00149372597242  0.00153175754257  0.00158569449657   0.0016112569573  0.00164657593817  0.00169853198803  0.00173972391211  0.00177157803762     0.00180041837    0.001835714021  0.00185857904283  0.00188383588588  0.00191071730327  0.00193292437596  0.00195385815744
9.86532216734e-05  0.00031073985118 0.000557982647962 0.000713241966337 0.000729607543066 0.000980872634052  0.00155689344891  0.00212445452486  0.00231319394824  0.00213546091361  0.00171040398911  0.00153060696324  0.00151157391389   0.0014993720538  0.00150706061159  0.00152220812082  0.00155998375465  0.00158622967123  0.00161844767669  0.00166018575846  0.00169463142545  0.00172732645111  0.00175552446733  0.00179016883511  0.00181848974321  0.00184592729111   0.0018708489022  0.00189611786524  0.00191798604264
5.17649636293e-05 0.000281066786726 0.000644557456062  0.00102995792202  0.00140222226579  0.00141518155115  0.00141955929704  0.00168463608932  0.00189650336034  0.00189055973975  0.00165183193208  0.00151041228584  0.00148734921028  0.00147455420362  0.00148294574447  0.00150613458919  0.00153193851292  0.00156129102185  0.00159112609037  0.00162543909631  0.00165696351053  0.00169045208314  0.00171777782197  0.00175554665906   0.0017812188622   0.0018075070149   0.0018414342362  0.00186444882051   0.0018855453578
2.27895609523e-05 0.000197004305648 0.000347261977595 0.000447292605802 0.000275341628252  0.00054047776857  0.00136441480307  0.00204751936859  0.00240492292982  0.00228095316269  0.00169480542001  0.00144551348236  0.00142961240234  0.00141367336012  0.00142392683029  0.00145180626145  0.00149519848153  0.00152006854002  0.00155142439578  0.00158875753351  0.00162490729897  0.00165981934164  0.00168843371078  0.00172712385323  0.00175482428596  0.00177917932219  0.00180485754087  0.00182938434162  0.00185103519264
 2.0237661081e-05 0.000227953322817 0.000482848051847 0.000830689400565  0.00106569546653  0.00107404071454  0.00172429069698  0.00251491251741   0.0028483993557  0.00245567503776  0.00166048284894  0.00140760655624  0.00139665152731   0.0013833501041  0.00139182354632  0.00141833424158  0.00145737153135  0.00148479497823  0.00151880755922  0.00155907353358  0.00159628099595  0.00163188124697  0.00166216211218  0.00169551510456  0.00172090727876  0.00174963420687  0.00177646917654  0.00180093658689  0.00182372512118
3.36647016572e-05 0.000177257884398 0.000367619716601 0.000692622742174  0.00125594235598   0.0017378212851  0.00229524235159  0.00281320686252  0.00277051560092  0.00200262102338  0.00150547664782  0.00139948168269  0.00136860854738  0.00135135460268   0.0013599347516  0.00138477959885  0.00142475719101  0.00145236962379  0.00148625744688   0.0015291609401  0.00156542296045  0.00159888026618  0.00162887338231  0.00166521683027   0.0016936334448  0.00172036954108  0.00175002505809  0.00177137246065  0.00179350327346
1.81879016958e-05  0.00013767806083 0.000317915419305 0.000552685618238 0.000987753005133  0.00144670417524  0.00203753407343  0.00260103296369  0.00265339182105  0.00197056712369  0.00151264902862  0.00140011797658  0.00135668108984  0.00133830052314  0.00134306050258  0.00136530223529  0.00140287435297  0.00143015929872  0.00146284125709  0.00150399158322  0.00153931035522   0.0015742870939  0.00160490729911  0.00163935303696  0.00166669247325  0.00169472478416  0.00172227000765  0.00175015954098  0.00177382932733
7.86160215842e-05  0.00036390721965 0.000444144350739 0.000682122061975 0.000915202005982  0.00126494099236  0.00188671066031  0.00248360971641  0.00256150252434  0.00190657596356    0.001478100883  0.00137236317572  0.00133229736641  0.00131349048997  0.00131868109072  0.00133936441721  0.00137327885283  0.00140122277086  0.00143396201924  0.00147251938812  0.00150788632226  0.00154289068492  0.00157498078022   0.0016120214514  0.00163964652355  0.00166967530809  0.00170030583718   0.0017247116834   0.0017481504978
5.80874353156e-06 0.000236334721882 0.000453804806515 0.000748820322087 0.000909369838168  0.00112624031697  0.00172905673593  0.00238832023482  0.00232665260913  0.00174025505637  0.00146376374949  0.00136065190774  0.00131528742224  0.00129522165231   0.0012993053883  0.00131838854298  0.00134794167579  0.00137575325661  0.00140832395367   0.0014457130825  0.00148202559085  0.00151790844033  0.00154863732791  0.00158401216627  0.00161302534735  0.00164120045584  0.00166977924894  0.00169523026337  0.00171970591956
3.98656360132e-05  0.00017548905208 0.000464954529142 0.000743477188705 0.000814967107296  0.00108025307144  0.00174390547123  0.00228902484393  0.00216329309468  0.00169996390159  0.00145000876022  0.00134147033632  0.00129458815437  0.00127369363557  0.00127604350822  0.00129452383353  0.00132584502385  0.00135425669396  0.00138703335478  0.00142466961461  0.00145967525006  0.00149398327085  0.00152565590528  0.00156058020209  0.00159028215337  0.00161928616386  0.00164800737162  0.00167463360086  0.00169890137274
3.35982429082e-05 0.000241714244352 0.000545157834535  0.00071368123769  0.00088273163472   0.0012454238123  0.00200168012962  0.00230302528911  0.00198330669507  0.00166052611111  0.00143869200784   0.0013258038407  0.00127452033365  0.00125226889637  0.00125400298599  0.00127110129723  0.00130016175912  0.00132858434092  0.00136126949509  0.00139761570841  0.00143318781715  0.00146908586634  0.00150119727894  0.00153629953882  0.00156669532289  0.00159586295693  0.00162544123769  0.00165165733132  0.00167664594392
6.07429765775e-06   0.0002464372197  0.00057237963099 0.000799247607862 0.000887301418095  0.00121763609411  0.00196640714296  0.00227207042143  0.00196011169711  0.00164413435471  0.00142181243168  0.00130553073752  0.00125316465916  0.00122948401227  0.00123051915142  0.00124840060747  0.00127774690682  0.00130621580362  0.00133926446058  0.00137668805676  0.00141222804006  0.00144667013731  0.00147932312432  0.00151342504123  0.00154438189977  0.00157416101822  0.00160357710183  0.00163101520781  0.00165624436693
3.56087504199e-05 0.000250566077088 0.000627767751571 0.000952103873247 0.000977061887806  0.00119767411406  0.00195810093903  0.00227809475448  0.00195822224596  0.00164061252197  0.00141156927213  0.00129249719252  0.00123585016519  0.00120988512287  0.00120978116544  0.00122546913351  0.00125330097349  0.00128161759436   0.0013144044054  0.00135072681261  0.00138606418829  0.00142158393855  0.00145462700785  0.00149122168555  0.00152260641425  0.00155293091306  0.00158312145006  0.00161002239749  0.00163585820734
6.63950715938e-05 0.000214270818793 0.000631095853718 0.000883262854723 0.000999636844775  0.00147987186139  0.00203404284321  0.00210622654524  0.00189296670348  0.00161855203357  0.00139424057372  0.00126889181637  0.00121255316068  0.00118658101408  0.00118539109466   0.0012013753447  0.00122878943878  0.00125728536084  0.00129050616201  0.00132764667287  0.00136367557014  0.00139951017188  0.00143331066957  0.00146843289466   0.0014995388709  0.00153045068582   0.0015609932631  0.00158878397818   0.0016149201971
3.32472218855e-05  0.00031799073016 0.000711616289315 0.000964719203847   0.0011329474885   0.0017302322906  0.00219303728973  0.00210480932394  0.00188069025997  0.00161123611891  0.00138494910668  0.00125608937668  0.00119444628323  0.00116552641452  0.00116353871895  0.00117882918011  0.00120694248729  0.00123518297522  0.00126852605534  0.00130642694989  0.00134365009093  0.00137977431551  0.00141347100616  0.00144846569512  0.00148001853852  0.00151060004807  0.00153975321098  0.00156829463283  0.00159486778025
5.69172382605e-05 0.000267237629565 0.000696890387386 0.000921428622043  0.00109034126088  0.00170025292784   0.0021694124653  0.00209793824385  0.00187417274518  0.00160793742826   0.0013777610042  0.00124323863196  0.00117809693607  0.00114757916938  0.00114388009063  0.00115834908048  0.00118478189759  0.00121327308362  0.00124627630084  0.00128329628311  0.00131958093238   0.0013558308169  0.00139003642791   0.0014254668766   0.0014578244202  0.00148939835353  0.00152002304603  0.00154824591094  0.00157509848163
3.54379874996e-06 0.000261064902994 0.000679033123223 0.000892232886889  0.00104244881148  0.00163147465709   0.0021085173363  0.00207347603796  0.00186211670126   0.0016067144451  0.00137456375032  0.00123490283828  0.00116475507195  0.00113238189261  0.00112740575384   0.0011400403565  0.00116462722754    0.001192981444  0.00122573147733  0.00126191110208  0.00129824436729  0.00133462118488  0.00136924074456  0.00140509881993  0.00143737162361   0.0014689975102  0.00150011476024   0.0015289773504  0.00155645987025
1.83285824693e-05 0.000245430816392 0.000655823241679 0.000855314130781 0.000981170180411  0.00154126079396  0.00204434189209  0.00205190549554  0.00184737582383  0.00160644577941   0.0013625133805  0.00121902443792  0.00114597629042  0.00111214392298  0.00110614859711  0.00111789564043   0.0011428431072  0.00117074146458   0.0012036558973  0.00124061009949  0.00127715818803  0.00131374009387  0.00134862252217  0.00138498557976  0.00141791932654  0.00145008363339   0.0014814061503  0.00151075760968  0.00153831514173
3.17988139269e-05 0.000241118850219 0.000672880018665 0.000828733252863 0.000905044177592  0.00137696644163  0.00187441881704  0.00197464498284  0.00182135209499  0.00161504272172  0.00135771528204  0.00120837519242  0.00113230824695  0.00109699305769  0.00108910472309  0.00110057561166  0.00112461015495  0.00115285774563  0.00118548751762  0.00122124859713  0.00125753711537  0.00129371406423  0.00132895526346  0.00136420657092  0.00139748771285  0.00142977482001  0.00146109494793  0.00149045347769  0.00151837501932
 2.2232093941e-05  0.00025229112996 0.000653941419404 0.000834413844978 0.000858509092199  0.00114956108287  0.00162041797289   0.0018631780061  0.00181736423394  0.00164735410131  0.00136218537795  0.00120385450739  0.00111965234934   0.0010807295123  0.00107204403081  0.00108113912828  0.00110303504034  0.00113037273972  0.00116305617377  0.00119963767312  0.00123636744851  0.00127316197912  0.00130863400505  0.00134478612525  0.00137845963709   0.0014110412894  0.00144266068351  0.00147261175366  0.00150107088481
1.85873068336e-05 0.000281892679656 0.000648426992613 0.000825818426598 0.000797132789155  0.00093796241892  0.00138060249876   0.0017167619375  0.00176737228678  0.00165653615213  0.00134874080421  0.00118989197932  0.00110630692603  0.00106665803415  0.00105602904283   0.0010649042658  0.00108648068602  0.00111387041104  0.00114620586816  0.00118157845673  0.00121782034285  0.00125441825302  0.00129020387586  0.00132611414848  0.00136005706391  0.00139296192251  0.00142485612804    0.001455037351  0.00148366322086
4.91783603371e-06 0.000149379034052 0.000537907447566  0.00069884373096 0.000711205496514  0.00118213808463  0.00177518854967  0.00195716445116  0.00184612489312  0.00160385734673  0.00132627606149  0.00117060297304  0.00108815978831  0.00104444525292  0.00103335835904  0.00104247070789  0.00106606454253  0.00109323758111  0.00112593105225  0.00116206593243  0.00119890573302  0.00123557488268  0.00127143600338  0.00130756668899  0.00134175557357  0.00137504961328  0.00140709863663  0.00143756031209  0.00146646389802
1.94068883864e-05 0.000189915767148 0.000562085989736 0.000679119996718 0.000761435038973  0.00131148620873  0.00195298388278  0.00210872940126  0.00193295032006  0.00163229735105  0.00133621178775  0.00116873708706  0.00108085153019  0.00103529846581  0.00102133613198  0.00102821190067  0.00104823242874  0.00107469984031  0.00110682383017  0.00114345038006  0.00118011235118   0.0012170785152  0.00125334362166  0.00128938571139  0.00132392898171  0.00135729623982  0.00138972620087   0.0014205166684  0.00144988061206
 1.8923774525e-05 0.000236579821184 0.000545271262149 0.000670831888949 0.000785878746625  0.00123805929064  0.00190268814483   0.0021179483005  0.00193450980373  0.00163430393404  0.00133648014075  0.00116243028612  0.00106418756258  0.00101689257633  0.00100265363777  0.00100900353363  0.00103025520419  0.00105663930846  0.00108902190563  0.00112575461068  0.00116181434572  0.00119857515242  0.00123482239583  0.00127117227777  0.00130588114124  0.00133973020521  0.00137241465827  0.00140352769832   0.0014332128623
1.55491039721e-05 0.000186122184955 0.000550709699019 0.000665270114791 0.000700295060972  0.00108746579597  0.00180597988083  0.00210785303946  0.00192757179415  0.00163206184184  0.00133323265708  0.00115609664447  0.00105923369501  0.00100811663444 0.000990807988175 0.000994646582351  0.00101213148807   0.0010377328089  0.00106892106413  0.00110342093437  0.00114081377866  0.00117839882199   0.0012150162094  0.00125207603759  0.00128717224499  0.00132130863351  0.00135453086697  0.00138589401494  0.00141601185995
2.47384580869e-05 0.000199979537452 0.000551791947857 0.000677747294755 0.000690906901448  0.00114907294895  0.00183680444922  0.00207177487771  0.00190543128646  0.00162066553427  0.00132943005701  0.00114457286717  0.00104094535503 0.000990612164391 0.000971958282172 0.000975452828151 0.000993030983798  0.00101852768658  0.00104992266699  0.00108504715786  0.00112154443726  0.00115899051137  0.00119592665679  0.00123367126591  0.00126920308767  0.00130356364347  0.00133713697273  0.00136898225689  0.00139923018473
4.30670075857e-05 0.000163338352262 0.000515368532509 0.000634976406754 0.000701534271111  0.00120373389327  0.00182653005095  0.00203494002457  0.00190000394699  0.00161689434671  0.00132447779157  0.00113544751309  0.00102960526575 0.000973108652126 0.000952093180699 0.000954127591415 0.000971953904426 0.000997035963561  0.00102836021823  0.00106452780063  0.00110162676139  0.00113950872434  0.00117640524103    0.001214371254   0.0012499637419   0.0012847708113  0.00131879939916  0.00135088002035  0.00138148942588
2.22184022282e-05 0.000195343427229 0.000513397972494 0.000615744515038 0.000756787838536  0.00134130277588  0.00186136395495  0.00199609031144  0.00190620452767   0.0016198352543  0.00132355214476  0.00112989729753    0.001018483828 0.000960594056062 0.000938431378954 0.000940090650621 0.000957842066001 0.000982269477011  0.00101293506641  0.00104860806494  0.00108507704006  0.00112247646368  0.00115951384662  0.00119687120796  0.00123262748001  0.00126760859767    0.001301430756  0.00133372690525  0.00136449091231
 1.9795991688e-05   0.0001780296974 0.000468125270139 0.000575207866222 0.000744888911117  0.00131713985576  0.00183139546155  0.00198656035947  0.00190252215881  0.00161741459526  0.00132390820764  0.00112226636196  0.00101050198437 0.000948428350293 0.000924263674304 0.000925242309077  0.00094239129803 0.000965307712553 0.000996313290286  0.00103200531944  0.00106846285361  0.00110608796017  0.00114362567669  0.00118097208931  0.00121718978984  0.00125212747676  0.00128554940536  0.00131800355137  0.00134935988131
2.78842748039e-06 0.000145518730652 0.000502348500308 0.000635050610372 0.000733635971594  0.00126956498719  0.00179295033715  0.00198037323935  0.00190183673596  0.00161755885768  0.00132588473754  0.00111920246658  0.00100082913419 0.000936378772052 0.000910148395535 0.000908579994459 0.000924246965577 0.000947093600966 0.000977854910245  0.00101293428797  0.00105043927214  0.00108802954029  0.00112523653454  0.00116293087565  0.00119922559669  0.00123461796926  0.00126931270121  0.00130215073929  0.00133348780478
6.71180377789e-05 0.000311557253306 0.000527573711958 0.000637576462664 0.000761928143687  0.00121543332704  0.00171940565397  0.00196550827534  0.00191148893364  0.00162652644404  0.00133881825525  0.00112566046346 0.000997579368812 0.000931055071946  0.00090150670766 0.000896818809697 0.000908678511012 0.000931175206808 0.000960278755601 0.000995533326528  0.00103168347627  0.00106954344474  0.00110691900011  0.00114541757326  0.00118184038916  0.00121728411906  0.00125221335042  0.00128542756017  0.00131714664689
1.76815381544e-05 0.000147497899638 0.000452671639663 0.000541396611567 0.000667363753758   0.0011287866192  0.00166152609217  0.00195830528718  0.00190732254077    0.001618628842  0.00133560510393  0.00111945582003 0.000988239484441 0.000916608534804 0.000886009915026 0.000882814853979 0.000896087593854 0.000916817924699 0.000946217621405 0.000979665365865  0.00101592854877   0.0010532877958  0.00109061388754  0.00112799286757   0.0011643046863  0.00120026057868  0.00123506815449  0.00126841705867  0.00130034221624
2.20307257095e-05 0.000249498036847 0.000560977521268 0.000690800788497 0.000702675496714  0.00105627624718  0.00156957062911  0.00194253734419  0.00191113853238  0.00161871353359  0.00134473771036   0.0011215388005 0.000985215624382 0.000910959518489 0.000876595424001 0.000867504860141  0.00087625149486 0.000899312351482 0.000927313856641 0.000960414479162 0.000996748937478   0.0010342854961  0.00107203920336  0.00111090338071  0.00114773331549  0.00118377115473  0.00121903608058  0.00125268237004  0.00128485292072
 1.0473469426e-05 0.000144038422672 0.000462864350146 0.000616638749956 0.000693142417729 0.000986987191234  0.00147730991469  0.00194006667848  0.00192478369127  0.00161456449093  0.00134895904513  0.00111507957926 0.000977421832224  0.00090047156174 0.000864871307819 0.000857795956585 0.000867988431087 0.000887180884596 0.000915418598331 0.000947204541251 0.000982874648214  0.00102001449126  0.00105750522689  0.00109479176469  0.00113137567251  0.00116746944787  0.00120270018342  0.00123710015521  0.00126988946803
7.91238734777e-06 0.000165879803087 0.000485889484661 0.000657247594556 0.000780953038241  0.00117304147546  0.00159823558794   0.0018010732528  0.00178374107093  0.00158291037571  0.00132887616812  0.00110143375611 0.000966461107537 0.000886446681517 0.000846352463486 0.000835674866613 0.000845566525309 0.000865516077333 0.000893869006489 0.000928959130059 0.000965827476753  0.00100367543333  0.00104100273589  0.00108025098498  0.00111784235484  0.00115423629062  0.00119020745948  0.00122354178982  0.00125654724943
9.86432229089e-06 0.000181545405307 0.000513093050784 0.000654440969702 0.000819777764023  0.00125759407586  0.00163903732299  0.00175363533789   0.0017581141996  0.00160028024514  0.00134776546392  0.00109792656215 0.000951784863935 0.000868788193364 0.000831039524698 0.000822408684017 0.000833635609929 0.000850934050502 0.000878459382136 0.000914159841865  0.00095043530822 0.000988670340052  0.00102632804792  0.00106536396714  0.00110226760378  0.00113887885861   0.0011747863384  0.00120862595206  0.00124186651031
 2.6839132369e-05 0.000191935668422 0.000520347443349 0.000656030840041    0.000793528125  0.00120460975077  0.00158938005458  0.00172451574505  0.00174924048061  0.00161696356129  0.00136705083756  0.00111065855076 0.000958654031249 0.000872057424708   0.0008294321031 0.000813207755848 0.000817534403325 0.000836372672779 0.000862842520764 0.000895513151572 0.000931585951404 0.000969601381209  0.00100734267491   0.0010480709001  0.00108531131224  0.00112284477617  0.00115954748793  0.00119423342385  0.00122726995362
2.79868995833e-05 0.000252914778734 0.000523350456084 0.000664112136805 0.000769244800849  0.00119129262515  0.00159257134226  0.00171233714652  0.00174074478726  0.00162591912631  0.00138829666143  0.00112461818803 0.000958446709575 0.000867751781624 0.000822074015883  0.00080706438459 0.000813201622046 0.000829629807719  0.00085474599776 0.000884890126009 0.000919352461324 0.000955751625405 0.000993421700269  0.00103119508408  0.00106864910203  0.00110533062462  0.00114060081453  0.00117538916034  0.00120904681245
9.23747057106e-06 0.000105394932507 0.000474189539429  0.00065757870471 0.000779157632452  0.00113952783569  0.00148509996926   0.0016508350281  0.00171958942412  0.00161894895966  0.00136975672943  0.00110385521614 0.000950066069173 0.000856329772141 0.000807783729885 0.000794743111853 0.000798158493732  0.00081445382045 0.000839679563789 0.000870909560303  0.00090563370664 0.000941928380532 0.000979491106867  0.00101764360893  0.00105554687348  0.00109252728089  0.00112967722673  0.00116454092803  0.00119783402014
2.84774620453e-05 0.000317764015575 0.000483886746176 0.000607604195063 0.000762693394298  0.00108900659372  0.00145917543925  0.00174934951617  0.00185576426032  0.00171518469084  0.00141904863192   0.0011269386498 0.000957368323656 0.000859004100121 0.000806685727205 0.000784396638563 0.000789186970366 0.000803977796264 0.000826646696997 0.000856864823232 0.000891032174445 0.000927905744432 0.000965463814887  0.00100339952264  0.00104065994858  0.00107755017035  0.00111452081389  0.00114890597157   0.0011826858059
2.67158253923e-05 0.000195947953459  0.00048571220634 0.000636113965537 0.000594074670451  0.00098097248094  0.00145014653608  0.00174663750783  0.00184812964848   0.0017180479612  0.00142023567662  0.00112404499313  0.00095084741901  0.00085065175955 0.000795230941667 0.000771721609761  0.00076692810127 0.000780632735561 0.000806980112252 0.000839484720389 0.000874237902021 0.000911500130477 0.000949096557196 0.000987565029537  0.00102500957413  0.00106203391421  0.00109712329626  0.00113211240925  0.00116583580425
6.85224995739e-06 0.000172449130173 0.000427861556594 0.000544743235228 0.000670458911017 0.000995309227861  0.00138967238118  0.00169943239737  0.00182744937493  0.00171956430877  0.00143386187261  0.00112827382609 0.000948786936521 0.000843361240174 0.000786021537089 0.000761329404203 0.000758648805748 0.000771769817107 0.000794359109592 0.000824849355241 0.000859256988113 0.000894729747201 0.000932063735686 0.000971168159166  0.00100931437131  0.00104689651017  0.00108391682439  0.00111930056751  0.00115400528976
6.86297679599e-06 0.000116816246301 0.000412705527929 0.000557120266568 0.000604250874512 0.000895739159459  0.00130019727903   0.0016503243556  0.00180613343647  0.00172003021821  0.00144486822331   0.0011328125975 0.000950094675387 0.000837451826502 0.000778185184388 0.000752861269459 0.000752853063933 0.000764988636042 0.000787049559097 0.000816969637311 0.000850751131663 0.000886605968634 0.000924544086583 0.000960714876451 0.000998614536391  0.00103600706373  0.00107103323332   0.0011066752081  0.00114064236914
 1.9302513465e-05  0.00010378902828 0.000365674857624  0.00049073973907 0.000574322912338 0.000862023136132  0.00126162880707   0.0016197861641  0.00179285995176   0.0017321109772  0.00146008858972  0.00114367420206 0.000952890832326 0.000839733203147 0.000776840558427 0.000747162656635 0.000740711938294 0.000750489650426 0.000772199381171 0.000800289987502 0.000832736997454 0.000868171206262 0.000905022033869 0.000943029340134 0.000981178922202  0.00101774698945  0.00105369474355  0.00108895959706  0.00112223735197
1.98504758906e-05 0.000126035525168 0.000395776207869 0.000523996754275 0.000582144421384 0.000823386287148  0.00119748018493  0.00156903601739  0.00176617026069  0.00173416273411   0.0014796123002  0.00115232211522 0.000953017833848 0.000834305475752 0.000768578047798 0.000737304146906 0.000730251352645 0.000739670439282 0.000759224384355 0.000785834084056 0.000817898990628 0.000853792794756  0.00089041666749 0.000929169596352 0.000967198449322  0.00100456988479  0.00104203095264  0.00107870619133  0.00111402915262
3.45208628889e-06 0.000101824591433 0.000359624488277 0.000466363354339 0.000508288596271 0.000693444631206  0.00106857160857  0.00153085381139  0.00178513170547  0.00177468901997  0.00146239249315   0.0011616556096 0.000947124195981   0.0008230590158 0.000756825709795 0.000727405368303 0.000720403855621 0.000728646147777 0.000748944332636  0.00077766517605 0.000810199553917 0.000845111430518 0.000882028322019 0.000919456282178 0.000957050874341 0.000994708919025  0.00103191715679  0.00106783591268  0.00110245200438
1.95894374786e-06 8.67313991563e-05  0.00030784373843 0.000379323601965 0.000495807751792 0.000741469499464  0.00114896033052  0.00161653909163  0.00184137673127  0.00180528732238  0.00143214202704  0.00116444244898 0.000951526198395 0.000822503391646 0.000753005006204 0.000720454553404 0.000710815256334 0.000717711869183 0.000736245290766 0.000762539920163 0.000793889619703 0.000828216157283  0.00086434727628 0.000903442155754 0.000939948098003 0.000978588300852  0.00101689333856  0.00105285913612  0.00108756629465
 1.5941974038e-05 7.50875209517e-05 0.000295212207723 0.000372708101734 0.000497090463401 0.000762984042663  0.00118470167793  0.00163996505413  0.00185493534878  0.00180804786734  0.00141352000761  0.00115970729731 0.000937338525198 0.000804815973545 0.000732542937369 0.000699287206007 0.000696366803375 0.000698845060761 0.000717631481607 0.000745914377143 0.000778421982024  0.00081427883092 0.000849994747967 0.000889667464051 0.000927554703548 0.000964793873679  0.00100185466878  0.00103750459894  0.00107226347028
 1.3190725629e-05 9.75080843496e-05 0.000336914545089 0.000419209002997 0.000537065715647  0.00083376101763   0.0012816357842  0.00172398868927  0.00193028270201  0.00186737179937  0.00144855340224   0.0011804787648 0.000946899203524 0.000808965575191 0.000729376071105 0.000689713663222 0.000676440683072 0.000681649593098 0.000699308217032 0.000729292087836 0.000762361841114  0.00080024592109 0.000835962971354 0.000875084646203 0.000913071750951 0.000949705403984 0.000987440966227  0.00102430287051  0.00105944511402
1.20550343034e-05 0.000121982223456 0.000365921773349 0.000490870616729 0.000623107911614 0.000883217546777  0.00129314938279  0.00169115075909  0.00187700158479  0.00180611765718  0.00144195041874  0.00122235038718 0.000971312247377 0.000830234620775 0.000743342055162 0.000693963095607 0.000674448551263 0.000677857942302  0.00069322312565 0.000717237203877 0.000748189607616 0.000782056989944 0.000817159982402 0.000856155763071 0.000892998169797 0.000930978080859 0.000968971017175  0.00100548416268  0.00104049566162
6.87376279612e-06 9.80201844892e-05 0.000371230991308 0.000523886148177 0.000642898661242 0.000890476748915  0.00130139150103  0.00167553918787   0.0018401041146  0.00175823578812  0.00142962999863  0.00122048850025  0.00097328592142 0.000826500253959 0.000741146943692 0.000696435361234 0.000677426341106 0.000677930591626 0.000690825168864 0.000710788938416 0.000738784761176 0.000770170829031 0.000806039503553 0.000840709682319 0.000878109339361 0.000917232181993 0.000954001613336 0.000990497970074  0.00102778118569
5.16989579625e-06 0.000145554606812 0.000414681170459 0.000560979480095 0.000680777990527 0.000909341408291  0.00130616071039  0.00163485469672  0.00176051759585  0.00168610369108  0.00143726767562  0.00125451462489 0.000992446805917 0.000842615446857 0.000749700461914 0.000696300678557 0.000672110036202 0.000674486039995 0.000686390141142 0.000705558925855 0.000731781034773 0.000763450404246 0.000799671800026 0.000834656178512 0.000871839650777 0.000908149962056 0.000945173946208 0.000981322862501  0.00101616446405
7.90304664199e-06 0.000109414883044 0.000403617866449 0.000581887631206 0.000702843906451 0.000919163864359  0.00120877113635   0.0015130138049  0.00174523536356   0.0017818056434  0.00151350012842  0.00119780571406 0.000969112035622 0.000802508309511 0.000718230903383 0.000675881628261 0.000656757364278 0.000653440695596  0.00066716959341 0.000692309497108 0.000721607513151 0.000754310992053 0.000791350075023  0.00082713507718  0.00086396275171 0.000900970954739 0.000935559690245 0.000971294890499  0.00100671212413
1.10286457422e-05 0.000148628927936 0.000377607204719 0.000494807210956 0.000598522764422 0.000816198735171  0.00114058842785  0.00149818764143  0.00176460237581  0.00181763671549  0.00156878884186  0.00125093195133 0.000999219967569 0.000817892528011 0.000720425303262 0.000667914632248 0.000646407336671 0.000642352984138 0.000654249264823 0.000676386118184 0.000705521789314  0.00073966635187  0.00077280058088 0.000813700832285 0.000851624895192  0.00088837400476 0.000924773716371 0.000960445548285 0.000995344879432
1.23449761156e-05 0.000130591283065  0.00035295257383 0.000468228176086 0.000567500488916 0.000771082303431  0.00109058141689  0.00146587609546  0.00174733104184  0.00181272746101  0.00157539236637  0.00123977837749 0.000996781408263 0.000812556256448 0.000709792853461 0.000657221428571 0.000635256436141 0.000630794476307 0.000641706256002 0.000665422720525 0.000695325940836  0.00072758689078  0.00076185439331 0.000797554504851 0.000832938808686 0.000869402866787 0.000907098717269 0.000943944442496 0.000980237894861
1.35328198985e-05  0.00010364184873 0.000367435009993 0.000506295771215 0.000576438153467  0.00076546956041   0.0010649824468  0.00142395139965  0.00170423089279  0.00177456990446   0.0015469908434  0.00124706326196  0.00101733066179  0.00082556742419 0.000724905361916 0.000664334547433 0.000634284361627 0.000628248857286 0.000636890367531 0.000656218702727 0.000683371976566 0.000714892860242 0.000748998712645 0.000786078571163 0.000824443537072 0.000859564075203 0.000895587532536  0.00093351966807 0.000969547912189
2.29218175726e-05  0.00013481984421 0.000340340333288 0.000457492391197 0.000576899202273  0.00076739562288   0.0010540473131  0.00140757316515  0.00169762452673  0.00178163384107  0.00156742572164  0.00125369610397   0.0010267149161 0.000836738796159 0.000726574743583  0.00066548384656  0.00063500547267 0.000627666874099  0.00063478287902 0.000653620197953 0.000679348196949 0.000709124892419 0.000739763209342 0.000774824365731 0.000814199859242 0.000850967971208   0.0008871099172  0.00092257910533 0.000958170011442
5.16183329257e-06 0.000140568822204 0.000362077777391 0.000495424603234 0.000623772630695 0.000812246808689  0.00107916218983  0.00140803121852  0.00168583171671  0.00176833877261  0.00155416969955  0.00124701081799  0.00102878293933 0.000847319988177 0.000734878221816 0.000666566117052  0.00063078618476 0.000619085552959 0.000625863293071  0.00063841644797 0.000660168523615 0.000690372418631 0.000726285714072 0.000761729729749 0.000798105103068 0.000835133221528   0.0008723390966 0.000908711235751 0.000944448856241
3.04860983591e-05 0.000135643990672 0.000366144277589 0.000527234612274  0.00066715469739 0.000859642773672  0.00111337191072  0.00143077286485   0.0017138460619  0.00181044178259  0.00160578771516  0.00127569015014  0.00105397644065 0.000857714518644 0.000737961952056 0.000667487144345  0.00062802785877 0.000616222595981 0.000617559652516 0.000630872464026 0.000655021661267 0.000683258580197 0.000716114472295 0.000749102966105 0.000786462684491 0.000823178693034 0.000860854072905 0.000897241828992 0.000933524735259
2.13008701636e-05 0.000142637431475 0.000377397806825 0.000555208569296 0.000710152923838 0.000904504616362  0.00112677581269  0.00139146037644  0.00165329050051  0.00175248632152  0.00156605130331  0.00126914896851  0.00106053953391  0.00086898515147 0.000746750625449 0.000668124915824 0.000623957934901 0.000611972162548 0.000615833643793 0.000629279366502 0.000650536891597 0.000675126287297 0.000707550138785 0.000736391827828 0.000769710840017 0.000810096398446 0.000846957476674 0.000884366831538 0.000920270415215
2.17372267416e-05 0.000142333213461 0.000370919519668 0.000543134698054 0.000688009409088 0.000842727759163 0.000974531872701  0.00119308248094  0.00149777742252  0.00167039729321  0.00155785225209  0.00130472827066  0.00108415973776 0.000895892100689 0.000769999642493 0.000687922642735 0.000633289532116 0.000618487559329 0.000618489692159 0.000624788979808 0.000643423461656 0.000671115092652  0.00070366100597 0.000735428981169 0.000772029476054 0.000807937198461 0.000843309682001 0.000878909445045 0.000914709600837
2.20208841292e-05 0.000146288751374 0.000339673509702 0.000502329005435 0.000637455921448 0.000790164771624 0.000917587184887  0.00114216983262  0.00145831628828  0.00164508000202  0.00155075102657  0.00130589348023  0.00108886983676 0.000894107887353 0.000764199721124 0.000681864583869 0.000630618357165 0.000614033811224  0.00061235741928 0.000620672963609 0.000640509102877 0.000666186381719 0.000697847238941 0.000728380610369 0.000764236387516 0.000799919301465 0.000835211893041 0.000871859333599 0.000908387574484
1.24649269758e-05 0.000143428144452 0.000394872145884 0.000581852501446 0.000737562736075 0.000903491396316   0.0010067049672  0.00114683904087  0.00139522246246  0.00155413857141  0.00145893021252  0.00125275608687  0.00107756264159 0.000883950931141 0.000753412955475 0.000670906916917 0.000623639646152 0.000604357722655 0.000602955854729 0.000612415997723 0.000632254998833 0.000657661190834 0.000689306736237 0.000721062728871 0.000756987094761 0.000792824383516 0.000828629422253 0.000864909568942  0.00090094122773
1.06273079439e-05 0.000150249578188 0.000384523919117  0.00059604942362 0.000798836555229  0.00101367391813  0.00112056259098  0.00118532546857    0.001365906105  0.00150375817984   0.0014157923842  0.00123629496119  0.00107334067813 0.000899050851077 0.000759870779895 0.000674453611169 0.000622213999819 0.000601264022962  0.00059829916287 0.000606351156097 0.000624434255895 0.000649665509537 0.000680779155972 0.000711654706725 0.000746797388569 0.000783002497471 0.000818795549904 0.000855130965765 0.000890981095808
1.47238816957e-05 0.000134428401063 0.000382036945396 0.000596740315977 0.000813183447065  0.00103728353373  0.00109802654727  0.00109180860969   0.0012970794721  0.00151354595367  0.00149880147112  0.00129523025858  0.00107598586164 0.000845949479292 0.000715565023014 0.000647085242425 0.000609304170729 0.000586525425376 0.000583160038034 0.000596892830255 0.000616898676749 0.000641276736695 0.000671664387123   0.0007045432411 0.000739250261166 0.000775172717651 0.000810978274885 0.000847444578004 0.000883277323862
1.33916903943e-05  0.00014625466688 0.000330433891231 0.000479291750981 0.000596355531704 0.000728563301991 0.000698922321491 0.000799151126531  0.00122483743377  0.00158060444699  0.00163065832757  0.00142319627396  0.00110496244341 0.000854216662428 0.000699275991934 0.000616653611109 0.000583873161549 0.000558401074564 0.000555877813391 0.000571584949872 0.000593277784225 0.000622476217236 0.000652054497965 0.000688885811673 0.000723799789719 0.000759997154794 0.000797223020441 0.000833700917448 0.000869872730915
 6.8256710368e-06 9.86173047087e-05 0.000266651371146  0.00040427186332 0.000529761042671 0.000666654901566 0.000626599072043 0.000734878525536  0.00118271563921   0.0015544547017  0.00163940554229  0.00144517918492  0.00112555187981 0.000872964264642 0.000715176634979 0.000626829852389 0.000574725230813 0.000549982893499  0.00054375085688 0.000556754582468 0.000577704046942 0.000605176501301 0.000633730560304 0.000670588295509 0.000705600612668 0.000742563248671 0.000781252947187 0.000818308371587 0.000854511966021
9.97006284393e-06 0.000102378980242 0.000267726900821 0.000368597200499 0.000411176495049 0.000501490463637  0.00039037195101 0.000613189735396  0.00122633599544  0.00168046527225  0.00180033922117  0.00160872394514  0.00118331114325  0.00089122256973 0.000719871224956 0.000631518429194 0.000576317099298 0.000543711753022 0.000539353073555 0.000549761380901 0.000568881340618 0.000594674310559 0.000623550967768 0.000659184173975 0.000693375554776 0.000729134280799 0.000766371396721 0.000802390913378  0.00083867934412
 1.1069795448e-05 9.53021638876e-05 0.000217784148223 0.000211364226072 0.000170117624568 0.000198490977129 0.000324772267797 0.000712348893859  0.00129773806453  0.00171147784964   0.0017462683931  0.00148565444107  0.00119445681138 0.000944700596532 0.000743236428617 0.000638711231771  0.00057881623067  0.00054873209042 0.000540120775645 0.000545693230421 0.000559887320101  0.00058360404215 0.000611623609478 0.000644155231823 0.000677201307365 0.000714447339164 0.000751837250735 0.000788379685733 0.000824571334518
1.31561778306e-05 0.000102723895795 0.000210780993972 0.000181927013512 0.000326005521191 0.000470554198611 0.000618127644051 0.000878555955496  0.00133122535567  0.00171671841586  0.00172482129515   0.0014256672066  0.00123819008644  0.00100919295788 0.000760502876623  0.00064992375868 0.000583248217454 0.000549986285192 0.000537013431464 0.000539723574564 0.000555886867997 0.000576287852541  0.00060370644915 0.000633874896422 0.000667598008097 0.000700880501955 0.000736525692053 0.000772980955717  0.00080835120144
1.83912869869e-05 6.87056197777e-05 0.000169940008445 0.000199244154117  0.00030881753198 0.000379714903476 0.000495505873039 0.000784363243737  0.00129363805109  0.00169734395556  0.00169366911932  0.00139394297772  0.00121425102934  0.00100624383101 0.000778715245213 0.000663269756144 0.000586044742462 0.000550834764929 0.000535801030041 0.000534360931485 0.000546698197061 0.000568989695402 0.000596178041261 0.000626996024184 0.000659844318893   0.0006951363009 0.000730329101321 0.000766213610972 0.000801904486088
1.43410570816e-05 0.000163304766179 0.000263592904926 0.000236745163071 0.000220492127666 0.000291778329841 0.000458306253842  0.00080496979635  0.00131543085801  0.00171383357639  0.00172927770807  0.00144106036842  0.00116486560714 0.000985347777785 0.000798036357743 0.000673482944992 0.000586372455311 0.000547958475746 0.000531891639936 0.000530907267831 0.000542523204814 0.000563278775697 0.000590048922762 0.000620561506006 0.000653280890305 0.000688229682768 0.000723667453862 0.000758865492918    0.000794958229
5.05181565444e-06 9.07403679247e-05 0.000233293859187 0.000271893766821 0.000221097891549 0.000242562873845 0.000400737579178 0.000772839745031  0.00127649248145  0.00167005080823  0.00171022559564  0.00143179706986  0.00116773187476  0.00101453852354 0.000817831945061 0.000686790355063  0.00060154450807 0.000560551985271 0.000540920092196  0.00053254267878 0.000542366809345 0.000560590368059 0.000585829441806  0.00061292791274 0.000646239105011 0.000679675543796 0.000714093476945  0.00074978161004 0.000785253801828
 9.8547136815e-06 6.10424025121e-05 0.000191327060945 0.000257247740418 0.000252154477991 0.000230873725766 0.000310729319051 0.000674851628597  0.00124060281239  0.00166233556851  0.00170049501691  0.00139517409932  0.00113595331656  0.00100340244539 0.000818413804357 0.000688188149749 0.000598691285634 0.000556488739656 0.000537509626943 0.000533395695026 0.000541253776592 0.000557541415825 0.000582944271114 0.000608424359786 0.000641726767725 0.000672550807505 0.000705472973783 0.000740237523976 0.000775348361752
1.48092857314e-05 0.000102012015857 0.000209430074483 0.000296363589824 0.000321301459199 0.000333591958047 0.000406045943962 0.000731672048689  0.00133039315928  0.00178373898816  0.00182923067455  0.00149278005566  0.00118136988466  0.00110173628287 0.000887252148158 0.000671588355789 0.000573387620109 0.000527998127776 0.000510313024455 0.000512829759672  0.00052353219793 0.000542634059058 0.000567627112756 0.000597206844921 0.000627431865244  0.00066346916942 0.000698333348766 0.000733556823141 0.000768869981571
1.31379508099e-05 0.000128971840861 0.000321493324539 0.000446924919645 0.000437680555047 0.000472008085477 0.000555290446249 0.000814404923357  0.00139726464352  0.00185517460111  0.00187926275213  0.00151580141671  0.00120058991291  0.00114565880978 0.000926150212378 0.000701521340164 0.000582340726621 0.000531965853581 0.000511149931379 0.000506724174256 0.000514540314142 0.000531774847529 0.000555014207659 0.000583456978895 0.000615204663018 0.000648605749733 0.000687232838304 0.000721933483113 0.000756790052498
1.18718404748e-05 0.000135604135711 0.000308172759932 0.000477697451732 0.000591958365669 0.000683361347741 0.000809490821805  0.00101658340647  0.00152632245553  0.00194561857698  0.00192326910041  0.00150719815321  0.00116847438418   0.0011417581786  0.00092125818571  0.00070431266015 0.000582531162751 0.000529933994301 0.000504931412379 0.000502929462269 0.000509299818959 0.000525093732668 0.000548240121158 0.000576599074261 0.000607908681736 0.000641249778154 0.000675740628398 0.000711697455173 0.000746638635804
1.24685365449e-05 0.000103742651463 0.000314028404323 0.000535937143529 0.000684961100504 0.000832842178364  0.00101039684309  0.00120733422693   0.0016694058365   0.0020573403485  0.00199951506838   0.0015315968975  0.00119168414073  0.00114834824651  0.00091910168079 0.000636766394827 0.000555953638736 0.000504123358152 0.000480917544649 0.000481676275058 0.000491960846699  0.00051032835131 0.000533241612813 0.000565251312582 0.000595693083365 0.000629440017253 0.000665304715973 0.000701347802971 0.000736330590199
1.80460398847e-05 4.53327550928e-05 0.000295626032295 0.000566395629807 0.000720122369505 0.000885117851409  0.00108514211277  0.00131584292381   0.0018293216097  0.00227643688263  0.00227718373589  0.00176763728306  0.00131360918846  0.00119112769197 0.000984622352202 0.000588418360157 0.000528854773145 0.000476381604657 0.000451022799719 0.000459208678334 0.000466831621569 0.000486585840917 0.000507803516654 0.000542042742184 0.000571681374101 0.000605799649406 0.000643279819074 0.000681285098441  0.00071851217883
9.83916090076e-06 0.000151681013671 0.000371437295706 0.000628730536992 0.000816451461206  0.00102006829753  0.00128700701436  0.00158373604151  0.00208699643819  0.00248487979916  0.00239588940084  0.00185533088389   0.0013165931468    0.001248606504  0.00104205563717    0.000630655464 0.000536493708183 0.000475796320657 0.000445764106564 0.000439707124862  0.00045289025483   0.0004732322624 0.000492717916914 0.000529367594226 0.000559280007484 0.000593722359148 0.000629685111476 0.000662602834856 0.000696380882585
5.04596817206e-06 0.000102908450961 0.000348572818718  0.00066587403414 0.000915346329485  0.00117570609993  0.00148275091838   0.0017501162279  0.00211574893805  0.00237446416585  0.00219340815019  0.00170219717898  0.00116504208595  0.00129749188722  0.00115608017012 0.000668619092655  0.00054022375026 0.000481909632786 0.000454032660703 0.000444060019572 0.000449930828429 0.000465830039932 0.000484598557759 0.000515742221205 0.000546562817401 0.000578652936062 0.000611914899605 0.000644824472821 0.000680286244187
7.17574846308e-06 9.06004636596e-05 0.000412153814586 0.000785845462061  0.00102631789126   0.0013072252081  0.00166273235857  0.00195901688327  0.00226729813432  0.00243941151725  0.00217766839651  0.00160150187999   0.0010099394992  0.00128607928697  0.00118723609519 0.000693650798558 0.000558346021941 0.000490365001766 0.000453016599335 0.000437582331196 0.000439630068192 0.000452702931307 0.000471941482176 0.000498902882258 0.000527946027701  0.00056045916047 0.000592139810307 0.000627476908589 0.000662647481192
1.22593441821e-05 0.000107733925455 0.000398205968271 0.000770579406883  0.00112044986283  0.00150571236873  0.00195466080938  0.00229617261825  0.00252353772673  0.00255864145523  0.00216238300685  0.00150716949489 0.000917155277702  0.00125545959032  0.00120505528268 0.000753373509058 0.000608310525365 0.000529433862161 0.000488167726359 0.000464169857808 0.000458882862431 0.000465978779154 0.000482988329364 0.000498114596207 0.000525682347977 0.000555104443764 0.000587640920534 0.000621119066237 0.000655882655603
1.22633493358e-05 7.28319828152e-05 0.000400038950992 0.000862421261699  0.00126766495398  0.00170642248458  0.00221645024374  0.00261806793232  0.00280735459534  0.00273529246933  0.00223548290929  0.00148950934343 0.000837916000881  0.00117139705329  0.00113678307622 0.000802925596917 0.000645504715619 0.000551232385981 0.000502748630657 0.000471826306511 0.000464032080273 0.000466729567967 0.000487407297673 0.000499275369415 0.000524788433229 0.000552620809371 0.000580622242355 0.000614004595598 0.000646905306571
 1.2982879647e-05 0.000128266324436 0.000470605862237 0.000956477857917  0.00136825856643  0.00182103053277  0.00234790615355  0.00275433954353  0.00291110752813   0.0028031217077  0.00235987356752  0.00177794446775  0.00122518673316 0.000968423070747 0.000942412024812 0.000741457202512 0.000611769971149 0.000532718067026 0.000493113343647  0.00047389299795 0.000463935779747 0.000468440527251 0.000484913648692 0.000502623407535 0.000530873052238   0.0005619702381 0.000591021609408 0.000623586863659 0.000658103768641
1.36966691213e-05 0.000107729972873 0.000529481630079  0.00103888521542  0.00140056779715  0.00180600571632  0.00229422274504   0.0027308443195  0.00297702286979   0.0029685390932  0.00264471795768  0.00218681464393  0.00161053500537  0.00114804616819 0.000867578437454 0.000674196669571 0.000536237644451 0.000470046633331 0.000426969797778 0.000422843773438 0.000428038091542 0.000439413385725 0.000455654648645 0.000486591938946 0.000513069642754 0.000544640992826 0.000580525850891 0.000614181780511  0.00064826707473
1.74585007456e-05 0.000117788079543 0.000591695715062  0.00111438799238  0.00146459678172  0.00186289599968  0.00235714746481  0.00279152157197  0.00299811371322  0.00293340170185   0.0025982561736  0.00212984808414  0.00159441896452  0.00118073897613  0.00103216918508 0.000803339666985 0.000566041827231 0.000497491007969  0.00045160230073 0.000423701615761  0.00041829444262 0.000428449394889 0.000442963072044 0.000470462650956 0.000496396766888 0.000525677304057 0.000560364794134 0.000593414101796 0.000626910014794
1.05931444731e-05 9.56355932534e-05 0.000555838756239 0.000971826215622  0.00113600867335  0.00138004629617  0.00178715071069  0.00205343508849  0.00213451843929  0.00212897275961  0.00197318803101  0.00175606282492  0.00144793152065  0.00117997890828  0.00151333529734    0.001238321815 0.000605950285776 0.000500017515632 0.000454337599496 0.000431027742197 0.000425048784574 0.000429229964243 0.000443768110844 0.000462803619183 0.000488750548907 0.000517628138639 0.000546321157927 0.000578769081214 0.000612920085701
2.08422267454e-05 0.000122013150216 0.000492176237469 0.000832393683293 0.000939236525731  0.00108689298642  0.00138164518875  0.00162206260279  0.00182040887192  0.00194566433698  0.00186001793771  0.00167075790747  0.00136195251805  0.00113337448502  0.00157364560449  0.00131240930764 0.000674008526493 0.000571914946407 0.000511012829173 0.000461591641132 0.000443408077602 0.000442034529686 0.000454172785631 0.000464613298389 0.000488988776725 0.000515486806823 0.000543961934987 0.000576783313424 0.000609950167707
3.99577811873e-06 8.92058235288e-05 0.000564767558894 0.000941197817395  0.00100461117972  0.00113345168776   0.0014136671207  0.00165576279144  0.00185451726865   0.0019642176073  0.00183845436929  0.00159722718016  0.00124815586155  0.00101371679184   0.0014943553603  0.00130736336802 0.000733446716815  0.00062340450112 0.000557696877982 0.000497295471952 0.000473912948157  0.00046634477383  0.00047920881087 0.000482380457645 0.000506370779883 0.000531905010196 0.000557618266786 0.000588133146533 0.000621879800167
1.07795723698e-05 0.000100272567216 0.000562101180383 0.000979705174503  0.00110556835772  0.00128144160297  0.00158040490645  0.00184821679581   0.0020456566689  0.00210960706833  0.00191131048232  0.00159890235451  0.00118704097993 0.000861812650401   0.0013540182179   0.0012358049454 0.000772786459279 0.000632082233195 0.000558231999665 0.000509366827555 0.000488711092983 0.000481868737116 0.000492930514052 0.000494707513013 0.000519057713305 0.000543325322189 0.000565678869767 0.000596474971508 0.000629414358797
3.75473215347e-05 0.000139575454331 0.000602565054418 0.000968612179692  0.00123529654477  0.00149741948967  0.00184532431615  0.00216810790393  0.00235319518245   0.0023268452639  0.00200098550917  0.00160004326948  0.00115450888365 0.000842922965951  0.00126229039352  0.00117976347987  0.00078095276857 0.000633807134948 0.000560076097984 0.000517486627229 0.000496426109407  0.00048859172149 0.000499483290614 0.000505674738415 0.000528680777249 0.000553131441755 0.000577737304607 0.000608449776682 0.000641151292986
1.52599321696e-06 0.000243910669522 0.000742363959459    0.001043037573  0.00128440546101  0.00159122986311   0.0020049701852  0.00241856019366  0.00261304759596  0.00250917831813  0.00209002571956  0.00160837550374  0.00112337094055 0.000741378945948   0.0011037515536   0.0010261617876  0.00078281863584 0.000616777180159 0.000542214621571 0.000507329826432 0.000488466920932 0.000484788592352 0.000494382405343 0.000505984900562 0.000528990069894 0.000554486077063 0.000581421740619  0.00061230133373 0.000644830552641
4.19634208852e-06 0.000247034184312  0.00067064488898 0.000972019238329  0.00126929939241  0.00162686772404  0.00208411331557   0.0025473555309  0.00273720854191   0.0025714462689  0.00208113642763  0.00158466303691  0.00114764879116  0.00082018084566  0.00115078137315  0.00113855890527 0.000825285547218 0.000641066274892 0.000554312691638 0.000506899479575 0.000488279378021  0.00048350909643 0.000491809303997   0.0005032439175 0.000525163358961 0.000550023850329 0.000575422379933 0.000606025728709 0.000637724131356
1.77356663771e-05 0.000217647071169 0.000617757737813 0.000938866679768  0.00125227347555  0.00160054998096  0.00205014142876  0.00252513878029  0.00275281166207  0.00253915380313  0.00196966522507  0.00148833495793  0.00112548702502 0.000764694054888 0.000911306035896 0.000859415502264 0.000719039195495 0.000530707895784 0.000457543845799   0.0004605391225 0.000450627577433 0.000453540844359 0.000460197895992 0.000485543218001 0.000506673672255 0.000533656049187 0.000563224225284 0.000594702792097 0.000627060718966
2.77568358875e-05 0.000141995799897  0.00056100945292 0.000841169666505  0.00102888589307  0.00126197579262   0.0015887385406  0.00194478816151  0.00203451054272  0.00162392676986  0.00111281368425  0.00108783714406  0.00120277553655   0.0011418073002  0.00102761483009 0.000982714495501 0.000783531651336  0.00049670752922 0.000419142139797 0.000413652914469 0.000407031119023 0.000414161472187 0.000420361285638 0.000453391617851 0.000473928962886  0.00050159628434 0.000538928100179 0.000569559816214 0.000601179556499
1.66714023027e-05 0.000175875560046 0.000417710184563 0.000503736503344 0.000491623758605 0.000490992938998 0.000640588120848 0.000875532220559 0.000820624541902 0.000565717071199 0.000737618154359  0.00109476494969  0.00125575862555  0.00123204577473  0.00121485278323  0.00143631167098  0.00107449314738 0.000532019500418 0.000439324370888 0.000404688908552 0.000391766502439 0.000393681637453 0.000397509663302 0.000424929128853 0.000443466650337 0.000471438328183 0.000506316469307 0.000537786316094 0.000569661696654
1.41494916382e-05 0.000118217390182 0.000363168766924 0.000408748038172 0.000319983872499 0.000271809734771 0.000352454851217 0.000505847198154  0.00039241635896 0.000374309760121 0.000789388898288   0.0011374785173   0.0012617687599  0.00122278567842  0.00118693412125   0.0014303707306  0.00109284736644 0.000583498353488 0.000482717783021 0.000426736451991 0.000403616214979 0.000396705755433 0.000401188093889 0.000416521285471  0.00043621466378 0.000460628122636 0.000489529317686 0.000519883901999 0.000551551179414
1.71028009028e-06 0.000112406790056 0.000354059277919 0.000436345322209 0.000403627276602 0.000402275976949 0.000497765790831 0.000649955448079 0.000583769887123 0.000434140414427 0.000683026063062  0.00103411582613  0.00120182902332  0.00118620102719  0.00118187913479  0.00144803979065  0.00115641828398 0.000658599823126 0.000543619466851 0.000475058698133 0.000437590284216 0.000420970138611 0.000424372632894 0.000425624536191  0.00044361726747 0.000464629032742 0.000486763333111 0.000515324028387 0.000545319076003
 1.5490380057e-06 0.000110014293134 0.000355940965462 0.000461984166906 0.000462898324625 0.000472441596776  0.00055939792362 0.000699746000195  0.00064621691938 0.000436756447437 0.000652447236915  0.00102297195453  0.00120340758589  0.00116002365498  0.00107837664462  0.00121588837407  0.00100821762077 0.000658166865794 0.000553549356558 0.000486588302882 0.000450683677518 0.000434337764394 0.000436223949455 0.000436290218214  0.00045413019841  0.00047494025681 0.000497245129516 0.000524399528437 0.000554692190423
1.49320116313e-07 0.000109851750907 0.000353023729257 0.000456312181461 0.000452937773727 0.000447752931397 0.000509505241221 0.000625692634109 0.000570936924931 0.000446809092692  0.00075888261476  0.00109130287179  0.00123429826024  0.00114084381733  0.00101805017493  0.00120602204571  0.00103096807114 0.000717891012147 0.000588773437826 0.000501279305622 0.000463604915079 0.000445288943394 0.000445793462905 0.000445001067132 0.000462198910411 0.000482572008216 0.000504592100984 0.000532299793544 0.000562654197622
