0.801575389957 0.897015418292 0.952174945716 0.993105946314              1              1              1              1              1              1              1              1              1              1              1              1              1              1              1              1              1              1              1              1              0              0              0              0              0
0.801575389957 0.835656080847 0.952174945716 0.993105946314 0.993105946314              1              1              1              1              1              1              1              1              1              1              1              1              1              1              1              1              1              1              1              0              0              0              0              0
0.707106781187 0.835656080847 0.952174945716 0.993105946314 0.993105946314              1              1              1              1              1              1              1              1              1              1              1              1              1              1              1              1              1              1              1              0              0              0              0              0
0.707106781187 0.835656080847 0.903658444195 0.993105946314 0.990602326108              1              1              1              1              1              1              1              1              1              1              1              1              1              1              1              1              1              1              1              0              0              0              0              0
0.707106781187 0.835656080847 0.903658444195 0.993105946314 0.990602326108              1              1              1              1              1              1              1              1              1              1              1              1              1              1              1              1              1              1              1              0              0              0              0              0
0.707106781187 0.835656080847 0.903658444195 0.990602326108 0.990602326108              1              1              1              1              1              1              1              1              1              1              1              1              1              1              1              1              1              1              1              0              0              0              0              0
0.707106781187 0.835656080847 0.903658444195 0.990602326108 0.990602326108              1              1              1              1              1              1              1              1              1              1              1              1              1              1              1              1              1              1              1              0              0              0              0              0
0.707106781187 0.707106781187 0.903658444195 0.990602326108 0.990602326108              1              1              1              1              1              1              1              1              1              1              1              1              1              1              1              1              1              1              1              0              0              0              0              0
0.549253051465 0.707106781187 0.903658444195 0.990602326108 0.990602326108              1              1              1              1              1              1              1              1              1              1              1              1              1              1              1              1              1              1              1              0              0              0              0              0
0.549253051465 0.707106781187 0.903658444195 0.990602326108              1              1              1              1              1              1              1              1              1              1              1              1              1              1              1              1              1              1              1              1              0              0              0              0              0
0.549253051465 0.707106781187 0.903658444195 0.990602326108              1              1              1              1              1              1              1              1              1              1              1              1              1              1              1              1              1              1              1              1              0              0              0              0              0
0.549253051465 0.707106781187 0.707106781187 0.990602326108              1              1              1              1              1              1              1              1              1              1              1              1              1              1              1              1              1              1              1              1              0              0              0              0              0
0.549253051465 0.707106781187 0.707106781187 0.990602326108              1              1              1              1              1              1              1              1              1              1              1              1              1              1              1              1              1              1              1              1              0              0              0              0              0
0.549253051465 0.707106781187 0.707106781187 0.990602326108              1              1              1              1              1              1              1              1              1              1              1              1              1              1              1              1              1              1              1              1              0              0              0              0              0
0.305553387727 0.428253915609 0.707106781187 0.990602326108              1              1              1              1              1              1              1              1              1              1              1              1              1              1              1              1              1              1              1              1              0              0              0              0              0
0.305553387727 0.428253915609 0.707106781187 0.990602326108              1              1              1              1              1              1              1              1              1              1              1              1              1              1              1              1              1              1              1              1              0              0              0              0              0
0.305553387727 0.428253915609 0.707106781187 0.990602326108              1              1              1              1              1              1              1              1              1              1              1              1              1              1              1              1              1              1              1              1              0              0              0              0              0
0.305553387727 0.428253915609 0.707106781187 0.990602326108              1              1              1              1              1              1              1              1              1              1              1              1              1              1              1              1              1              1              1              1              0              0              0              0              0
0.305553387727 0.428253915609 0.707106781187 0.990602326108              1              1              1              1              1              1              1              1              1              1              1              1              1              1              1              1              1              1              1              1              0              0              0              0              0
0.305553387727 0.428253915609 0.707106781187 0.990602326108              1              1              1              1              1              1              1              1              1              1              1              1              1              1              1              1              1              1              1              1              0              0              0              0              0
0.305553387727 0.428253915609 0.707106781187 0.990602326108              1              1              1              1              1              1              1              1              1              1              1              1              1              1              1              1              1              1              1              1              0              0              0              0              0
0.0808729817969  0.428253915609  0.707106781187  0.990602326108               1               1               1               1               1               1               1               1               1               1               1               1               1               1               1               1               1               1               1               1               0               0               0               0               0
0.0808729817969  0.117220217521  0.707106781187  0.990602326108               1               1               1               1               1               1               1               1               1               1               1               1               1               1               1               1               1               1               1               1               0               0               0               0               0
0.0808729817969  0.117220217521  0.707106781187  0.990602326108               1               1               1               1               1               1               1               1               1               1               1               1               1               1               1               1               1               1               1               1               0               0               0               0               0
0.0808729817969  0.117220217521  0.707106781187  0.990602326108               1               1               1               1               1               1               1               1               1               1               1               1               1               1               1               1               1               1               1               1               0               0               0               0               0
0.0808729817969  0.117220217521  0.136773650639  0.990602326108               1               1               1               1               1               1               1               1               1               1               1               1               1               1               1               1               1               1               1               1               0               0               0               0               0
0.0808729817969  0.117220217521  0.136773650639  0.990602326108               1               1               1               1               1               1               1               1               1               1               1               1               1               1               1               1               1               1               1               1               0               0               0               0               0
             0 0.117220217521 0.136773650639 0.990602326108 0.990602326108              1              1              1              1              1              1              1              1              1              1              1              1              1              1              1              1              1              1              1              0              0              0              0              0
             0              0 0.136773650639 0.707106781187 0.990602326108              1              1              1              1              1              1              1              1              1              1              1              1              1              1              1              1              1              1              1              0              0              0              0              0
             0              0 0.136773650639 0.707106781187 0.990602326108              1              1              1              1              1              1              1              1              1              1              1              1              1              1              1              1              1              1              1              0              0              0              0              0
             0              0 0.136773650639 0.707106781187 0.990602326108              1              1              1              1              1              1              1              1              1              1              1              1              1              1              1              1              1              1              1              0              0              0              0              0
             0              0 0.136773650639 0.707106781187 0.990602326108              1              1              1              1              1              1              1              1              1              1              1              1              1              1              1              1              1              1              1              0              0              0              0              0
             0              0 0.136773650639 0.707106781187 0.990602326108              1              1              1              1              1              1              1              1              1              1              1              1              1              1              1              1              1              1              1              0              0              0              0              0
             0              0              0 0.136773650639 0.990602326108              1              1              1              1              1              1              1              1              1              1              1              1              1              1              1              1              1              1              1              0              0              0              0              0
             0              0              0 0.136773650639 0.990602326108              1              1              1              1              1              1              1              1              1              1              1              1              1              1              1              1              1              1              1              0              0              0              0              0
             0              0              0 0.136773650639 0.707106781187 0.990602326108              1              1              1              1              1              1              1              1              1              1              1              1              1              1              1              1              1              1              0              0              0              0              0
             0              0              0 0.136773650639 0.707106781187 0.990602326108              1              1              1              1              1              1              1              1              1              1              1              1              1              1              1              1              1              1              0              0              0              0              0
             0              0              0 0.136773650639 0.707106781187 0.990602326108              1              1              1              1              1              1              1              1              1              1              1              1              1              1              1              1              1              1              0              0              0              0              0
             0              0              0 0.136773650639 0.707106781187 0.990602326108              1              1              1              1              1              1              1              1              1              1              1              1              1              1              1              1              1              1              0              0              0              0              0
             0              0              0              0 0.136773650639 0.990602326108              1              1              1              1              1              1              1              1              1              1              1              1              1              1              1              1              1              1              0              0              0              0              0
             0              0              0              0 0.136773650639 0.990602326108              1              1              1              1              1              1              1              1              1              1              1              1              1              1              1              1              1              1              0              0              0              0              0
             0              0              0              0 0.136773650639 0.990602326108 0.990602326108              1              1              1              1              1              1              1              1              1              1              1              1              1              1              1              1              1              0              0              0              0              0
             0              0              0              0 0.136773650639 0.707106781187 0.990602326108              1              1              1              1              1              1              1              1              1              1              1              1              1              1              1              1              1              0              0              0              0              0
             0              0              0              0 0.136773650639 0.707106781187 0.990602326108              1              1              1              1              1              1              1              1              1              1              1              1              1              1              1              1              1              0              0              0              0              0
             0              0              0              0 0.136773650639 0.707106781187 0.990602326108              1              1              1              1              1              1              1              1              1              1              1              1              1              1              1              1              1              0              0              0              0              0
             0              0              0              0              0 0.136773650639 0.990602326108              1              1              1              1              1              1              1              1              1              1              1              1              1              1              1              1              1              0              0              0              0              0
             0              0              0              0              0 0.136773650639 0.990602326108              1              1              1              1              1              1              1              1              1              1              1              1              1              1              1              1              1              0              0              0              0              0
             0              0              0              0              0 0.136773650639 0.990602326108 0.990602326108              1              1              1              1              1              1              1              1              1              1              1              1              1              1              1              1              0              0              0              0              0
             0              0              0              0              0 0.136773650639 0.707106781187 0.990602326108              1              1              1              1              1              1              1              1              1              1              1              1              1              1              1              1              0              0              0              0              0
             0              0              0              0              0 0.136773650639 0.707106781187 0.990602326108              1              1              1              1              1              1              1              1              1              1              1              1              1              1              1              1              0              0              0              0              0
             0              0              0              0              0 0.136773650639 0.707106781187 0.990602326108              1              1              1              1              1              1              1              1              1              1              1              1              1              1              1              1              0              0              0              0              0
             0              0              0              0              0 0.136773650639 0.707106781187 0.990602326108              1              1              1              1              1              1              1              1              1              1              1              1              1              1              1              1              0              0              0              0              0
             0              0              0              0              0              0 0.136773650639 0.990602326108              1              1              1              1              1              1              1              1              1              1              1              1              1              1              1              1              0              0              0              0              0
             0              0              0              0              0              0 0.136773650639 0.990602326108              1              1              1              1              1              1              1              1              1              1              1              1              1              1              1              1              0              0              0              0              0
             0              0              0              0              0              0 0.136773650639 0.707106781187 0.990602326108              1              1              1              1              1              1              1              1              1              1              1              1              1              1              1              0              0              0              0              0
             0              0              0              0              0              0 0.136773650639 0.707106781187 0.990602326108              1              1              1              1              1              1              1              1              1              1              1              1              1              1              1              0              0              0              0              0
             0              0              0              0              0              0 0.136773650639 0.707106781187 0.990602326108              1              1              1              1              1              1              1              1              1              1              1              1              1              1              1              0              0              0              0              0
             0              0              0              0              0              0 0.136773650639 0.707106781187 0.990602326108              1              1              1              1              1              1              1              1              1              1              1              1              1              1              1              0              0              0              0              0
             0              0              0              0              0              0              0 0.136773650639 0.990602326108              1              1              1              1              1              1              1              1              1              1              1              1              1              1              1              0              0              0              0              0
             0              0              0              0              0              0              0 0.136773650639 0.990602326108              1              1              1              1              1              1              1              1              1              1              1              1              1              1              1              0              0              0              0              0
             0              0              0              0              0              0              0 0.136773650639 0.990602326108 0.990602326108              1              1              1              1              1              1              1              1              1              1              1              1              1              1              0              0              0              0              0
             0              0              0              0              0              0              0 0.136773650639 0.707106781187 0.990602326108              1              1              1              1              1              1              1              1              1              1              1              1              1              1              0              0              0              0              0
             0              0              0              0              0              0              0 0.136773650639 0.707106781187 0.990602326108              1              1              1              1              1              1              1              1              1              1              1              1              1              1              0              0              0              0              0
             0              0              0              0              0              0              0 0.136773650639 0.707106781187 0.990602326108              1              1              1              1              1              1              1              1              1              1              1              1              1              1              0              0              0              0              0
             0              0              0              0              0              0              0              0 0.136773650639 0.990602326108              1              1              1              1              1              1              1              1              1              1              1              1              1              1              0              0              0              0              0
             0              0              0              0              0              0              0              0 0.136773650639 0.990602326108              1              1              1              1              1              1              1              1              1              1              1              1              1              1              0              0              0              0              0
             0              0              0              0              0              0              0              0 0.136773650639 0.990602326108 0.990602326108              1              1              1              1              1              1              1              1              1              1              1              1              1              0              0              0              0              0
             0              0              0              0              0              0              0              0 0.136773650639 0.707106781187 0.990602326108              1              1              1              1              1              1              1              1              1              1              1              1              1              0              0              0              0              0
             0              0              0              0              0              0              0              0 0.136773650639 0.707106781187 0.990602326108              1              1              1              1              1              1              1              1              1              1              1              1              1              0              0              0              0              0
             0              0              0              0              0              0              0              0 0.136773650639 0.707106781187 0.990602326108              1              1              1              1              1              1              1              1              1              1              1              1              1              0              0              0              0              0
             0              0              0              0              0              0              0              0 0.136773650639 0.707106781187 0.990602326108              1              1              1              1              1              1              1              1              1              1              1              1              1              0              0              0              0              0
             0              0              0              0              0              0              0              0              0 0.136773650639 0.990602326108              1              1              1              1              1              1              1              1              1              1              1              1              1              0              0              0              0              0
             0              0              0              0              0              0              0              0              0 0.136773650639 0.990602326108 0.990602326108              1              1              1              1              1              1              1              1              1              1              1              1              0              0              0              0              0
             0              0              0              0              0              0              0              0              0 0.136773650639 0.707106781187 0.990602326108              1              1              1              1              1              1              1              1              1              1              1              1              0              0              0              0              0
             0              0              0              0              0              0              0              0              0 0.136773650639 0.707106781187 0.990602326108              1              1              1              1              1              1              1              1              1              1              1              1              0              0              0              0              0
             0              0              0              0              0              0              0              0              0 0.136773650639 0.707106781187 0.990602326108              1              1              1              1              1              1              1              1              1              1              1              1              0              0              0              0              0
             0              0              0              0              0              0              0              0              0 0.136773650639 0.707106781187 0.990602326108              1              1              1              1              1              1              1              1              1              1              1              1              0              0              0              0              0
             0              0              0              0              0              0              0              0              0              0 0.136773650639 0.990602326108              1              1              1              1              1              1              1              1              1              1              1              1              0              0              0              0              0
             0              0              0              0              0              0              0              0              0              0 0.136773650639 0.990602326108              1              1              1              1              1              1              1              1              1              1              1              1              0              0              0              0              0
             0              0              0              0              0              0              0              0              0              0 0.136773650639 0.707106781187 0.990602326108              1              1              1              1              1              1              1              1              1              1              1              0              0              0              0              0
             0              0              0              0              0              0              0              0              0              0 0.136773650639 0.707106781187 0.990602326108              1              1              1              1              1              1              1              1              1              1              1              0              0              0              0              0
             0              0              0              0              0              0              0              0              0              0 0.136773650639 0.707106781187 0.990602326108              1              1              1              1              1              1              1              1              1              1              1              0              0              0              0              0
             0              0              0              0              0              0              0              0              0              0 0.136773650639 0.707106781187 0.990602326108              1              1              1              1              1              1              1              1              1              1              1              0              0              0              0              0
             0              0              0              0              0              0              0              0              0              0              0 0.136773650639 0.990602326108              1              1              1              1              1              1              1              1              1              1              1              0              0              0              0              0
             0              0              0              0              0              0              0              0              0              0              0 0.136773650639 0.990602326108              1              1              1              1              1              1              1              1              1              1              1              0              0              0              0              0
             0              0              0              0              0              0              0              0              0              0              0 0.136773650639 0.990602326108 0.990602326108              1              1              1              1              1              1              1              1              1              1              0              0              0              0              0
             0              0              0              0              0              0              0              0              0              0              0 0.136773650639 0.707106781187 0.990602326108              1              1              1              1              1              1              1              1              1              1              0              0              0              0              0
             0              0              0              0              0              0              0              0              0              0              0 0.136773650639 0.707106781187 0.990602326108              1              1              1              1              1              1              1              1              1              1              0              0              0              0              0
             0              0              0              0              0              0              0              0              0              0              0 0.136773650639 0.707106781187 0.990602326108              1              1              1              1              1              1              1              1              1              1              0              0              0              0              0
             0              0              0              0              0              0              0              0              0              0              0              0 0.136773650639 0.990602326108              1              1              1              1              1              1              1              1              1              1              0              0              0              0              0
             0              0              0              0              0              0              0              0              0              0              0              0 0.136773650639 0.990602326108              1              1              1              1              1              1              1              1              1              1              0              0              0              0              0
             0              0              0              0              0              0              0              0              0              0              0              0 0.136773650639 0.990602326108 0.990602326108              1              1              1              1              1              1              1              1              1              0              0              0              0              0
             0              0              0              0              0              0              0              0              0              0              0              0 0.136773650639 0.707106781187 0.990602326108              1              1              1              1              1              1              1              1              1              0              0              0              0              0
             0              0              0              0              0              0              0              0              0              0              0              0 0.136773650639 0.707106781187 0.990602326108              1              1              1              1              1              1              1              1              1              0              0              0              0              0
             0              0              0              0              0              0              0              0              0              0              0              0 0.136773650639 0.707106781187 0.990602326108              1              1              1              1              1              1              1              1              1              0              0              0              0              0
             0              0              0              0              0              0              0              0              0              0              0              0 0.136773650639 0.707106781187 0.990602326108              1              1              1              1              1              1              1              1              1              0              0              0              0              0
             0              0              0              0              0              0              0              0              0              0              0              0              0 0.136773650639 0.990602326108              1              1              1              1              1              1              1              1              1              0              0              0              0              0
             0              0              0              0              0              0              0              0              0              0              0              0              0 0.136773650639 0.990602326108 0.990602326108              1              1              1              1              1              1              1              1              0              0              0              0              0
             0              0              0              0              0              0              0              0              0              0              0              0              0 0.136773650639 0.707106781187 0.990602326108              1              1              1              1              1              1              1              1              0              0              0              0              0
             0              0              0              0              0              0              0              0              0              0              0              0              0 0.136773650639 0.707106781187 0.990602326108              1              1              1              1              1              1              1              1              0              0              0              0              0
             0              0              0              0              0              0              0              0              0              0              0              0              0 0.136773650639 0.707106781187 0.990602326108              1              1              1              1              1              1              1              1              0              0              0              0              0
             0              0              0              0              0              0              0              0              0              0              0              0              0 0.136773650639 0.707106781187 0.990602326108              1              1              1              1              1              1              1              1              0              0              0              0              0
             0              0              0              0              0              0              0              0              0              0              0              0              0              0 0.136773650639 0.990602326108              1              1              1              1              1              1              1              1              0              0              0              0              0
             0              0              0              0              0              0              0              0              0              0              0              0              0              0 0.136773650639 0.990602326108 0.990602326108              1              1              1              1              1              1              1              0              0              0              0              0
             0              0              0              0              0              0              0              0              0              0              0              0              0              0 0.136773650639 0.707106781187 0.990602326108              1              1              1              1              1              1              1              0              0              0              0              0
             0              0              0              0              0              0              0              0              0              0              0              0              0              0 0.136773650639 0.707106781187 0.990602326108              1              1              1              1              1              1              1              0              0              0              0              0
             0              0              0              0              0              0              0              0              0              0              0              0              0              0 0.136773650639 0.707106781187 0.990602326108              1              1              1              1              1              1              1              0              0              0              0              0
             0              0              0              0              0              0              0              0              0              0              0              0              0              0 0.136773650639 0.707106781187 0.990602326108              1              1              1              1              1              1              1              0              0              0              0              0
             0              0              0              0              0              0              0              0              0              0              0              0              0              0              0 0.136773650639 0.990602326108              1              1              1              1              1              1              1              0              0              0              0              0
             0              0              0              0              0              0              0              0              0              0              0              0              0              0              0 0.136773650639 0.990602326108 0.990602326108              1              1              1              1              1              1              0              0              0              0              0
             0              0              0              0              0              0              0              0              0              0              0              0              0              0              0 0.136773650639 0.707106781187 0.990602326108              1              1              1              1              1              1              0              0              0              0              0
             0              0              0              0              0              0              0              0              0              0              0              0              0              0              0 0.136773650639 0.707106781187 0.990602326108              1              1              1              1              1              1              0              0              0              0              0
             0              0              0              0              0              0              0              0              0              0              0              0              0              0              0 0.136773650639 0.707106781187 0.990602326108              1              1              1              1              1              1              0              0              0              0              0
             0              0              0              0              0              0              0              0              0              0              0              0              0              0              0 0.136773650639 0.707106781187 0.990602326108              1              1              1              1              1              1              0              0              0              0              0
             0              0              0              0              0              0              0              0              0              0              0              0              0              0              0              0 0.136773650639 0.990602326108              1              1              1              1              1              1              0              0              0              0              0
             0              0              0              0              0              0              0              0              0              0              0              0              0              0              0              0 0.136773650639 0.990602326108 0.990602326108              1              1              1              1              1              0              0              0              0              0
             0              0              0              0              0              0              0              0              0              0              0              0              0              0              0              0 0.136773650639 0.707106781187 0.990602326108              1              1              1              1              1              0              0              0              0              0
             0              0              0              0              0              0              0              0              0              0              0              0              0              0              0              0 0.136773650639 0.707106781187 0.990602326108              1              1              1              1              1              0              0              0              0              0
             0              0              0              0              0              0              0              0              0              0              0              0              0              0              0              0 0.136773650639 0.707106781187 0.990602326108              1              1              1              1              1              0              0              0              0              0
             0              0              0              0              0              0              0              0              0              0              0              0              0              0              0              0 0.136773650639 0.707106781187 0.990602326108              1              1              1              1              1              0              0              0              0              0
             0              0              0              0              0              0              0              0              0              0              0              0              0              0              0              0              0 0.136773650639 0.990602326108              1              1              1              1              1              0              0              0              0              0
             0              0              0              0              0              0              0              0              0              0              0              0              0              0              0              0              0 0.136773650639 0.990602326108 0.990602326108              1              1              1              1              0              0              0              0              0
             0              0              0              0              0              0              0              0              0              0              0              0              0              0              0              0              0 0.136773650639 0.707106781187 0.990602326108              1              1              1              1              0              0              0              0              0
             0              0              0              0              0              0              0              0              0              0              0              0              0              0              0              0              0 0.136773650639 0.707106781187 0.990602326108              1              1              1              1              0              0              0              0              0
             0              0              0              0              0              0              0              0              0              0              0              0              0              0              0              0              0 0.136773650639 0.707106781187 0.990602326108              1              1              1              1              0              0              0              0              0
             0              0              0              0              0              0              0              0              0              0              0              0              0              0              0              0              0 0.136773650639 0.707106781187 0.990602326108              1              1              1              1              0              0              0              0              0
             0              0              0              0              0              0              0              0              0              0              0              0              0              0              0              0              0              0 0.136773650639 0.990602326108              1              1              1              1              0              0              0              0              0
             0              0              0              0              0              0              0              0              0              0              0              0              0              0              0              0              0              0 0.136773650639 0.990602326108 0.990602326108              1              1              1              0              0              0              0              0
             0              0              0              0              0              0              0              0              0              0              0              0              0              0              0              0              0              0 0.136773650639 0.707106781187 0.990602326108              1              1              1              0              0              0              0              0
             0              0              0              0              0              0              0              0              0              0              0              0              0              0              0              0              0              0 0.136773650639 0.707106781187 0.990602326108              1              1              1              0              0              0              0              0
             0              0              0              0              0              0              0              0              0              0              0              0              0              0              0              0              0              0 0.136773650639 0.707106781187 0.990602326108              1              1              1              0              0              0              0              0
             0              0              0              0              0              0              0              0              0              0              0              0              0              0              0              0              0              0 0.136773650639 0.707106781187 0.990602326108              1              1              1              0              0              0              0              0
             0              0              0              0              0              0              0              0              0              0              0              0              0              0              0              0              0              0              0 0.136773650639 0.990602326108              1              1              1              0              0              0              0              0
