0.000146704194001  0.00131347928998  0.00253239298271  0.00348201051089  0.00376709854351  0.00339997714251   0.0023825145578 0.000766249910275 0.000203127236507 0.000183512684823   0.0001410095262 9.12198935587e-05 6.38190161982e-05 4.78990561937e-05 4.75605969757e-05 6.61746834078e-05 9.75356579054e-05 9.53323445101e-05  0.00010078017143 0.000117768224841 0.000126452648516 0.000129505681382 0.000131221712134 0.000136583666464 0.000135903885033 0.000145928475754 0.000149215537325 0.000146279891526  0.00014565418333
4.34008234965e-05  0.00119164789345  0.00232313963222  0.00338774776198  0.00371379792084  0.00314630493826  0.00184823384123 0.000378135411816 0.000251160872309 0.000172013714679  0.00012029896951 8.52878372928e-05 7.27301854403e-05 5.86522575993e-05 5.54820426245e-05 6.52776019256e-05 8.92312134452e-05  9.0260741764e-05 9.62468236129e-05 0.000110464510521 0.000111779843498 0.000117346419688 0.000119949952713 0.000133237112412 0.000132482224736 0.000132204392917 0.000134456837631 0.000136363452563 0.000136981928435
  0.0023283885907   0.0012023867332  0.00231033310338  0.00326528821986  0.00338850912003  0.00246632581146 0.000675762729081 0.000366580766272 0.000261328313321 0.000187621320396 0.000140702614751 9.66456289989e-05 5.99845120046e-05 4.18259866206e-05 3.18027575502e-05 3.70665325053e-05 6.23498407008e-05 6.06812040351e-05 6.84279392226e-05 8.32300594271e-05 9.52923671319e-05 0.000102387412306 0.000100875902011 0.000109139543836 0.000108442604702 0.000109795951764 0.000115946493216 0.000118798021636 0.000119437021434
 0.00208408570343  0.00115162166359  0.00229432068351  0.00325172161262  0.00295838682773  0.00137458984093 0.000242772759979 0.000361052317198 0.000257071360183 0.000183482675667  0.00013949049268 9.49205444082e-05 6.01436778924e-05 4.25795186485e-05 2.99243031188e-05  2.7175541109e-05 4.64771195526e-05 4.54231535556e-05  5.1163324621e-05 6.92822634086e-05 6.85316144421e-05 7.57781264258e-05  7.8694348392e-05 8.99786582011e-05 9.03144141977e-05 9.45403523975e-05 0.000100449140198 0.000100114787701 0.000100224585878
 0.00513714951442  0.00118548620835  0.00216119846888   0.0029721574975  0.00267575269707 0.000761541752988 0.000520689300938 0.000366022449295 0.000267027526126 0.000194638489582 0.000150117404305 0.000110121353817 6.87464633046e-05 5.33014005123e-05 3.84786287783e-05 2.24780667279e-05 2.65549998564e-05 2.37064358809e-05 2.91027422477e-05 4.78934416857e-05 5.78311079302e-05 6.85975316832e-05 6.51581352521e-05 7.98952721047e-05 8.16624632682e-05  8.1055207933e-05 8.43999753526e-05 8.39396061881e-05 8.41065624042e-05
  0.0017590680632  0.00124218849946  0.00207383356069  0.00239032197092 0.000847678532521 0.000732333006874 0.000624383766853 0.000443485644742 0.000343386591441 0.000258169320518 0.000225853852362 0.000166529779732 9.42359141436e-05 8.13595894127e-05 6.20130242706e-05  3.9097261115e-05 1.50343229406e-05 1.07310392673e-05 1.26663227213e-05 2.93576507764e-05 3.77743524105e-05 4.46665888707e-05 4.46374252318e-05 5.67837473932e-05 5.57941986391e-05 5.98837135756e-05 6.36679780252e-05 6.28268143186e-05  6.3326352821e-05
0.000124483208557  0.00133643442566  0.00246150477862  0.00215191700952 0.000665390589126 0.000890053922357 0.000745676329437 0.000569380656525 0.000483971142295 0.000387648120035  0.00037202902624 0.000300633949916 0.000185673944829  0.00017579364061 0.000154189825407 0.000116200944778 5.34266176512e-05 5.06352550514e-05 3.94252144567e-05 9.24738158324e-06 8.31809825799e-06 1.55033846648e-05 1.68164843355e-05 3.42520651222e-05 3.39818248517e-05 3.84217099568e-05 4.48996771214e-05 4.59268973402e-05 4.67593750607e-05
0.000139529033993  0.00106655746849  0.00162657211964  0.00144327992933 0.000650476248813 0.000904246052689 0.000764789798462 0.000593453526105 0.000522566491206 0.000434170323188 0.000421922231658 0.000357019253939 0.000256583340598 0.000270530103569  0.00022924229068 0.000184671210474 0.000115152122782 0.000115814506974 0.000102659989275 6.02803547851e-05 4.05422881579e-05 2.48330182827e-05 2.41470942782e-05 3.93614143088e-06 1.57583656311e-06 5.97641826792e-06 1.55806794176e-05  1.7228411706e-05 1.78918790637e-05
0.000100566847325  0.00109105239053 0.000581164689087 0.000960049321123  0.00123273905149 0.000951823372255 0.000795006326905  0.00065160376951 0.000566503233931 0.000500417896911 0.000489110804895 0.000429003249382 0.000331445346635 0.000315438601257 0.000319530433391 0.000255473341219 0.000184003534175 0.000186446652728  0.00017024831934 0.000120835199539 0.000101293589397   7.708443471e-05 7.67405868843e-05 4.40881124303e-05 4.15526296077e-05 3.51192399096e-05 2.21249062549e-05 1.90766652722e-05 1.92078086191e-05
 0.00021592393238 0.000439599284339 0.000568027570397  0.00136219371601  0.00155915112214  0.00119607743134  0.00100199895365 0.000813034137533 0.000701432892987 0.000609491946885 0.000593693101927 0.000526779066585 0.000396857259309 0.000394508329516 0.000357923347951 0.000317200648295 0.000231641240096 0.000226444411907 0.000221151202012 0.000176816441555 0.000155922172764 0.000135916388341 0.000136965255502 0.000108133173803  0.00010377706328 0.000100083726287 8.22262967301e-05  7.7434287048e-05 7.67454773461e-05
6.68732808629e-05 0.000398357491323  0.00133263399136  0.00188263795943  0.00189497449639  0.00149743028997   0.0010214765135 0.000720444106633 0.000572368473247 0.000449481890362 0.000405969788254 0.000388794026159 0.000370959009993 0.000378657465754 0.000362074339581 0.000334837246677 0.000283285999218 0.000285435510871 0.000253978111891 0.000206334395869 0.000190413003536 0.000174682500237 0.000173347042212 0.000148067877252 0.000148464915748 0.000144702932558 0.000132621724196 0.000128957918994 0.000129121794781
1.08466511641e-05 0.000433540458871  0.00127033354304  0.00180692123258  0.00173911041203  0.00179233288776  0.00130725623661  0.00127011937122 0.000791435852223 0.000591934323442 0.000437078581494 0.000405141719761 0.000372669370672 0.000361053500262 0.000348447336428 0.000344987160735 0.000288626368697 0.000297166313987 0.000284718842044 0.000258504923455 0.000224634926383 0.000208288313652 0.000205497340075 0.000181684591122 0.000178595533216 0.000174476765724 0.000159225943661 0.000155175502231 0.000159423787994
1.44013673867e-05 0.000467194552762 0.000514502943998  0.00127074716694   0.0015126246813  0.00122354562721  0.00110919132436 0.000940278938108 0.000931435347598 0.000683390549548 0.000709614402812 0.000530860940697 0.000436601139939  0.00043626687916 0.000409768145323 0.000367435125851  0.00032618777546 0.000317778956737 0.000323129310808 0.000282719531533 0.000278755857268 0.000247328057871 0.000267166342478 0.000212978307355 0.000229077462918 0.000222597968154 0.000210108184164   0.0002064835756 0.000210731998394
1.02596094461e-05 0.000462326404514 0.000455552183005  0.00113237305437  0.00141596775425  0.00124641566787  0.00120224699466  0.00123491230704  0.00124564991173   0.0010177239937 0.000901073089215 0.000486587472556 0.000418462857894 0.000410461829164 0.000401244056862 0.000392092859275 0.000339059067992   0.0003348858671 0.000313789655053 0.000303942193479 0.000276260248313 0.000283389534026 0.000268366613317 0.000259638335279 0.000248630228635 0.000251146124512 0.000251361463651 0.000253562245937 0.000252649038026
 2.0749111362e-05 0.000472302261019 0.000308835524138 0.000979963860695  0.00123018426752 0.000977429842443 0.000851326084229 0.000736716510156 0.000723937167956 0.000790398195925 0.000508289258787 0.000553323073734 0.000353920056823 0.000355390628003  0.00032513868361 0.000328127933299 0.000309913987354 0.000315965089834 0.000312844225226 0.000302445415281 0.000300742683389 0.000297054324999  0.00030381921833 0.000294893908298 0.000295055822012 0.000285830947202 0.000274990196952 0.000274479533324  0.00027783154639
1.91552067186e-05 0.000465075086696 0.000208297550562 0.000926049463111  0.00114257275789 0.000828809564984 0.000668030219274 0.000565527409136 0.000511205457201 0.000473404856768 0.000515678927675  0.00043381200178 0.000413950878335 0.000440279996909 0.000334611628591 0.000351612699769 0.000298695017091 0.000280792460888 0.000282316692195 0.000288088467308 0.000297209756837 0.000290663239767 0.000295193583388 0.000285612901613  0.00029402090574 0.000291657159442 0.000283991612048 0.000279772384514 0.000280105435122
  4.981442649e-05 0.000268346999212 0.000885654215049  0.00166211368539  0.00134242205891 0.000865306273435 0.000694576226201 0.000637581906594 0.000608960590524 0.000667484979272 0.000717903109115 0.000608623405724 0.000646409611941 0.000598893826573 0.000340565277039 0.000486883592754 0.000214044485362 0.000221957007666 0.000234791642135 0.000255055355326 0.000261886721697 0.000280744104499  0.00026942591103 0.000297114060682 0.000292065336534 0.000295137197982 0.000300312020033 0.000306512631215 0.000301485054545
0.000117952211754 0.000326277842955 0.000822726590853  0.00186016858257  0.00155784063992 0.000779224622332 0.000610127770436 0.000592242544678 0.000564783402209 0.000636544045257 0.000681427965481 0.000621208333726 0.000575205415999 0.000420177591056 0.000266385814122 0.000297632443969 0.000113141445612 8.56276747963e-05 0.000102977108871 0.000146484574879 0.000172048922151 0.000193158651426 0.000195833477377 0.000237506953889 0.000231613002467 0.000243200773191 0.000267484691459 0.000263095276885 0.000265462796775
0.000193078444476 0.000441676330366 0.000614863637506  0.00214992462261  0.00191525640437 0.000699165408282 0.000499766754268 0.000396857041362 0.000330555083478 0.000356617207852 0.000329372029536 0.000490112084848 0.000502819869212   0.0002118600339 0.000308417875296 0.000102385662951 0.000235754085333 0.000107982217343 9.12961203698e-05 0.000120236405952 0.000136520500605 0.000151347609192 0.000150506166242 0.000172416348706 0.000174365371259 0.000178448932506 0.000182981368051  0.00019095664349 0.000191108263566
9.25314511368e-05 0.000952208146058 0.000328386208044  0.00180236528776  0.00139786117504 0.000699229650422 0.000495491519119 0.000348944444156 0.000267449510386 0.000206561445499 0.000177153583016 0.000342405066259 0.000153469665116 0.000235142190825 0.000123958968057 5.29637963871e-05 6.33458109927e-05 5.94163710424e-05  6.7831546896e-05 9.53443373465e-05 0.000104288808297 0.000109169254793 0.000110681722722 0.000129944444106 0.000129856146699 0.000127876270254 0.000136774922419 0.000137233031126 0.000141812803747
1.74273000176e-05  0.00135505927537 0.000250279278457   0.0013756975183  0.00097854521007  0.00069643697698  0.00049350409588 0.000345194017142 0.000244538540224 0.000177549518546 0.000139510375908  0.00011821008965 9.30989310284e-05  0.00013078801645 6.83441558568e-05 5.69683529051e-05 6.62942313778e-05 5.78258697296e-05 6.72470784799e-05 8.53443373824e-05 9.58145811567e-05 0.000103891098901  0.00010067500908 0.000112220567133 0.000114047624433 0.000117119607455 0.000116872308766 0.000114978234736 0.000124851366224
6.77436685941e-05  0.00153297592715 0.000590289087987  0.00146092360851  0.00109670561959 0.000743118104199 0.000558439215226 0.000388060014012 0.000284076617637 0.000199770153629 0.000156659371844 0.000105108722876 7.50782688004e-05 5.71342207247e-05 3.14480445373e-05 5.52641675169e-05 5.45252048553e-05  5.3137168814e-05 4.98817815216e-05 6.40886481836e-05 6.62302379679e-05 7.05843358349e-05 7.19968757311e-05 8.28211958531e-05 8.23143804861e-05 8.59350452577e-05  9.0557104199e-05 9.06185362931e-05  9.5041630576e-05
0.000107535834442  0.00122263109105 0.000617456665407  0.00171129716301  0.00143837542475 0.000962272691581 0.000646726541835 0.000445404724387 0.000327244670522  0.00024158081728 0.000205366704708 0.000157305457762 9.12528638743e-05 7.88494902846e-05 5.85813173648e-05 4.51160210089e-05 2.26176768894e-05 1.52175363084e-05 2.14046669846e-05  3.8570637996e-05 4.81541058306e-05 5.58722081336e-05 5.22960687361e-05  6.4248876342e-05 7.14179758398e-05 7.42968967067e-05 7.82240777961e-05  7.9913894082e-05 8.45532903443e-05
0.000152612848416 0.000798503199712 0.000756809039831  0.00199434971698  0.00223179177285  0.00157113062354 0.000884177657062 0.000624499122859  0.00042482854153 0.000286311830548 0.000206860047347 0.000148749141016  9.9456451116e-05 9.13852897037e-05 7.39931861103e-05 5.02620292229e-05  1.9501262578e-05 1.84703840881e-05 1.18721396022e-05 1.40599191972e-05 2.43301032305e-05 3.34406708482e-05 3.16829776322e-05 4.74087252628e-05 4.48931836664e-05 4.69790734915e-05 5.26129787299e-05  5.3162999894e-05 5.51361582082e-05
0.000152772712822 0.000805341633528   0.0009998293925  0.00228829343201  0.00292802076038   0.0022739449556  0.00162656188473  0.00128563717325  0.00102955336823 0.000767489434379 0.000582097427722  0.00038071918329 0.000203093546386 0.000146885703461 0.000108518491697 7.49248964112e-05 3.74303810999e-05  3.7581431422e-05 3.15769775319e-05  1.0897272086e-05 6.78523298425e-06 1.25224596327e-05  1.2828150004e-05 2.72548615086e-05 2.69613298982e-05 3.04853226412e-05 3.63696164412e-05 3.96871527652e-05 4.01870768786e-05
0.000100289333551 0.000865197809057  0.00114995074952  0.00242789402771  0.00340423198854  0.00316185654388  0.00252879613341  0.00212291134911  0.00195678220959  0.00172278427684   0.0015217968695  0.00122391339847 0.000857134206437 0.000658536952154 0.000471427816129 0.000297127800976 0.000140145948413 0.000122052304952 0.000106131808044 6.61271425797e-05 4.75957369365e-05 3.13559366602e-05 3.13047388001e-05  4.7673037314e-06 3.87929950273e-06 2.29051255251e-06 1.20562615282e-05 1.41263727476e-05 1.52438361496e-05
0.000137320307504 0.000631394648676 0.000792993647359  0.00211560814989  0.00302070570734  0.00279770210355  0.00242327773467  0.00210222772244  0.00198623109062   0.0018422209224  0.00177320906881  0.00157613392368  0.00126108276458  0.00111156591864 0.000854521863507 0.000605606184163 0.000345562924041 0.000311667379147 0.000277540449593 0.000176304621773  0.00014097695528 0.000114646528141 0.000114949795818  6.6497870715e-05 6.65970202569e-05 5.98558957871e-05 4.16976867023e-05 3.89829562928e-05 3.85990827749e-05
 0.00019447596146 0.000811215373254  0.00103352735482  0.00228332994371  0.00312230977422  0.00322399679088  0.00289920016949  0.00232911273299  0.00215648066719  0.00199687910608  0.00197913597306  0.00184355040181  0.00156177805691  0.00151825739136  0.00136178546136  0.00113526456984 0.000811777628143 0.000796632257386 0.000728241083509 0.000563374020353 0.000471045221689 0.000385335070978 0.000381645714631 0.000253371381732 0.000249819033032 0.000220602184396 0.000158330430534 0.000153121190935 0.000155806726096
0.000140720441015  0.00149824767219  0.00196668610246  0.00259589932656  0.00321125059343  0.00333251200735  0.00322207665382  0.00286571456018  0.00273082949234  0.00259171583837  0.00258578739488  0.00246942081991  0.00223731480618  0.00223421031434  0.00217573935742  0.00204052038306  0.00180872086721  0.00180556476736  0.00175684067262  0.00161673007974  0.00153301761865  0.00146212862046  0.00146339451438  0.00132665955609  0.00132907551288  0.00131026351063  0.00124235953448  0.00122357716926  0.00122195512894
6.32744951985e-05  0.00101465328161  0.00166049448437  0.00254877986149   0.0037123780829  0.00442154720307  0.00424139471892  0.00414726496744  0.00408505729139  0.00405972046265  0.00405647380509  0.00405734794611  0.00404156439015  0.00404275831342  0.00403921471518  0.00402819415511  0.00401079921835   0.0040136056429  0.00401157546863  0.00400796718355  0.00400873172734  0.00401092193769   0.0040106781438  0.00401678809702  0.00401242298051  0.00401659444421  0.00402277771671   0.0040247468666  0.00402582191326
5.55117866764e-05  0.00125578833418  0.00205243790419  0.00261534113442   0.0038245838326  0.00494711242503  0.00514190907677   0.0046899403776  0.00441951058167  0.00443829585527  0.00442974906478   0.0044987984312  0.00464539681739  0.00463577729475  0.00467764779065   0.0047477777507   0.0048756832659  0.00487564232293  0.00490355603474  0.00498547244209  0.00502671132594  0.00506249235712  0.00506234558538  0.00512505512314  0.00512910767637  0.00513783255915  0.00516813995188   0.0051729092589   0.0051722555626
0.000145234547334  0.00116605484297  0.00196710376758  0.00233622083357  0.00302099266935  0.00359656871483  0.00379595765424  0.00362814976666  0.00353746394544  0.00348864566039  0.00347160604046  0.00345294639928    0.003424511376  0.00343336788636  0.00342270377967  0.00341035808902  0.00338999106068   0.0033899826049  0.00338617146926  0.00337518245081  0.00337112497328  0.00337446880385  0.00336063180128  0.00336099256938  0.00335866864742  0.00335814542112  0.00335311893947   0.0033521658532  0.00335121345612
7.77053852351e-05  0.00129951482678  0.00220914912215  0.00261226837424  0.00300433238772  0.00338979966483  0.00342302573201  0.00337338565998  0.00335322572117  0.00332610521561  0.00331944237561   0.0032935161214  0.00324844509174  0.00324735193871  0.00323655424176  0.00321526656628  0.00317374441913  0.00317372863878  0.00316371204883  0.00313425803947  0.00311839894342  0.00309765920214  0.00311136471156  0.00308192081113   0.0030841880411  0.00307978614233   0.0030711293563  0.00307017619129  0.00307077402129
0.000223318809587  0.00113470628266  0.00179303738467  0.00211946241483  0.00292994898206  0.00412674410248  0.00436805260476   0.0041226657932  0.00396044512146  0.00386575012577  0.00384272880818  0.00383881750329  0.00383177768495  0.00376499538538  0.00379587901662  0.00379284725561  0.00378755192594  0.00378741716842  0.00378657541139  0.00378323127787  0.00378108206483  0.00378322856494  0.00377583660124  0.00377607465617  0.00377351422947  0.00377381727076  0.00377148395409  0.00377106701135  0.00377136666366
0.000176364849393  0.00100967624247  0.00178808307478  0.00236622199237  0.00282331912375  0.00409439604642  0.00461045960316  0.00443853053503   0.0043180117523  0.00424971380269    0.004225406384  0.00423267820408  0.00424575618935   0.0043109555599  0.00428085005666  0.00428630485793  0.00429624201709  0.00429632990872  0.00429846190321  0.00430524911394  0.00430870219211  0.00430774795467  0.00431513863256   0.0043164495862  0.00431889547223  0.00431842139438  0.00432062161891  0.00432121774735  0.00432080198573
8.26785074602e-05  0.00106937014535   0.0018653854322  0.00255666753438  0.00368050535722  0.00417489232206  0.00446899353825  0.00438059966669  0.00434482049648  0.00429842354404  0.00430815447676  0.00427700165826  0.00423160274421  0.00423179563774  0.00422322524125    0.004206382598  0.00418155733217  0.00415483182362  0.00416351920941  0.00415039770918  0.00414514775962  0.00414121231125  0.00414025826445  0.00413310550942  0.00413328580212   0.0041320952087  0.00412893309417  0.00412809858419  0.00412827853017
0.000131423280312   0.0014314428977  0.00239337626265  0.00307378239529  0.00412783584356  0.00457673072913  0.00479739131365  0.00474918422927   0.0047274282271  0.00471612472718  0.00470369674085  0.00470341477684  0.00471059894786  0.00471047445304  0.00471161659851  0.00471489352875   0.0047216708009  0.00474800729688  0.00473703315638  0.00474406017983  0.00474798979968   0.0047550211505   0.0047483448081  0.00475823898534  0.00475227981559  0.00475645304086  0.00475990790673  0.00476026541227  0.00475931274626
0.000166065176157  0.00122835953617  0.00231361678817  0.00290553052873  0.00391427210018  0.00436470038675  0.00437278555294    0.004350912921  0.00436739337338   0.0044090560943  0.00439512216074  0.00445174530326  0.00455596716415  0.00455551721613  0.00457871769662  0.00462489609049  0.00470545233011  0.00470580007586  0.00472236560656  0.00477076144281  0.00479543507934  0.00481331479087  0.00482106266786  0.00485479866184  0.00484752761392  0.00485760115973  0.00487506404383  0.00487822297729  0.00487864129553
0.000136299873966  0.00134867859814  0.00213887665857  0.00268708897033  0.00311668839951  0.00333336209007   0.0032092845252  0.00317347385741  0.00316467640236  0.00314675120061  0.00313349781427  0.00312596461253  0.00309847973439  0.00309750983335  0.00308826071805  0.00307057141595  0.00303463077025  0.00303341728782  0.00302613734015  0.00300300659053  0.00299001040601  0.00297808797629  0.00297808719988  0.00295686765502     0.00296986191  0.00295925249309  0.00294840350209  0.00294762851673  0.00294929820741
0.00019268345024 0.00105787029467 0.00169375795857 0.00226054941714 0.00246152661539 0.00227274624598 0.00271409709778 0.00281777688417 0.00268936144976 0.00258113365132 0.00254290773051 0.00248215758002 0.00241885997592 0.00241723588091 0.00240618892152 0.00238518372911 0.00235229911421 0.00235345463401 0.00234605031766 0.00232613712889 0.00231755113805 0.00231075469629 0.00231003850779 0.00229954770109  0.0022996672415 0.00229877336905 0.00229585182446 0.00229477903295 0.00229263429965
2.74839791107e-05  0.00109872820651  0.00176838490178  0.00241521419634  0.00234578613079   0.0028865167838  0.00376176410079  0.00422949294483  0.00403096775497  0.00385003293545  0.00373626854346  0.00369451121775  0.00365714768197  0.00364645943387  0.00364094102015  0.00362315349555  0.00358880309033  0.00357369415331  0.00357330922423  0.00355029483604  0.00353741847538  0.00352585432334  0.00352656916206  0.00350594574217  0.00349450190687  0.00349623050884  0.00348562021466  0.00348305703878  0.00348359467802
7.90543632622e-05  0.00117919617286  0.00199874606714  0.00258865720591  0.00282638840422  0.00328154196081  0.00416326153296  0.00474316026027   0.0046585907637  0.00461504605838  0.00456212737479  0.00457987237479  0.00460581899268  0.00461128197245  0.00460856273622  0.00461456203739  0.00462605028491  0.00464059326946  0.00463656698387  0.00464702684678  0.00465452903742  0.00466096472327  0.00466108369009  0.00467276616226  0.00468409128491  0.00468081306326  0.00468719025914  0.00468730929799  0.00468653556028
4.91528010736e-05  0.00114335853977  0.00203306158032  0.00264203859191  0.00300092646432  0.00382088607367  0.00445017857537  0.00493868133357  0.00491965586253  0.00489712292436   0.0048795799407  0.00490177691534  0.00495389969376  0.00495328749255   0.0049675541277  0.00499288788375  0.00503688391666  0.00503725120396  0.00504636763608  0.00507406381847  0.00508798278999  0.00510299454749  0.00509834334975  0.00512290020284   0.0051230196147  0.00512683440947  0.00513714572161  0.00514030456861  0.00514108071485
 9.050088932e-05 0.00141513223155 0.00248250224337 0.00302940062628 0.00372040151409 0.00460702504875 0.00482654438198 0.00487284528684 0.00479433865131 0.00478307787848 0.00477928588253 0.00477900107256 0.00476201840264 0.00476063247658 0.00475238903349 0.00473909962182 0.00470883963395 0.00470724316696 0.00469882074121 0.00467403620958 0.00465717845344 0.00464082593687 0.00464523045033 0.00461721446481 0.00461709514132 0.00461232693449 0.00459986938921 0.00459802152212 0.00459873728471
6.1094999008e-05 0.00128278492896 0.00255488532661 0.00342248653186  0.0039518959348 0.00478484969745 0.00468543694528 0.00435155509683 0.00412060135871 0.00411585438786  0.0040832617643 0.00407200919839 0.00410633389481 0.00410768818589 0.00411793229133 0.00413719040408  0.0041766886592 0.00417793447462 0.00418767501638 0.00421653722634 0.00423388256899 0.00424839737857 0.00424826619694 0.00427508450462 0.00427520289288 0.00427973281595 0.00429171330996 0.00429362059886 0.00429278645336
0.000130159499557  0.00129721928685  0.00232276502773  0.00292797853574  0.00343204544367  0.00379458331399  0.00352048472875  0.00341566106167  0.00341741301323  0.00341363658952  0.00340916580479  0.00341360722932    0.003404840454  0.00340680889382  0.00340257771171  0.00339529617168  0.00337680196067  0.00337654850925  0.00337142738799  0.00335560683693  0.00334613417402  0.00333668792096  0.00333691335834  0.00331890770727  0.00332009812606  0.00331544883015  0.00330591208914    0.003304183509  0.00330454612518
8.29531794561e-05  0.00108860543288  0.00170054214956  0.00226474979423   0.0025797538353  0.00218725000718  0.00270552896524  0.00358738034646  0.00415765739718  0.00385005536017  0.00362403410329  0.00344042839551  0.00339153335646  0.00338666957502  0.00338033925833  0.00336798242339  0.00334411656998  0.00334387899539  0.00333876742373  0.00332485694102  0.00331991481774  0.00331654608319  0.00331641146733  0.00331187507049  0.00330686619699  0.00330972677699  0.00330936913936  0.00330919028829  0.00330943225327
4.96782395083e-05  0.00107037675659  0.00166309282909  0.00219303612165  0.00251790502502  0.00237332605259  0.00266786063495  0.00359854618041  0.00420080698392  0.00404232450724  0.00393177666902  0.00385343788689  0.00383765951173  0.00383704837863  0.00383249827455  0.00382708670609  0.00381675374811  0.00381671809307  0.00381373853258  0.00380542182419  0.00380261475119  0.00380257476014   0.0037979037996  0.00379670157957  0.00380039332305  0.00379824655628   0.0037977695757  0.00379723312737   0.0037962203597
6.70322273344e-05  0.00121765980721  0.00179149592918  0.00231889387134  0.00258294010262  0.00263453615278  0.00322792957768  0.00395867532601  0.00441295701493  0.00440139112373  0.00430986052641  0.00425850093531  0.00424857281124   0.0042447308541  0.00424785700115  0.00425175557683  0.00426142337643   0.0042612983021  0.00426392406952  0.00427121445377  0.00427364117002  0.00428276874443  0.00427010192876  0.00428176874287   0.0042818812421  0.00428271351341  0.00428533566086  0.00428628926208  0.00429421737581
2.89703658145e-05  0.00129403831559  0.00227916406717  0.00286999464906  0.00327741710312  0.00362540004478  0.00428194887923  0.00454098659588  0.00463339374609  0.00459926244651  0.00459939569277  0.00459912168816  0.00460568542086  0.00460387107858   0.0046052323827  0.00460805869082  0.00461070255411  0.00461077926918   0.0046103461716  0.00460930824218   0.0046078042674    0.004596781664  0.00461391201041  0.00459970560859  0.00459969587981  0.00459826143065  0.00459349191283  0.00459206115853  0.00458389617695
3.43099617745e-05  0.00117673093848  0.00238058666347  0.00320616186749  0.00374918046675   0.0044311344296  0.00505953281369  0.00502172966567  0.00477798869718  0.00458588649441  0.00452251112525  0.00449762199237  0.00451978245686   0.0045111632568  0.00452141257286  0.00454112328992  0.00458229854968  0.00458231075658  0.00459218185127  0.00462121594069  0.00463558390322  0.00464805192199  0.00464849149985  0.00466885269925  0.00466562180883  0.00467288975075  0.00468456854069  0.00468748837033  0.00468868153107
7.45441815255e-05  0.00132679378427  0.00264120467095  0.00341793755395   0.0039495678625  0.00452573662141  0.00474134007126  0.00430559186828   0.0039540878735  0.00379683944471  0.00379722422435  0.00381376468152  0.00385606426639  0.00384788244058   0.0038494060147  0.00385245077009  0.00385101358166  0.00384291284246  0.00384443522543  0.00384154552575   0.0038397215006  0.00383741984275  0.00383703281628  0.00383283965633   0.0038362863053  0.00383032174888  0.00382316227128  0.00382059851462  0.00381964529357
1.67960051897e-05  0.00119992583577  0.00175467001153  0.00229027066964  0.00248272328542  0.00247579138041  0.00247873251741  0.00256574418248  0.00364710917862  0.00410709069544  0.00383509870846  0.00359872625263  0.00346239325652  0.00346390851333  0.00345823767473  0.00344848199988   0.0034233988973  0.00343052386724  0.00342335923416  0.00340795998656  0.00340185253579  0.00339812751063  0.00339702931087  0.00339164542671  0.00339151402347  0.00339222298548  0.00339377029547  0.00339543854905  0.00339716854051
5.17736890011e-05  0.00102328396245  0.00167170221718  0.00226392141118  0.00262828577647   0.0028486120806  0.00282594524449  0.00301040525381  0.00366933994674  0.00416245874016  0.00404944110774  0.00394925635618  0.00387450202255  0.00386067926841  0.00385614645539   0.0038475440167  0.00383519313677  0.00383586791972  0.00383190738214  0.00382353389953  0.00381766371436  0.00381286615832  0.00381438958953  0.00380566561189  0.00380553194579  0.00380385483178  0.00379920204452  0.00379669741521  0.00379461228573
7.05568830437e-05  0.00120013719278  0.00202594031703  0.00266137887918  0.00303376473452  0.00320954987295  0.00340720355689  0.00383732075996  0.00406575087407  0.00428809037477  0.00428007049198  0.00426099938648  0.00424463820689  0.00424279015955   0.0042414921051  0.00423815828827  0.00423479395895    0.004234882112  0.00423115201924  0.00422766562979  0.00422620779254  0.00422403017336  0.00422364312262   0.0042205199893  0.00422002657669  0.00421918236367  0.00421703169697  0.00421691072844   0.0042168515884
4.08176976842e-05   0.0011980829158  0.00199129323616  0.00249720553437  0.00288906463438  0.00313130004292  0.00331101486467  0.00383962682148  0.00437833987596  0.00480712249094  0.00482817914163  0.00479256614489  0.00476820440615  0.00478498894881  0.00478854776211   0.0048038292151  0.00482568772623  0.00482572979189  0.00483206504234  0.00483980630045  0.00484502735784  0.00484869564491  0.00484771322291  0.00485400620021   0.0048545835319  0.00485552523801  0.00485814134451  0.00486004586681  0.00486237173081
3.00179529208e-05  0.00127456274839  0.00248523759703  0.00326536686272  0.00378939325379   0.0041984512064  0.00449596089083  0.00502729431486   0.0049429527589  0.00463243193621  0.00443005322009  0.00444402957639  0.00447606709557  0.00444797040655  0.00445589468819  0.00446528499208  0.00449008187681  0.00448759511499  0.00449703046088  0.00452028655487  0.00452993457495  0.00453921549843  0.00454038677978  0.00455622094952  0.00455608472333  0.00455905309087  0.00456739091077  0.00456738780078  0.00456643404877
2.6442403531e-05 0.00138086199263 0.00272469587288 0.00357660287493 0.00409878429328 0.00463116144415 0.00490798931397 0.00513274358294 0.00483494307169 0.00424113023873 0.00389447584873 0.00387001875006 0.00386244185119  0.0038497412248 0.00385629802778 0.00387055647214 0.00388699718151 0.00388927040924 0.00388916471278 0.00389476696627 0.00389583793816 0.00389606642342  0.0038960521031 0.00389543959422 0.00389411399065 0.00389446066552 0.00389266588086 0.00389290141751 0.00389200712617
9.61845655616e-05  0.00112688517607  0.00178367536397   0.0023029152168  0.00268108928708  0.00287106618268  0.00306476682462  0.00292454737509  0.00278300960981  0.00338486823174  0.00366144348015  0.00349408894863  0.00333541119847  0.00333461957497  0.00331703568413  0.00329203404196   0.0032373008515  0.00323729239361  0.00322502050104  0.00319451103178  0.00317616000799  0.00316362911069  0.00316373848158  0.00314512989135  0.00314619167148  0.00314320253048  0.00313735551631  0.00313627960196  0.00313801046061
7.32017799978e-05  0.00116269043107  0.00180606107584  0.00236888581895  0.00266065647434  0.00280488759421  0.00307693447567  0.00260910444202  0.00269827551281  0.00349764910932  0.00405960338487  0.00385860670345   0.0036935380219   0.0036152699625  0.00359647136055  0.00359268325579  0.00359277248881  0.00359252940519  0.00359265700238  0.00358992222456  0.00359290500103  0.00359445361586  0.00359432667541  0.00359562667763  0.00359585326552  0.00359584305017  0.00359547840618  0.00359571324574  0.00359392698661
9.88893168335e-05  0.00108584296452  0.00174998582499  0.00228742681573  0.00263901118151  0.00283488995331  0.00305192386779  0.00291413110513  0.00310253741861  0.00393465921224  0.00445950938398   0.0044200158519  0.00436992104122  0.00432397544672  0.00431764464996  0.00431220747042  0.00430456162133  0.00430432842815  0.00430421521234  0.00429945647225  0.00429791068733  0.00429588444639  0.00429552036439  0.00429360247142   0.0042931134966  0.00429274472554  0.00429261742784  0.00429320862537  0.00429416178297
0.000112545008072  0.00133964660428  0.00209403939795  0.00255506817437    0.002892841744  0.00306087241291  0.00327391405852  0.00324071900162  0.00359464228307  0.00396336421602  0.00431619202239  0.00433498053631  0.00427576697461  0.00423726461266  0.00425674272441  0.00427156044161  0.00429954804482  0.00429978749145  0.00430372964661  0.00431720775146  0.00432579759809  0.00433176072467  0.00433163765239  0.00434057019054  0.00434103661971   0.0043420994337  0.00434507131488  0.00434518513442  0.00434482649105
0.000107502194179  0.00109510668062  0.00200468112282  0.00267668697225  0.00312816899076  0.00350116789449  0.00371065146696  0.00403451568443   0.0044645694691  0.00449224493023  0.00434699078148  0.00423839420034  0.00424244941299  0.00423809448301   0.0042382945884  0.00423940362496  0.00422719964444  0.00422050092999  0.00422193556894  0.00421515348852  0.00421063169788  0.00420729754324  0.00420753497147  0.00420264149639  0.00420275212989  0.00420262392268  0.00420213935744  0.00420213426294  0.00420201419072
0.000133918741315  0.00129273283188  0.00265710951594  0.00351829516466  0.00406131924197  0.00454071602359  0.00475631335184   0.0052434605058  0.00555522033269  0.00522597163849  0.00461837118151   0.0042521081412  0.00420978157267  0.00415821530327  0.00411586846992  0.00411755789707  0.00412347191979  0.00413037882669   0.0041274005356   0.0041296702574  0.00412944109216  0.00412920835087   0.0041290903162  0.00412729881193  0.00412764959877  0.00412692620178  0.00412429624023   0.0041235759007  0.00412381313073
0.000171097288455  0.00132311514762  0.00228743047607  0.00290356820031  0.00335280088305  0.00369799030242  0.00390383685426  0.00403701900312  0.00409603769077  0.00361395553339  0.00362927365522  0.00364624126517  0.00366400423774   0.0036707113038  0.00367707373752  0.00368495713322  0.00369958103434  0.00369955584483  0.00370289027551  0.00371243152195  0.00371816022782  0.00372257689978   0.0037226986219  0.00372996926588  0.00372972636025  0.00373043493639  0.00373317028154  0.00373423814684  0.00373483322334
7.92468557265e-05  0.00105274484419  0.00161839857837  0.00217607672951  0.00246617474377  0.00261255539162  0.00287966649209  0.00298124040877  0.00257953990702  0.00260628447896  0.00370344896937  0.00429208217375  0.00401640959307   0.0037898174686  0.00372146463503  0.00371461909978  0.00371327370271  0.00371148333459  0.00370920663506   0.0037014608455  0.00369645971977  0.00369181660739  0.00369193916723  0.00368395215191  0.00368037261609  0.00368072484621  0.00367642706765  0.00367511059845  0.00367451373128
0.000363939403102  0.00108028683822  0.00176529932086  0.00230486394473  0.00269192907361  0.00289631241724  0.00310400984203  0.00319889689582  0.00316024872188  0.00321236941429  0.00376412197348  0.00417592992593  0.00411005559605  0.00404332358566  0.00400906371363  0.00399750663131   0.0039913919251  0.00399292507208  0.00399435626178  0.00400091375029  0.00400640261112  0.00401439508832  0.00401046516088  0.00402369830597  0.00402715288735  0.00402786334634  0.00403489079702  0.00403667401031  0.00403786542922
0.000157352178116  0.00117634323808  0.00186963425909  0.00244518514078  0.00278562430589   0.0029778031267  0.00318197818989  0.00326488275338  0.00333279329835   0.0038076204888  0.00417175124588  0.00445686389158  0.00444288522435  0.00441273625372  0.00438051710577  0.00438950974725  0.00439039112854  0.00438858895609  0.00438643351303    0.004378568033  0.00437296981841  0.00436582248523  0.00436964148614   0.0043573646132  0.00435557529311  0.00435306764215  0.00434674414965   0.0043454274907  0.00434387661654
0.000176164992625  0.00132448114726   0.0022042120572  0.00265795332917  0.00306885512102  0.00338180819263  0.00358574251896  0.00377403178133  0.00398521585027  0.00434954173683  0.00437931002013  0.00447494064246  0.00445067235243   0.0044561064126  0.00445045550583  0.00445218919282  0.00443993699924  0.00443843846585  0.00443328132886   0.0044181396273  0.00440825003873   0.0043993156869  0.00439944021523  0.00438478029451   0.0043865684292  0.00438465864441  0.00437905102298  0.00437797224339  0.00437880525031
9.88445855207e-05  0.00126790646025  0.00267224120137   0.0037091406387  0.00421551171501  0.00463755050978  0.00483850674127  0.00514917926684  0.00539451738477  0.00565791704818  0.00541939748672  0.00486543429626  0.00457673562013  0.00453630319476  0.00451685070702  0.00450933318638  0.00452664492138  0.00453258755534  0.00454212235729  0.00457322884975  0.00459409300179  0.00461317244509   0.0046130590929  0.00464799184763  0.00464823164426  0.00465442867435  0.00467147154125  0.00467408967217  0.00467313448726
6.74360609293e-05  0.00133867294932  0.00252578210174  0.00323655171465  0.00378334011006  0.00425096127692  0.00445990605986  0.00479405473622  0.00497705590311  0.00494915463951  0.00423606470305  0.00393622068017  0.00396553162713   0.0040028339326   0.0040260256832  0.00404660102069  0.00408607949727  0.00408331471054  0.00408817040866  0.00410032612592  0.00410354544653  0.00411177501364    0.004100216756  0.00410975739611   0.0041097586978   0.0041104730126  0.00411237758973  0.00411320825261  0.00411344556507
0.000305435943377  0.00113742185999  0.00175477627623  0.00230484810574  0.00264738281916  0.00279796679934  0.00299569784951  0.00304467807353  0.00314483117232  0.00268814786207   0.0027497948504  0.00373684930547  0.00421873520326  0.00397250098468  0.00373162529367  0.00363554088885  0.00361580747097  0.00361493871765  0.00361097995313  0.00359893222288  0.00359022892022  0.00357604567476  0.00358737462939  0.00356580143228  0.00355257117578   0.0035561473664  0.00354803911294  0.00354577075843  0.00354505430479
6.08967329549e-05  0.00112394207395  0.00175552071738  0.00229903955646  0.00267662631316  0.00288313312059  0.00309314488749  0.00318745795805  0.00328398298469  0.00293845229882  0.00289310668408  0.00359836824648  0.00408567121191  0.00401006378468  0.00391408265224  0.00384300722682  0.00382890948521   0.0038203121532  0.00381744765581  0.00380731047719  0.00380373225906  0.00380111130407  0.00380123437979   0.0037970663128   0.0038099437176  0.00380314919269  0.00380195538615  0.00380183304096  0.00380230892618
7.04621487285e-05  0.00104446813437  0.00164174890295  0.00218736606325  0.00250651874043  0.00260866229495  0.00281317933378  0.00287461012816  0.00295862348482  0.00272847719723  0.00301592823324  0.00362535082898  0.00409319415189  0.00410073430086  0.00397487382669  0.00391775055362  0.00393182704412  0.00393833046872  0.00393927717239   0.0039495245814  0.00395298284425  0.00396442831916  0.00394738442865  0.00396133569046  0.00396157681409  0.00396253148122  0.00396491472338  0.00396574654757  0.00396586469544
0.000177720728976  0.00121642546348   0.0020459990436  0.00258841920532  0.00298528497436  0.00324814305734  0.00344961936825  0.00357515863101  0.00366963682957  0.00380560315442  0.00414035961723  0.00423272068261  0.00423133119849  0.00417631379168  0.00417936114537  0.00417576915006  0.00417232807383  0.00414944551411  0.00414467456542  0.00412083221868  0.00410795415691   0.0040874514132  0.00410438203925  0.00407207966602  0.00406743379196  0.00406648171373  0.00405479862554  0.00405265044223  0.00405312634491
0.000307182135786  0.00126996252686  0.00248577648038  0.00333404156437  0.00387122578128  0.00426260018884  0.00446267210373   0.0047536755117  0.00491971111721   0.0052268566446  0.00550241749408  0.00533055293888  0.00482823739323  0.00451286748728  0.00448605331541  0.00447873086953   0.0044825669034  0.00449674186907  0.00450218658836   0.0045210156332   0.0045337697481  0.00454593100909  0.00454199918136  0.00456500989477  0.00456954318285  0.00456859191277   0.0045772936991  0.00457943785397  0.00457955653953
0.00010428022809 0.00145377312691 0.00272762601852 0.00346696102741 0.00399605895545 0.00450136862308 0.00472371372094 0.00508605889182 0.00528660301432 0.00552925890495 0.00543080779588 0.00513882050961 0.00450407805928 0.00419778694017 0.00418752370229 0.00418950503718 0.00420528064423 0.00420392628492 0.00420869321782 0.00422299485838 0.00423098125744 0.00423777500473 0.00424194914066 0.00425518391412  0.0042410005031 0.00425244676359 0.00426448721728 0.00426543944863  0.0042619818332
0.00022931424995 0.00115479883379 0.00192659261487  0.0025066290488 0.00288960030644  0.0031261085696 0.00329615208084 0.00341481211014 0.00350507983288  0.0035421885614 0.00352327911978 0.00279067112237 0.00351247409031 0.00397452197704 0.00375967300203 0.00362875601661 0.00359348980166  0.0036004083442 0.00359787565282 0.00359059284922 0.00357986072782 0.00357306455216 0.00356555498068 0.00354850969358  0.0035624593428 0.00355042066599  0.0035338507763 0.00353265775049 0.00353826074604
0.000111262423719  0.00106739465474  0.00158137174586  0.00213455668598  0.00244653568099  0.00253161052698  0.00275547963868  0.00279565533736    0.002903758725  0.00297355644121  0.00274274009485  0.00256442081737  0.00355566792724  0.00414897476736  0.00398741271345  0.00385855779017  0.00380873304019  0.00380337582623   0.0037996018983  0.00378872803142   0.0037841885871  0.00377703350604  0.00378442419107  0.00377584239109  0.00377596315112  0.00377548808409   0.0037746542845  0.00377381876798  0.00377238773716
0.000118317277598  0.00104960257774   0.0017528696529  0.00231625203878  0.00270545029422  0.00290728672664  0.00308466378575  0.00316841092036  0.00324895161825  0.00325050063123  0.00307545999452  0.00309384122983  0.00367751184976  0.00416404314266   0.0041863260037  0.00402778095704  0.00397483409983  0.00396600370986  0.00397112275238  0.00398661604461  0.00399614683028  0.00400508395697   0.0040040096696  0.00401962629104  0.00401974684241  0.00402225150526  0.00403047741632   0.0040313112229  0.00402976157274
6.87042628445e-05  0.00116395018344  0.00189943928534  0.00245342105123  0.00284924834619  0.00311538452465  0.00335712383056   0.0034657336504  0.00355854791146  0.00362051359637  0.00375245796135  0.00413691290963  0.00427220311899  0.00436819083515  0.00434584643922  0.00434043589138  0.00432874100618  0.00433059059644  0.00432670979283  0.00431454614997  0.00430823013963  0.00430239002801  0.00430346348133  0.00429440421381  0.00429214050759  0.00429226095936  0.00428940061299  0.00428904251784  0.00428916172846
3.1673851002e-05 0.00129610962382 0.00246829568963 0.00316282624046 0.00364173477614 0.00407130257931 0.00427652414357 0.00453504152682 0.00467565298041 0.00481771324473 0.00499860267601 0.00534955299339 0.00527168779264 0.00492158610425 0.00471522287778 0.00469868401257 0.00469411600072 0.00468550861449 0.00469104026326 0.00470793858639 0.00471782853038 0.00472712894646 0.00472582032324 0.00474131959076 0.00474346712116 0.00474489922264 0.00475181444472 0.00475384070646 0.00475527153798
4.89954978998e-05  0.00141497808576  0.00280115601958  0.00363923625505  0.00427262964529  0.00475555935714  0.00492695747439  0.00527564486491  0.00547226141549  0.00577715162118  0.00590996708905   0.0061117739173   0.0057207153136  0.00486803934959  0.00445671805726  0.00443735523998  0.00442915425867  0.00442163711617  0.00442326984402  0.00442612518199  0.00442004436587  0.00441313091186  0.00441468226031  0.00440169060441  0.00440085811508  0.00439871389449  0.00439132393724  0.00438953579107  0.00438870158794
0.000157109495267  0.00129272010328   0.0022662936822  0.00290676932464  0.00332630640117  0.00362363855285  0.00383088050621  0.00395120562108  0.00404178369432  0.00407270014894  0.00412297584989  0.00396329676805  0.00343761596018  0.00370593043958  0.00390704346863   0.0038840521011  0.00387656056507  0.00388068367026  0.00387956880741   0.0038776480381  0.00387990917605  0.00389242560236  0.00387168389229  0.00388646707366  0.00388730303857   0.0038875430853  0.00388933220952  0.00388968974861  0.00388921398293
7.91302225012e-05   0.0010088444044  0.00151485822965  0.00203848496629  0.00238467213366  0.00254177670542  0.00272664988682  0.00279843593328  0.00291095294425  0.00298027980349  0.00311699041568  0.00269991841485  0.00246626363366  0.00360446217687  0.00424276888864  0.00399675317356  0.00379226234047   0.0037729686316  0.00377062473988  0.00377441859363  0.00377369680252  0.00376177369992  0.00378203875052  0.00376785355327  0.00376320571525  0.00376475678582  0.00376273119604  0.00376285082397    0.003763566645
9.4022339373e-05 0.00106419170699 0.00174092757041 0.00229712838987 0.00264886885688 0.00284590849194 0.00306554889148 0.00315865877621 0.00324095098436 0.00326154695793 0.00328659223123 0.00323183877393 0.00329164963391 0.00362773724243 0.00387919715372 0.00387372286141 0.00377575433503 0.00373955405768 0.00372472125894 0.00370611358619 0.00369359149652 0.00368285830212 0.00368309597271 0.00366438012955 0.00366926851473 0.00366366692021 0.00365389285435 0.00365115111935 0.00365055528725
5.32934580558e-05  0.00109131875022  0.00175548487356  0.00230026834458  0.00266881720995  0.00287274842053  0.00306914346007  0.00314866557079  0.00322310967381  0.00324647724329  0.00329630772271  0.00326219128324  0.00350348065813  0.00384100239597   0.0042851683214  0.00431759495661  0.00428203319843  0.00426057298744  0.00426329801467  0.00427806712734  0.00428915459277  0.00429964646746  0.00429773971507  0.00431490652875  0.00430239017173  0.00431133210749  0.00431836678012  0.00431991686797  0.00432027478998
3.83653597742e-05   0.0012585208951  0.00214947333738  0.00273992658144  0.00319893332893  0.00356676945199   0.0037815926871  0.00398454493403  0.00410237353684  0.00421751199346  0.00426414525609  0.00443815813821  0.00485006332887  0.00482763054319  0.00461131492228  0.00449049915726  0.00452273067828  0.00452817165369  0.00453012108725  0.00453687956188  0.00453889533387    0.004550458865  0.00453198344167  0.00454569466569  0.00455773639858  0.00455249252909  0.00455571236987  0.00455654755115  0.00455714412439
0.000102581687118  0.00142146549554   0.0027943121936  0.00358828661063  0.00413060568016  0.00459603589264  0.00478218019855  0.00506530404259  0.00522837348544  0.00541666605717   0.0055147577534  0.00571940081585  0.00578000828731  0.00549973644772  0.00484033303729  0.00446716312455  0.00440613372842  0.00435935160518  0.00434869397382  0.00434483525779  0.00434279962226  0.00433028110029   0.0043505471483  0.00433552796197  0.00432444298511  0.00432885516505  0.00432587607944  0.00432551897306  0.00432647368497
0.000153156288453  0.00135512847325  0.00246523723666  0.00319388646011  0.00370260923925  0.00407919285903  0.00427254951984  0.00448215510509  0.00460932172387  0.00473356201474  0.00478620018839   0.0048656520263  0.00470506793804  0.00387583120272  0.00373663053154  0.00388667176014  0.00394638708106  0.00395890671637  0.00397040030211  0.00399399706907  0.00400591454485  0.00402296033205   0.0040110393449   0.0040369085089   0.0040481153685  0.00404656674523  0.00405753507162   0.0040588471362  0.00405670212207
 0.0002161318722 0.00106526056791 0.00170473405549 0.00224253653884 0.00261650488824 0.00282776141468 0.00302198929393 0.00310723281017 0.00320706837751 0.00325676835981 0.00333742199269 0.00333826796946 0.00279465897191 0.00268260139864 0.00368244818637 0.00436993626244 0.00407248270806 0.00385962239813  0.0038383361856  0.0038233046515 0.00381482759944 0.00380147145524 0.00381351022012 0.00379503281402 0.00379515272685 0.00379288893234 0.00378704866393 0.00378633385242 0.00378669221289
0.00023455660454 0.00108513377566 0.00167709859271  0.0022144238664 0.00255529454985 0.00269678527238 0.00289047342041 0.00293852281627 0.00301360662682 0.00303700030241 0.00308543625049 0.00305264492243 0.00282132639559 0.00286703985529 0.00353794283421 0.00413663426056 0.00417247788808 0.00392168496787 0.00382017194182 0.00380445518773 0.00379324142721 0.00378263333695 0.00378263423983  0.0037636805356 0.00375903224947 0.00375807951602 0.00374949745211 0.00374866361582 0.00374914088856
9.63771301353e-05  0.00110212749442   0.0018532145075  0.00240801163648  0.00280154183956  0.00305917379201  0.00318367669028  0.00334087512299  0.00343280360425  0.00348254115954  0.00353905510111  0.00355714548073  0.00340821889377  0.00374521523398  0.00409788515443  0.00428702183026  0.00425478536795  0.00425111865005  0.00425083180722  0.00424029957821  0.00423563002726  0.00424015614154  0.00422191826938  0.00422287385717  0.00422740561346   0.0042232345751  0.00421787133163  0.00421560714813  0.00421465420251
4.57610381975e-05  0.00123404185209   0.0020645483798   0.0026445482498  0.00303739662298  0.00332591202369  0.00360711857569  0.00372950247375  0.00383892796857  0.00393472704616  0.00398703226994  0.00403949753137  0.00420373547595  0.00453095413067   0.0044992635977  0.00436617376697  0.00435604370941  0.00439563312673  0.00442655203636  0.00445870487922  0.00447488757168  0.00448048221164  0.00449848275806  0.00451433936318   0.0045083808703  0.00451553534609  0.00452674253953  0.00452924699247  0.00452972468929
5.00226394581e-05  0.00131792939098  0.00265506550695  0.00348255343221  0.00405388920303  0.00449773308698  0.00468253873111  0.00495903949537  0.00510976438091  0.00527008142144  0.00534526201373  0.00548645745622   0.0056933404178   0.0056272923958  0.00541309158946  0.00476603819062  0.00437927027033  0.00433688058566  0.00430872047593  0.00429133678687  0.00429356670129  0.00429880783176  0.00429356246548  0.00430178896846   0.0043078702523  0.00430656051151  0.00431097287743   0.0043114508461   0.0043109748459
0.000221908408334  0.00140991278945   0.0025953502342  0.00335328176467  0.00389903305903  0.00428249810856  0.00447468212556  0.00468600419231  0.00482043609218  0.00495553669962  0.00502153633841  0.00510905390439  0.00522907213389  0.00516182854123   0.0044093349996  0.00405224564751  0.00407319995561  0.00412967038165  0.00413689554606  0.00415111335309     0.00415349465   0.0041528964882  0.00415826069174   0.0041577845476  0.00415778571811  0.00415778712881  0.00415802696118  0.00415850482029  0.00415886328321
9.79091678159e-05  0.00107415124368  0.00161511838904  0.00212800052851  0.00250298219055  0.00270373516836  0.00287270486026  0.00294645472056  0.00302686029564   0.0030972805506   0.0031910881377  0.00325532077921  0.00327799486349   0.0029785650891  0.00256221458149   0.0036996904618  0.00436303442535  0.00409287805716  0.00387674507403  0.00386003189548  0.00386060549265  0.00385964481201   0.0038598808659   0.0038592847709  0.00385904695467  0.00385904803314  0.00385869176734  0.00385857343282  0.00385857434628
3.07262261143e-05  0.00111003552059  0.00183713414477   0.0024006381974  0.00275475328614  0.00296734467534  0.00312011652743  0.00324535880989  0.00333429094303  0.00336264462633  0.00342503349253   0.0034211927063  0.00333154808412  0.00320277244019  0.00297400211039  0.00346816662636  0.00391655134409  0.00393092036256  0.00365757136547  0.00358322436248  0.00357017270869  0.00356591443395  0.00356590792365  0.00355732597194  0.00355756580358   0.0035551828364  0.00354826999856  0.00354731739217   0.0035462451078
0.000213119898052  0.00110144494294  0.00170009113626  0.00223634704201  0.00258340388623  0.00275239894852  0.00300368332841  0.00305011304838  0.00313252187275  0.00316967161471  0.00322251453469  0.00322469040462  0.00317744438436  0.00310599683948  0.00336279686481  0.00385616118912  0.00428114664445  0.00431501922283  0.00424905118406  0.00423400627838  0.00423477016223  0.00424125411063  0.00423908610592  0.00425064582432  0.00425064723713  0.00425267595316  0.00425971145442  0.00426054713759  0.00426030957809
6.7721076437e-05 0.00117595301983 0.00209639311288 0.00271228481037 0.00314394238355 0.00346147044418 0.00366665739356 0.00383464707629 0.00394471185812 0.00403700028503 0.00408777331413 0.00414552156969 0.00421871536053 0.00432924749958 0.00458100785466 0.00467135946991 0.00463611002716 0.00455856573205 0.00458687426671 0.00462083606555 0.00462258463382  0.0046207997885 0.00462293971604 0.00461864497441 0.00461506924042  0.0046156674386 0.00461113969518 0.00461185670958 0.00461531550529
0.000245615006284  0.00136768723224  0.00262049751065   0.0033821821899  0.00394477101453  0.00438924656653  0.00458056397577  0.00486269047296  0.00501321596269   0.0051819378917  0.00524558870695   0.0053889732787  0.00560371541909   0.0057461724222  0.00586358514043   0.0056145670246  0.00493594973876  0.00456836817438  0.00452250102334  0.00448480298794  0.00447823804985  0.00447976849005  0.00447893187664   0.0044834617282   0.0044870387509  0.00448692113997  0.00449228750186  0.00449228939222  0.00448871412945
8.92086278865e-05  0.00150395180561  0.00301499543125  0.00398283726881  0.00461441236328  0.00502585290292  0.00519657528272  0.00544578078639  0.00560148199422  0.00576677808459  0.00586070114147  0.00598991232199  0.00611585489313   0.0061032472635  0.00605038208325  0.00526223920512  0.00457915645853  0.00433704017631  0.00437476354416   0.0043135263281  0.00430739065053  0.00434184189802  0.00428354789729  0.00432086038087  0.00431108577847  0.00431669005448  0.00431883742581  0.00431848127681  0.00432003239211
4.09659654819e-05  0.00104172349983  0.00153090886263  0.00205658735445   0.0023745659429  0.00249934246891  0.00263539175421  0.00274035325582  0.00282319869195  0.00289321548794  0.00296990813153  0.00304949045076  0.00314808585708  0.00319171632408  0.00291586956852  0.00264908294154  0.00397787413585  0.00469618750103  0.00439968497146  0.00413306666812  0.00409105701212   0.0040620623848  0.00412035148177  0.00408995237497  0.00409960867135  0.00409436447966  0.00409210080344  0.00409126794256  0.00409055389805
6.29002229365e-05  0.00108643138549  0.00169015229137   0.0022028011543  0.00255341390911   0.0027252729356  0.00295495642942  0.00302150039659  0.00312158473524  0.00317688338236  0.00325369578954    0.003268024373  0.00323205055025  0.00326375643593  0.00296125888347  0.00279348132271  0.00349532576816  0.00414930327583  0.00410265294608  0.00375131333643  0.00371183550872  0.00371861783306  0.00370407169428  0.00371730402351  0.00371742360529  0.00371802040759  0.00371980985047  0.00372064579702  0.00372112380427
4.10744667467e-05  0.00107970378041    0.001703400081   0.0022642368756   0.0025997487381  0.00277503719578  0.00297727696905  0.00305026127704  0.00313371368538  0.00315582718055  0.00321208920298  0.00319097271984  0.00307505426339  0.00308528525239  0.00291114497251  0.00303488106695  0.00355453248045  0.00403911339462  0.00405606501198  0.00395710296303  0.00393993745933  0.00392115734663  0.00393629132062  0.00391614468356  0.00391590676353  0.00391447712595  0.00391054454025  0.00390971165968  0.00390995113953
5.90527677043e-05  0.00117745059009  0.00204916915437  0.00263373375338  0.00307705420318  0.00337692968425  0.00358005019828  0.00372386596247  0.00382429758013  0.00389441374221  0.00394431092743  0.00397886249257  0.00400432522682  0.00402238814592  0.00410931547897  0.00442504114439   0.0044270277818  0.00425517572415   0.0041900175497   0.0042210566258  0.00423415980947  0.00424450210638  0.00421334034606  0.00421953370234  0.00421917558915  0.00421750720098  0.00421262087317  0.00421214567613  0.00421250471771
4.84668446385e-05  0.00130026182642  0.00250242568087  0.00323578412729  0.00373311486677  0.00416642614262  0.00436916363397  0.00464405532921  0.00479462511267  0.00496615393926   0.0050309804813  0.00517662208197  0.00540428240423  0.00541910624945  0.00561798827493  0.00575928469183  0.00562597603846  0.00498617970486  0.00464775023926  0.00461256107175  0.00460461880064  0.00458949539097  0.00462025336744   0.0046101993269    0.004610784141  0.00461078137631  0.00461197336389  0.00461292794048  0.00461340587212
0.00017970148356 0.00155118090667  0.0031080753363 0.00409592125894 0.00473924571508 0.00518633825069 0.00536019921393  0.0056565390811 0.00582573416389 0.00601881659139 0.00610587732902 0.00627032010732 0.00650615006589 0.00655975415792 0.00660159574574 0.00666612014429 0.00599574408949 0.00519499559485 0.00473286648578 0.00461857149681 0.00450926289913 0.00450404008317 0.00450436670754 0.00450625049142 0.00450469016672 0.00450635545127 0.00450861966011 0.00450838166496 0.00450814404209
3.3440271356e-05 0.00108307602583 0.00165695072114 0.00217270644974 0.00250608885971 0.00267977300171 0.00281748432494  0.0029392178366 0.00302610692136 0.00307346161172 0.00311907119075 0.00312897181514 0.00314153956195 0.00312034519769 0.00327036185808 0.00289127597173 0.00264906183833 0.00410518705841 0.00481619325749 0.00452138671345  0.0043711121678 0.00435948273005 0.00435956055443 0.00438049424723 0.00438202750103 0.00438369063561 0.00438953018919 0.00438988770946 0.00439203417655
2.38285719523e-05  0.00104630172784  0.00161304441967  0.00212100139043  0.00248579723279  0.00267590348295  0.00290766991461   0.0029543096177  0.00305314077353  0.00313497890671  0.00324837284035  0.00330645030666   0.0032873626955  0.00338113667199  0.00327449731254   0.0029805438445  0.00279259850047  0.00337582110653  0.00394895847284  0.00385716515172  0.00355202851096  0.00353306136267  0.00353141330118  0.00351945765484  0.00351895811704  0.00351668330474    0.003510003903  0.00350904962282  0.00350666600027
2.20645691142e-05  0.00110664128087  0.00175326754219  0.00228720947203  0.00262749993791  0.00281695305491  0.00303165423994  0.00312823647457  0.00322082073907  0.00325065350835  0.00329792267961  0.00328014154221  0.00319103440261  0.00320629765535  0.00318781494397  0.00295765004512  0.00310366259525  0.00358775270619   0.0039585732483  0.00393068317808  0.00387014914859  0.00387404040742   0.0038725183833  0.00385845909825  0.00385941218571    0.003857501578  0.00385296989293  0.00385237334431  0.00385094340179
3.72054875855e-05  0.00115455208842  0.00192231894817  0.00248253571709  0.00287971890892  0.00313585471019  0.00333760716856  0.00345965542511  0.00355393295787  0.00361284077619  0.00366332260254  0.00368648768837    0.003686806517  0.00369738277793  0.00370640443172  0.00373683631255  0.00395886943868  0.00410753418709  0.00414629352669  0.00418714325564   0.0041992855292  0.00422957283023  0.00422827022078  0.00424375636349   0.0042420801745  0.00424410021772  0.00424886554133  0.00424910268922  0.00425005665855
4.13760509791e-05  0.00129721327538  0.00244469867662  0.00315794248138  0.00362882913054  0.00403205658813  0.00419581429992  0.00445839564161  0.00459498685003  0.00473542490958  0.00478810846834  0.00489309795951   0.0050543201797  0.00509032282977  0.00515088312649  0.00536639487778  0.00560527195421  0.00540678503391  0.00481818691867  0.00447277580881  0.00443970342951  0.00443140852637  0.00442989419827  0.00441924985559  0.00442101999577  0.00441969866096  0.00441719054397  0.00441742723063  0.00441647374285
8.56348890629e-05  0.00154995850574   0.0031325361494  0.00415006837502  0.00484798336127  0.00533152093409  0.00554494799856  0.00585960365679  0.00603222212815   0.0062412230333  0.00631993957195  0.00651389035386  0.00680296012364  0.00685797655501  0.00696079836248  0.00707282193607  0.00708862292305  0.00635284586093  0.00550590125809  0.00494247268593  0.00471826647543  0.00459465379355  0.00459770679187  0.00461129022171  0.00461068347458  0.00461448920767  0.00462521264193  0.00462664084644  0.00462723676897
2.95971190287e-05  0.00112848728936  0.00180597294284  0.00235316907151   0.0027117356688  0.00291546456997  0.00309053586841  0.00319030724515  0.00328288684775  0.00333121650899  0.00339026374387  0.00337838769377  0.00331313694244  0.00333723234235  0.00337967655963  0.00346740905932  0.00281834337848  0.00254572157083  0.00415674612043  0.00502100075261  0.00450199835651  0.00428608722274  0.00425947429156  0.00429047961612  0.00428857531933  0.00429166851491  0.00429881703141  0.00429976862237  0.00429976834367
9.35213256527e-05  0.00102927486136  0.00155406190752  0.00205927316817  0.00241144584554  0.00256280623548  0.00275669929032  0.00277285917762   0.0028316272105  0.00286392221097  0.00295360848545  0.00299292528196  0.00297409711847  0.00295769282556  0.00295420909536  0.00287344315504  0.00248279154068  0.00236298132126  0.00317091824879  0.00401055200347  0.00388822291288  0.00340607911095  0.00335635676846  0.00332548564043  0.00332641624963  0.00331974429222  0.00329995737592  0.00329578493354  0.00329602343769
2.92800424882e-05  0.00108514484611  0.00167081457145   0.0021905414861  0.00251119586341  0.00266374765996  0.00280516364764  0.00291372771808  0.00300586909371  0.00305254711523  0.00311345594466  0.00311591751738  0.00306375914299  0.00313220585415  0.00309994797882   0.0030756814648  0.00277045825167  0.00301414036405  0.00363176903834  0.00414222239677  0.00415235119867  0.00409055573855  0.00410641655859  0.00412154210936  0.00412225855172  0.00412667229941  0.00414050251028  0.00414396013122  0.00414348360312
4.81348244456e-05  0.00111072015419  0.00187908130882  0.00244561341883  0.00285554396967  0.00312084226131  0.00337728284952  0.00347988504994  0.00357805941654  0.00364087594581  0.00369516473367   0.0037217505231  0.00372449692202  0.00372027095289  0.00373231118067  0.00372349405495  0.00370547838058  0.00401008671252  0.00414018064916  0.00403404211115  0.00402166137721  0.00401291905406  0.00401929770368  0.00400357439671  0.00400282837164  0.00399972080323  0.00399149293581  0.00399077685123  0.00399208806586
3.08564593494e-05  0.00128398988442  0.00236252121127  0.00305420063012   0.0035538786966  0.00394680194941  0.00414958535034  0.00438020807423  0.00451048733203  0.00464237146557  0.00469269161244  0.00479055180866  0.00494303348514  0.00498858540109  0.00503561789319  0.00513504887341  0.00541119299144  0.00557278087443   0.0054139000145  0.00486414921903  0.00452999478761  0.00448805959519  0.00448267508744  0.00446931689974  0.00446858251582  0.00446678614275  0.00446129896991   0.0044595093508  0.00445867470848
0.000145352386512  0.00161672989816  0.00333121074943  0.00443569667331  0.00514459307711  0.00564071713461  0.00580768872555  0.00614971257431  0.00632049769977  0.00652510717622  0.00659347201116  0.00678022428109  0.00705902016922   0.0071174607557  0.00723035158974   0.0073713364448  0.00755159608922  0.00756110450323  0.00660304971539  0.00571754692496  0.00511223381852  0.00484426438102  0.00467266252041  0.00467102332833  0.00467458058855  0.00467397529865   0.0046762358967   0.0046755180613   0.0046756368391
3.72472260508e-05  0.00110886430486  0.00175698575888  0.00229365740399  0.00262837067724  0.00281929300333  0.00302408584714  0.00311035366599  0.00320636484148  0.00327743688835  0.00335745596469  0.00338119853348  0.00336385252314  0.00335144011414  0.00333194879071   0.0033667507909   0.0034744316315  0.00302035894515  0.00288333286121   0.0045042899756  0.00535240814786  0.00490157098274  0.00464951844476  0.00468591985118  0.00468329544653  0.00469389201286  0.00471963229989  0.00472523069233  0.00472546818104
4.28779321793e-05  0.00106485580287  0.00164267145012  0.00214229344416  0.00251166100456  0.00272351032407  0.00287541714981  0.00296064980061  0.00301360449676  0.00303544040704  0.00308591845175   0.0031210172461   0.0031391295895  0.00321276290563  0.00326211377132  0.00328526496974   0.0032813638179  0.00283288280121  0.00234554191535  0.00315095206208  0.00393434274391  0.00375867532397  0.00342101491007  0.00337653420887  0.00337231284625  0.00336981090002    0.003357893028  0.00335527106152   0.0033551522023
2.52878935738e-05  0.00104353613383  0.00158278636759  0.00208642243161  0.00242612904897  0.00257480544116  0.00279717232983  0.00282688501097  0.00290765775588  0.00293993491415  0.00302218809489  0.00302699114614  0.00295115135331  0.00296597660876  0.00292814675606  0.00284020936462   0.0026887836643  0.00263416671854  0.00303511903755  0.00362378315356  0.00407255677832  0.00407899740961  0.00401122822964  0.00403654601648  0.00403332932847  0.00402892342916  0.00402320225975  0.00402248730287  0.00402177204563
6.71398823969e-05  0.00116660843687  0.00202032556034  0.00261135570873  0.00302235133474  0.00332367062415  0.00353219100931   0.0036938972279  0.00380573916309  0.00388723986194  0.00393614747512  0.00397348210578  0.00400216943991  0.00401562152251  0.00402428341573   0.0040327195545  0.00402811276787  0.00406528423386  0.00428392106366  0.00440406797181  0.00427057907391  0.00426035655533   0.0043144094714  0.00434900697469  0.00435491225301  0.00435367205171  0.00435222769552  0.00435186538127  0.00435269892202
4.90805245884e-05  0.00129314386974  0.00238656314695  0.00308720398426  0.00358509941912  0.00397911995764  0.00417894442813  0.00441266644736  0.00454235603403  0.00468084331285  0.00472998325992  0.00483483445726  0.00501420835319  0.00502621582364  0.00509311283162  0.00520387796438  0.00541868346668  0.00560088331921  0.00588128890765   0.0056793426376    0.005035499783  0.00466845457087    0.004629109317  0.00460931437521  0.00460819289512  0.00460793912673  0.00460709786789  0.00460661769935  0.00460757038027
0.000128700399119  0.00167048463204  0.00347768742414  0.00470427068108  0.00546224607822  0.00593589507845  0.00609092083184  0.00643814468656  0.00660878000376   0.0068234289054  0.00688466292526  0.00707844710746  0.00739515522906  0.00746438245332  0.00759128122522  0.00778799808096  0.00809118113313  0.00808183897046  0.00818221187281  0.00741178619624  0.00638485844291  0.00540020932063  0.00486383273532  0.00476437591246  0.00475244452983  0.00475492858336  0.00475563626179   0.0047569431674  0.00475503384336
3.05292175548e-05  0.00106707589271  0.00164771182332  0.00215462138128  0.00245790699086  0.00261067256839  0.00279498406477  0.00285539538507  0.00293652587118  0.00297892095804  0.00307290535049  0.00308910643244  0.00301532526971  0.00299737492966   0.0029213884307  0.00285178098795  0.00285052468236  0.00310549780739  0.00233832537971  0.00237008041488  0.00453817599675  0.00547390049591  0.00473890232619  0.00445500672237    0.004443910249  0.00445285053424  0.00447954801961  0.00448371567992  0.00448478634953
3.70421828598e-05  0.00104242614535  0.00156523812624  0.00205083407397  0.00244461475154  0.00267032973371  0.00287350536583     0.00291277976  0.00294860746056  0.00293614347688  0.00295887748122   0.0029505296948  0.00290992360183  0.00297260478395  0.00300929549278  0.00299680023975  0.00288306812787  0.00286585769312  0.00257470969842  0.00226883502156  0.00288967959837  0.00351798362797  0.00338565653804  0.00310945376474  0.00309711839042  0.00308883222845  0.00306308683111  0.00305808235571  0.00305760595751
4.55626232692e-05  0.00102459046386  0.00155639244407  0.00205386173892  0.00238967563715  0.00253708974633  0.00271512793957  0.00276424739001  0.00283121930658  0.00285737951929  0.00292281311023  0.00293359485148  0.00289398029295  0.00292993265028  0.00292663158901  0.00289331064301  0.00282211370498  0.00282059656278   0.0025695603812  0.00270222783573   0.0034278237129  0.00402443711266  0.00403823572972  0.00394695457821   0.0039625267588  0.00396514218308  0.00397468111201  0.00397670968728  0.00397635276408
3.3472844788e-05 0.00113148949756 0.00188042001124 0.00243451628274 0.00281786565287 0.00306682853446 0.00327070723859 0.00339055041745 0.00348972111121 0.00355062723762 0.00360901313725 0.00363206648643 0.00362322278619 0.00363175286498 0.00363897622701 0.00362334332176 0.00358157395496 0.00356654678449 0.00352362333636 0.00374154356474  0.0039358339096 0.00393745396087 0.00398002068639 0.00397066655983 0.00400766917895 0.00400173448412 0.00398329901655 0.00398029837071 0.00398065082135
1.75518966898e-05   0.0013038613616  0.00241013450148  0.00312320668959   0.0036224461708  0.00402437904933  0.00422913965432  0.00447337776386  0.00460889327149  0.00475224000942  0.00479992092214  0.00490402882182  0.00508041942837  0.00510555321439  0.00515335662411  0.00525086188466  0.00544283516915  0.00548769273556  0.00571779504929    0.006112118831  0.00585792273493  0.00523197592078  0.00482573004964  0.00473844067308  0.00471300939621  0.00471164220533  0.00471001924404  0.00471094510153  0.00471010186299
0.00015167035395 0.00170174727541 0.00358265786379 0.00488292521784 0.00565861153309 0.00610700929475  0.0062552331992 0.00658739111767 0.00674645504776 0.00694215937417 0.00699236085042 0.00716452145145 0.00743279778529 0.00747271692597 0.00757737367117 0.00773926398105 0.00795936321317 0.00800295857619 0.00803035380911 0.00805326589051  0.0072115061506 0.00632841536609 0.00556278361435 0.00516830441273 0.00503278993806 0.00503536462485 0.00504439200505 0.00504556652482 0.00504782454638
2.55412201752e-05  0.00111391071972  0.00180274976971  0.00232592988545  0.00267143482381   0.0028938808527  0.00310405858148  0.00317652018921  0.00324934142982  0.00329160917665  0.00337036859332  0.00340968406322  0.00341095100773  0.00343906955793  0.00340676770041  0.00334103142149  0.00330649927458  0.00336844981803  0.00348681964592  0.00300816470607  0.00280167304474   0.0042848428502  0.00522128949673  0.00466843537782  0.00444469997772  0.00444722382138  0.00448348494217  0.00448920964618  0.00448741861619
