2.71983714892e-17    0.140109851467    0.428253860158                 0                 1                 1                 0                 1                 1                 0                 1                 1                 0                 1                 1                 0                 1                 1                 0                 1                 1                 0                 1                 1                 0                 1                 1                 0                 1
2.71983714892e-17   0.0355116421821    0.428253860158                 0                 1                 1                 0                 1                 1                 0                 1                 1                 0                 1                 1                 0                 1                 1                 0                 1                 1                 0                 1                 1                 0                 1                 1                 0                 1
3.38886429721e-18   0.0355116421821    0.428253860158                 0                 1                 1                 0                 1                 1                 0                 1                 1                 0                 1                 1                 0                 1                 1                 0                 1                 1                 0                 1                 1                 0                 1                 1                 0                 1
             0              0 0.117220321661              0              1              1              0              1              1              0              1              1              0              1              1              0              1              1              0              1              1              0              1              1              0              1              1              0              1
             0              0 0.117220321661              0              1              1              0              1              1              0              1              1              0              1              1              0              1              1              0              1              1              0              1              1              0              1              1              0              1
             0              0 0.117220321661              0              1              1              0              1              1              0              1              1              0              1              1              0              1              1              0              1              1              0              1              1              0              1              1              0              1
             0              0 0.080873003234              0              1              1              0              1              1              0              1              1              0              1              1              0              1              1              0              1              1              0              1              1              0              1              1              0              1
0 0 0 0 1 1 0 1 1 0 1 1 0 1 1 0 1 1 0 1 1 0 1 1 0 1 1 0 1
0 0 0 0 1 1 0 1 1 0 1 1 0 1 1 0 1 1 0 1 1 0 1 1 0 1 1 0 1
                0                 0                 0 7.71451013014e-16                 1                 1                 0                 1                 1                 0                 1                 1                 0                 1                 1                 0                 1                 1                 0                 1                 1                 0                 1                 1                 0                 1                 1                 0                 1
                0                 0                 0 7.48811326492e-16                 1                 1                 0                 1                 1                 0                 1                 1                 0                 1                 1                 0                 1                 1                 0                 1                 1                 0                 1                 1                 0                 1                 1                 0                 1
                0                 0                 0 2.59941445159e-16                 1                 1                 0                 1                 1                 0                 1                 1                 0                 1                 1                 0                 1                 1                 0                 1                 1                 0                 1                 1                 0                 1                 1                 0                 1
                0                 0                 0 2.64280370735e-16                 1                 1                 0                 1                 1                 0                 1                 1                 0                 1                 1                 0                 1                 1                 0                 1                 1                 0                 1                 1                 0                 1                 1                 0                 1
0 0 0 0 1 1 0 1 1 0 1 1 0 1 1 0 1 1 0 1 1 0 1 1 0 1 1 0 1
0 0 0 0 1 1 0 1 1 0 1 1 0 1 1 0 1 1 0 1 1 0 1 1 0 1 1 0 1
0 0 0 0 1 1 0 1 1 0 1 1 0 1 1 0 1 1 0 1 1 0 1 1 0 1 1 0 1
             0              0              0              0 0.993105934022              1              0              1              1              0              1              1              0              1              1              0              1              1              0              1              1              0              1              1              0              1              1              0              1
             0              0              0              0 0.990602328291              1              0              1              1              0              1              1              0              1              1              0              1              1              0              1              1              0              1              1              0              1              1              0              1
             0              0              0              0 0.707106781187              1              0              1              1              0              1              1              0              1              1              0              1              1              0              1              1              0              1              1              0              1              1              0              1
             0              0              0              0 0.136773634831              1              0              1              1              0              1              1              0              1              1              0              1              1              0              1              1              0              1              1              0              1              1              0              1
0 0 0 0 0 1 0 1 1 0 1 1 0 1 1 0 1 1 0 1 1 0 1 1 0 1 1 0 1
0 0 0 0 0 1 0 1 1 0 1 1 0 1 1 0 1 1 0 1 1 0 1 1 0 1 1 0 1
0 0 0 0 0 1 0 1 1 0 1 1 0 1 1 0 1 1 0 1 1 0 1 1 0 1 1 0 1
             0              0              0              0              0 0.990602328291              0              1              1              0              1              1              0              1              1              0              1              1              0              1              1              0              1              1              0              1              1              0              1
             0              0              0              0              0 0.707106781187              0              1              1              0              1              1              0              1              1              0              1              1              0              1              1              0              1              1              0              1              1              0              1
             0              0              0              0              0 0.136773634831              0              1              1              0              1              1              0              1              1              0              1              1              0              1              1              0              1              1              0              1              1              0              1
0 0 0 0 0 0 0 1 1 0 1 1 0 1 1 0 1 1 0 1 1 0 1 1 0 1 1 0 1
0 0 0 0 0 0 0 1 1 0 1 1 0 1 1 0 1 1 0 1 1 0 1 1 0 1 1 0 1
0 0 0 0 0 0 0 1 1 0 1 1 0 1 1 0 1 1 0 1 1 0 1 1 0 1 1 0 1
0 0 0 0 0 0 0 1 1 0 1 1 0 1 1 0 1 1 0 1 1 0 1 1 0 1 1 0 1
                0                 0                 0                 0                 0                 0 2.00229221591e-16                 1                 1                 0                 1                 1                 0                 1                 1                 0                 1                 1                 0                 1                 1                 0                 1                 1                 0                 1                 1                 0                 1
0 0 0 0 0 0 0 1 1 0 1 1 0 1 1 0 1 1 0 1 1 0 1 1 0 1 1 0 1
0 0 0 0 0 0 0 1 1 0 1 1 0 1 1 0 1 1 0 1 1 0 1 1 0 1 1 0 1
0 0 0 0 0 0 0 1 1 0 1 1 0 1 1 0 1 1 0 1 1 0 1 1 0 1 1 0 1
0 0 0 0 0 0 0 1 1 0 1 1 0 1 1 0 1 1 0 1 1 0 1 1 0 1 1 0 1
             0              0              0              0              0              0              0 0.993105934022              1              0              1              1              0              1              1              0              1              1              0              1              1              0              1              1              0              1              1              0              1
             0              0              0              0              0              0              0 0.707106781187              1              0              1              1              0              1              1              0              1              1              0              1              1              0              1              1              0              1              1              0              1
             0              0              0              0              0              0              0 0.136773634831              1              0              1              1              0              1              1              0              1              1              0              1              1              0              1              1              0              1              1              0              1
             0              0              0              0              0              0              0 0.117220321661              1              0              1              1              0              1              1              0              1              1              0              1              1              0              1              1              0              1              1              0              1
0 0 0 0 0 0 0 0 1 0 1 1 0 1 1 0 1 1 0 1 1 0 1 1 0 1 1 0 1
0 0 0 0 0 0 0 0 1 0 1 1 0 1 1 0 1 1 0 1 1 0 1 1 0 1 1 0 1
             0              0              0              0              0              0              0              0 0.993105934022              0              1              1              0              1              1              0              1              1              0              1              1              0              1              1              0              1              1              0              1
             0              0              0              0              0              0              0              0 0.990602328291              0              1              1              0              1              1              0              1              1              0              1              1              0              1              1              0              1              1              0              1
             0              0              0              0              0              0              0              0 0.136773634831              0              1              1              0              1              1              0              1              1              0              1              1              0              1              1              0              1              1              0              1
             0              0              0              0              0              0              0              0 0.117220321661              0              1              1              0              1              1              0              1              1              0              1              1              0              1              1              0              1              1              0              1
0 0 0 0 0 0 0 0 0 0 1 1 0 1 1 0 1 1 0 1 1 0 1 1 0 1 1 0 1
0 0 0 0 0 0 0 0 0 0 1 1 0 1 1 0 1 1 0 1 1 0 1 1 0 1 1 0 1
0 0 0 0 0 0 0 0 0 0 1 1 0 1 1 0 1 1 0 1 1 0 1 1 0 1 1 0 1
               0                0                0                0                0                0                0                0                0 7.5952910434e-16                1                1                0                1                1                0                1                1                0                1                1                0                1                1                0                1                1                0                1
0 0 0 0 0 0 0 0 0 0 1 1 0 1 1 0 1 1 0 1 1 0 1 1 0 1 1 0 1
0 0 0 0 0 0 0 0 0 0 1 1 0 1 1 0 1 1 0 1 1 0 1 1 0 1 1 0 1
0 0 0 0 0 0 0 0 0 0 1 1 0 1 1 0 1 1 0 1 1 0 1 1 0 1 1 0 1
0 0 0 0 0 0 0 0 0 0 1 1 0 1 1 0 1 1 0 1 1 0 1 1 0 1 1 0 1
0 0 0 0 0 0 0 0 0 0 1 1 0 1 1 0 1 1 0 1 1 0 1 1 0 1 1 0 1
             0              0              0              0              0              0              0              0              0              0 0.990602328291              1              0              1              1              0              1              1              0              1              1              0              1              1              0              1              1              0              1
             0              0              0              0              0              0              0              0              0              0 0.707106781187              1              0              1              1              0              1              1              0              1              1              0              1              1              0              1              1              0              1
             0              0              0              0              0              0              0              0              0              0 0.117220321661              1              0              1              1              0              1              1              0              1              1              0              1              1              0              1              1              0              1
0 0 0 0 0 0 0 0 0 0 0 1 0 1 1 0 1 1 0 1 1 0 1 1 0 1 1 0 1
0 0 0 0 0 0 0 0 0 0 0 1 0 1 1 0 1 1 0 1 1 0 1 1 0 1 1 0 1
0 0 0 0 0 0 0 0 0 0 0 1 0 1 1 0 1 1 0 1 1 0 1 1 0 1 1 0 1
             0              0              0              0              0              0              0              0              0              0              0 0.993105934022              0              1              1              0              1              1              0              1              1              0              1              1              0              1              1              0              1
             0              0              0              0              0              0              0              0              0              0              0 0.707106781187              0              1              1              0              1              1              0              1              1              0              1              1              0              1              1              0              1
             0              0              0              0              0              0              0              0              0              0              0 0.117220321661              0              1              1              0              1              1              0              1              1              0              1              1              0              1              1              0              1
0 0 0 0 0 0 0 0 0 0 0 0 0 1 1 0 1 1 0 1 1 0 1 1 0 1 1 0 1
0 0 0 0 0 0 0 0 0 0 0 0 0 1 1 0 1 1 0 1 1 0 1 1 0 1 1 0 1
0 0 0 0 0 0 0 0 0 0 0 0 0 1 1 0 1 1 0 1 1 0 1 1 0 1 1 0 1
                0                 0                 0                 0                 0                 0                 0                 0                 0                 0                 0                 0 7.47294109668e-16                 1                 1                 0                 1                 1                 0                 1                 1                 0                 1                 1                 0                 1                 1                 0                 1
                0                 0                 0                 0                 0                 0                 0                 0                 0                 0                 0                 0 2.81688511701e-16                 1                 1                 0                 1                 1                 0                 1                 1                 0                 1                 1                 0                 1                 1                 0                 1
                0                 0                 0                 0                 0                 0                 0                 0                 0                 0                 0                 0 1.68453469922e-17                 1                 1                 0                 1                 1                 0                 1                 1                 0                 1                 1                 0                 1                 1                 0                 1
0 0 0 0 0 0 0 0 0 0 0 0 0 1 1 0 1 1 0 1 1 0 1 1 0 1 1 0 1
0 0 0 0 0 0 0 0 0 0 0 0 0 1 1 0 1 1 0 1 1 0 1 1 0 1 1 0 1
0 0 0 0 0 0 0 0 0 0 0 0 0 1 1 0 1 1 0 1 1 0 1 1 0 1 1 0 1
             0              0              0              0              0              0              0              0              0              0              0              0              0 0.993105934022              1              0              1              1              0              1              1              0              1              1              0              1              1              0              1
             0              0              0              0              0              0              0              0              0              0              0              0              0 0.707106781187              1              0              1              1              0              1              1              0              1              1              0              1              1              0              1
             0              0              0              0              0              0              0              0              0              0              0              0              0 0.136773634831              1              0              1              1              0              1              1              0              1              1              0              1              1              0              1
0 0 0 0 0 0 0 0 0 0 0 0 0 0 1 0 1 1 0 1 1 0 1 1 0 1 1 0 1
0 0 0 0 0 0 0 0 0 0 0 0 0 0 1 0 1 1 0 1 1 0 1 1 0 1 1 0 1
0 0 0 0 0 0 0 0 0 0 0 0 0 0 1 0 1 1 0 1 1 0 1 1 0 1 1 0 1
             0              0              0              0              0              0              0              0              0              0              0              0              0              0 0.993105934022              0              1              1              0              1              1              0              1              1              0              1              1              0              1
             0              0              0              0              0              0              0              0              0              0              0              0              0              0 0.990602328291              0              1              1              0              1              1              0              1              1              0              1              1              0              1
             0              0              0              0              0              0              0              0              0              0              0              0              0              0 0.136773634831              0              1              1              0              1              1              0              1              1              0              1              1              0              1
0 0 0 0 0 0 0 0 0 0 0 0 0 0 0 0 1 1 0 1 1 0 1 1 0 1 1 0 1
0 0 0 0 0 0 0 0 0 0 0 0 0 0 0 0 1 1 0 1 1 0 1 1 0 1 1 0 1
0 0 0 0 0 0 0 0 0 0 0 0 0 0 0 0 1 1 0 1 1 0 1 1 0 1 1 0 1
0 0 0 0 0 0 0 0 0 0 0 0 0 0 0 0 1 1 0 1 1 0 1 1 0 1 1 0 1
                0                 0                 0                 0                 0                 0                 0                 0                 0                 0                 0                 0                 0                 0                 0 7.37315504069e-16                 1                 1                 0                 1                 1                 0                 1                 1                 0                 1                 1                 0                 1
0 0 0 0 0 0 0 0 0 0 0 0 0 0 0 0 1 1 0 1 1 0 1 1 0 1 1 0 1
0 0 0 0 0 0 0 0 0 0 0 0 0 0 0 0 1 1 0 1 1 0 1 1 0 1 1 0 1
0 0 0 0 0 0 0 0 0 0 0 0 0 0 0 0 1 1 0 1 1 0 1 1 0 1 1 0 1
             0              0              0              0              0              0              0              0              0              0              0              0              0              0              0              0 0.993105934022              1              0              1              1              0              1              1              0              1              1              0              1
             0              0              0              0              0              0              0              0              0              0              0              0              0              0              0              0 0.707106781187              1              0              1              1              0              1              1              0              1              1              0              1
             0              0              0              0              0              0              0              0              0              0              0              0              0              0              0              0 0.136773634831              1              0              1              1              0              1              1              0              1              1              0              1
0 0 0 0 0 0 0 0 0 0 0 0 0 0 0 0 0 1 0 1 1 0 1 1 0 1 1 0 1
             0              0              0              0              0              0              0              0              0              0              0              0              0              0              0              0              0 0.993105934022              0              1              1              0              1              1              0              1              1              0              1
             0              0              0              0              0              0              0              0              0              0              0              0              0              0              0              0              0 0.990602328291              0              1              1              0              1              1              0              1              1              0              1
             0              0              0              0              0              0              0              0              0              0              0              0              0              0              0              0              0 0.136773634831              0              1              1              0              1              1              0              1              1              0              1
0 0 0 0 0 0 0 0 0 0 0 0 0 0 0 0 0 0 0 1 1 0 1 1 0 1 1 0 1
                0                 0                 0                 0                 0                 0                 0                 0                 0                 0                 0                 0                 0                 0                 0                 0                 0                 0 7.51620839065e-16                 1                 1                 0                 1                 1                 0                 1                 1                 0                 1
0 0 0 0 0 0 0 0 0 0 0 0 0 0 0 0 0 0 0 1 1 0 1 1 0 1 1 0 1
