0.000329398533332 0.000927395974615  0.00287610863144 0.000167311984042   0.0039282911942  0.00394615548583 0.000167645901114  0.00396406026367  0.00396940159863 0.000168848225528  0.00397676355018  0.00397993706588 0.000169882410968  0.00398444143387  0.00398594268037 0.000171432671087  0.00398929337195  0.00399028036897 0.000177751711702  0.00399243948443  0.00399325798416 0.000180872755694  0.00399449941298  0.00399521718892 0.000181328841298  0.00399540712757  0.00399635995933 0.000182386118652  0.00399677814282
0.000347359010737 0.000982537623176  0.00292189027871 0.000447399130865  0.00394180815195  0.00395592361766 0.000396626562645  0.00397244358492  0.00397740066023 0.000350833977054   0.0039843006294   0.0039861961811 0.000311140669507  0.00398937346088  0.00399101022527 0.000295295411979  0.00399233118285  0.00399318980213 0.000269430521525  0.00399395725745  0.00399443510226 0.000245820541616  0.00399529973579  0.00399521513371 0.000235078042863  0.00399618383552  0.00399611008187 0.000227464820897  0.00399708031667
0.000603966166922  0.00147015048738  0.00336529287463 0.000508992274758  0.00399192690804  0.00394877440929 0.000452532625436  0.00396884678438  0.00397558291421 0.000440575750994  0.00398483065166  0.00398856742909 0.000421166475989   0.0039933459768  0.00399534831979 0.000409221798504  0.00399792895383  0.00399855706519 0.000391729993379  0.00400019838852   0.0040006421468 0.000367612717533  0.00400187228627  0.00400265779587 0.000365450202396  0.00400318447027  0.00400399839966 0.000361354120211  0.00400443462194
 0.00461529986623   0.0017028207547  0.00366029366251 0.000635968176347  0.00404940739313  0.00393084133413 0.000566245837394  0.00395373729075  0.00396191169885 0.000520714951877  0.00397423146658  0.00397851364165 0.000494856443548  0.00398518111668  0.00398890821035 0.000488527080087  0.00399322646962  0.00399480022145 0.000472574849645  0.00399863386221  0.00399972480147 0.000461022534984  0.00400206118999  0.00400220150104 0.000451931593394  0.00400392118826  0.00400417563626  0.00044682001771  0.00400579055614
 0.00426753465998  0.00112933624547  0.00292475570314  0.00135679642559    0.004880082723  0.00414383194629  0.00122535426176  0.00411918899373   0.0041139683593  0.00109765616474  0.00410752075622  0.00410023967719  0.00098958588317  0.00408790813302  0.00408658265208 0.000944106413784  0.00407183247708  0.00407279627902 0.000878814772812  0.00406583039497  0.00406327795642 0.000813933857456  0.00406768708429  0.00406073906611 0.000779895817052  0.00405854508065  0.00406005106615 0.000762962213018  0.00405946256398
0.000173051495202 0.000742051067467  0.00266896850202  0.00159976061856  0.00481162941312  0.00419796146772  0.00164052760923  0.00419635677702  0.00419585683406  0.00150949276869  0.00419799912762  0.00419118916523  0.00139970443512  0.00417997038006  0.00417715295358  0.00135267701151  0.00415872167206  0.00416051538686  0.00128059204089  0.00415178524806  0.00415014567033  0.00123289680112  0.00415440656169  0.00415012311077  0.00121630762406  0.00415276103162  0.00415305548351  0.00120782869687    0.004153679075
0.000131960325415 0.000120668544713  0.00197141877258   0.0022737755907  0.00488618851204  0.00463004385066  0.00237894644499  0.00448868206539  0.00449483368191  0.00228110653096  0.00449463386066  0.00448473874257   0.0021578158581  0.00446016692752  0.00445575014043  0.00209870974974  0.00441991495808   0.0044214111238  0.00201443259131  0.00440149688218  0.00439362840123  0.00191279320942  0.00438808287158  0.00437639064315  0.00188465157226  0.00437486428897  0.00436980041337  0.00185614076441  0.00437280691998
7.79979928874e-05 0.000101954026247  0.00181674822636   0.0028044188423  0.00538335645707  0.00506637756134  0.00283433813436  0.00466385785619  0.00466711423587  0.00269252960877    0.004671594907  0.00466280330828  0.00258052969864  0.00464334104548  0.00464520266774  0.00253837057642  0.00461657414697   0.0046222891524  0.00247582200337  0.00461079613845  0.00460643822818  0.00242008868588  0.00460525891568  0.00459601106354   0.0023889545636  0.00460025557184  0.00459348444223  0.00236672177542  0.00459503435018
3.00849543101e-05  0.00107833664847  0.00218827513688  0.00291839983203   0.0051899926383  0.00498007699371  0.00313137756195  0.00478826231743  0.00479830797662  0.00303104984586  0.00481828669345  0.00481988356468  0.00295514012775  0.00482044879743  0.00482081956753  0.00290824698512  0.00481356156735  0.00481796951356  0.00288380367143  0.00481895043598  0.00481893004693  0.00284892003733  0.00481949154442  0.00481808211924  0.00283397355073  0.00482599045289   0.0048231490389  0.00282384388374  0.00482574376502
6.43218259345e-05 0.000429601445995  0.00143398017091   0.0020595605904  0.00572786070772   0.0058260514589  0.00301052935032  0.00465088539147  0.00468268600383  0.00299144313821  0.00473539990601  0.00476365233219  0.00301796672398  0.00481092095343  0.00482611726006  0.00303510275659  0.00486534575781  0.00487310390244  0.00304210790758  0.00489119138915  0.00490178130324  0.00304840618604  0.00491292168238    0.004914842023  0.00304710251192  0.00492222113129  0.00493254129089  0.00305014703323  0.00494172520525
7.27202974686e-05 0.000340582305057  0.00145583423117  0.00264410391031  0.00582699802797  0.00647724472739  0.00353980996471  0.00496060863408  0.00495895382581  0.00346417666395  0.00499324826391  0.00500464651203  0.00340211489526  0.00501462297238  0.00502621927683  0.00337653814675  0.00502091111278  0.00502932748417  0.00334074114095   0.0050344554603  0.00503523378368   0.0032997319985  0.00504670907888  0.00504344041448   0.0032835473248  0.00504863928794  0.00504676924846  0.00327129609016  0.00505742497315
2.4398182665e-05 0.00122371027582 0.00316904993516 0.00336076370333 0.00546040379226  0.0063425446978 0.00403611134973 0.00542152046121 0.00516280985982 0.00379803837251 0.00518157608585 0.00518124139228 0.00368855849874  0.0051748417041  0.0051771899954 0.00365078577217 0.00514934164985 0.00515933733444 0.00357063297448 0.00514609275647 0.00514795982993 0.00350630312888 0.00514956956787 0.00514229353442 0.00348093846102 0.00514927775534 0.00514347072931 0.00346023181972 0.00515716205216
6.59314042008e-05  0.00187891112471  0.00480994943874  0.00506733067663  0.00629289230617  0.00674960762654  0.00489495620511  0.00572347665056   0.0053808282647  0.00407274334812   0.0053010736294  0.00529448627247  0.00394342679081  0.00530314320975  0.00531469437786  0.00391104833947  0.00532730427351  0.00534089873299  0.00388864646142  0.00535374748374  0.00535210987769  0.00386147143225  0.00536652619014  0.00536781549194  0.00385597149457  0.00537949160784  0.00538833167615  0.00384569219741  0.00538940816724
7.03912510794e-05  0.00149582011655  0.00388943513303  0.00409628238546  0.00486244667579  0.00558420406216  0.00485794457346  0.00555057346646  0.00558359284393  0.00442321880433    0.005470135836  0.00546104408044  0.00426054070384  0.00549118323137  0.00551119626446  0.00425410356167  0.00554672426945  0.00556305374993  0.00425457981396  0.00559904051092  0.00561832680127  0.00425732204402  0.00563464143356  0.00563965797031  0.00425107746446  0.00566603916631  0.00567231403361  0.00427896520035  0.00569940019474
7.34791214793e-05 0.000282175336661 0.000593296242817 0.000736875330678  0.00430345700554  0.00637265547807  0.00452724756783  0.00582993072239  0.00524924887602  0.00401457311643  0.00514509303206  0.00514548757172  0.00392821209438  0.00518423708606  0.00519906456453   0.0039027931132  0.00525069396338  0.00526641745936  0.00392021710679  0.00530408659316  0.00531641909293  0.00392939793292  0.00535140355644   0.0053653114998  0.00394279028766  0.00538643219367  0.00539053202565  0.00394219641214  0.00540623065401
4.33435954417e-05 0.000133784629423 0.000343929010706 0.000863178566448  0.00393253792433  0.00603148141254  0.00460777617855  0.00603788306456  0.00550504081539  0.00421280259952  0.00524529613782  0.00524989769731  0.00407643923966  0.00524015752821  0.00524942674554  0.00400765546883   0.0052719562347  0.00528856491705  0.00398147214205  0.00530501291148  0.00531697042555  0.00396506394649  0.00533540742224  0.00534869170956  0.00396682348314  0.00536580644624  0.00537556857273  0.00395407275122  0.00539081055219
5.20916066552e-05 0.000254297480085 0.000572811040322  0.00155006775413    0.003659932524  0.00529058038725  0.00451390046251  0.00574607326302  0.00552255148944  0.00440402800101  0.00537239341628  0.00538759153668  0.00431264980374  0.00539974956198  0.00541063901699  0.00425240692371  0.00539593619477  0.00541264165362  0.00418937052321  0.00540948593816  0.00541473446282  0.00414852765352  0.00543484411188  0.00543776311612  0.00410903183213  0.00545474492267  0.00545680316917  0.00410289269825   0.0054680169743
0.000110210476115 0.000462655744789 0.000976406169397  0.00214482594391  0.00415471053808  0.00560033616068  0.00515033795542  0.00606156082328  0.00596441921585    0.005111155009  0.00592668398727  0.00596589444281  0.00511911166975  0.00602084466263  0.00604798034104  0.00510766198681  0.00608281125914  0.00610001802971  0.00509387617744  0.00614328142349  0.00615999202162  0.00510559626629  0.00618694434547  0.00620401048033  0.00511482663328  0.00622425769472  0.00623524505707  0.00514108020666  0.00625832997486
1.33552495359e-05 0.000374234107502 0.000988203474414  0.00168613047767  0.00340795819687  0.00492688550668  0.00515640344368  0.00524907686473  0.00512362252893  0.00431116749866  0.00513456547924  0.00513597371684  0.00418905751547  0.00519348542239  0.00521401707638  0.00417443703304  0.00530916286881  0.00531666062746  0.00420445472774  0.00538182664101  0.00540087389718  0.00421207103322  0.00542709819674  0.00544062718568   0.0042226830792  0.00546169465486  0.00548350839673  0.00419477241991  0.00549057049095
4.01894895109e-05 0.000348520570817 0.000961991193688   0.0014502366417  0.00284821825961  0.00426709204879  0.00453267386005  0.00495369862425  0.00493256745287  0.00410200817784  0.00496067895714  0.00499298094527   0.0040460064104  0.00505497211897   0.0050737976953  0.00401881074484  0.00512899573897  0.00515008258609   0.0040120666068  0.00518675412723  0.00520772347247  0.00401147237944  0.00523928763309   0.0052559677404  0.00400901481686   0.0052784877873  0.00528856818404  0.00400628022458  0.00531758929772
7.28760673503e-05 0.000328363221722 0.000927624404554   0.0013340310687  0.00162049059169  0.00415809428081  0.00388161026705   0.0059499869578  0.00514322619123  0.00371286202683  0.00466373158982  0.00468759021692  0.00369835459249  0.00473149483205  0.00475956681407  0.00365932355753   0.0048207561199   0.0048416513231  0.00365283157231  0.00489667340772  0.00492619265543  0.00368938876148  0.00496467256692  0.00500506572202  0.00371325194386  0.00503493957839  0.00505773237258  0.00372839128109  0.00508336193532
0.000126295043352 0.000167663626426 0.000211385218749  0.00077304493617  0.00193875899093  0.00441137297508  0.00451619160924  0.00566293017164  0.00518709434522  0.00383491528319  0.00469682390541  0.00472207973697  0.00379830229685   0.0048017468197  0.00482434609013  0.00378336686764   0.0048744131463  0.00489659147317  0.00377547737028  0.00493587001576  0.00495006249811  0.00374349852518  0.00498473415626  0.00499250538393    0.003741996638  0.00502373880374  0.00503159481863  0.00372589970253  0.00505876976973
1.19676322935e-05 0.000181011650494 0.000398241494656 0.000914334390732  0.00164525363431  0.00366061548477  0.00419167510933  0.00566925820312  0.00544105814583  0.00430097110152  0.00508088484694  0.00507551641167  0.00419258088158  0.00509268664297  0.00511610288195  0.00416665445957  0.00511843106873  0.00513462372071  0.00409791571813  0.00516110402663  0.00516992226129  0.00405655600637  0.00520047843341  0.00520930171586   0.0040321511186  0.00523665491859  0.00525122580781  0.00403750277644  0.00527346713383
2.44094872916e-05 0.000318962948353 0.000699564158215  0.00113214768516  0.00152953203784  0.00334358828099  0.00441044798237  0.00562528107169  0.00548418515071  0.00457434749647  0.00528429738492  0.00530659983434  0.00454347068682  0.00536062828804  0.00537954539291  0.00452808654253  0.00540171495627  0.00544322126962  0.00451259520515  0.00545440339073  0.00547530835951  0.00447352274663  0.00550383213222  0.00551476148079  0.00445666278588  0.00554378842292  0.00553709025358   0.0044493938084  0.00556641937829
0.000192653280835 0.000321977244163 0.000607690389885  0.00111973278592  0.00128383305107  0.00270167993539  0.00402918110145  0.00508605807687  0.00504578709647  0.00423418788454  0.00497123848588  0.00503605301541  0.00436583149402  0.00516526512223  0.00521979423528  0.00443386076387  0.00537504210966  0.00537815917666   0.0044856393451  0.00547179631057  0.00550162507625  0.00457399686341   0.0055528188443   0.0055971057209  0.00460137706525  0.00562889875851  0.00567183847811  0.00462591670341  0.00569021759583
0.000198937118195  0.00085978435581  0.00140440976761  0.00198442273732  0.00218070100883  0.00294905645625  0.00466598489989  0.00438983740671  0.00442481546421  0.00401763825552  0.00474136803675  0.00477085718544  0.00399355590028  0.00482777576995  0.00485652685935  0.00399032778772  0.00491661990823  0.00493979509017  0.00399521181777  0.00498722034839   0.0050090710223  0.00398118901809  0.00505112482082  0.00506842438261  0.00397685038096  0.00510586241832  0.00511355978771   0.0039748052905   0.0051475588434
3.79255989613e-05 0.000563803047772   0.0012572619023  0.00203107467422  0.00157599049055  0.00112561498367  0.00301170856383  0.00506108928431  0.00537542681481   0.0034595938826  0.00423486355732  0.00428770892906   0.0034921696287  0.00439677265241  0.00443793087966  0.00352699982316  0.00455991730836  0.00458851946316  0.00358188802228  0.00467270882679   0.0047070509243  0.00361962794354    0.004751259934  0.00477870930461  0.00363141246984  0.00480788213685  0.00482571993859  0.00362072824864  0.00484806801659
6.23077758419e-05 0.000138768031784  0.00045411832647 0.000886756172143  0.00100737939051   0.0010841203136  0.00321764998776  0.00529470941934  0.00584224729943  0.00383647145126  0.00471761848026  0.00441101985453   0.0035473837111  0.00442034308614  0.00444180130449  0.00349542243693  0.00444988136948  0.00447262187411  0.00344287177956  0.00451497748681  0.00452763001341  0.00342050317666  0.00457341319389  0.00459052667063  0.00341875392642  0.00463114385003  0.00464711746759  0.00340509561674  0.00466923024048
0.000193615281294 0.000309244671916 0.000522175998594 0.000952590909997  0.00108437616917  0.00133205949569  0.00354652423929  0.00485420110426  0.00539660076201   0.0039393019844  0.00476815683124  0.00464678922771  0.00389897066892  0.00469492103132  0.00472687472847  0.00390400331416  0.00478318385408  0.00481528421118  0.00391137233093    0.004856981224  0.00488162958487  0.00387997240098  0.00491813124932  0.00492859112419  0.00387202193229  0.00495970616049  0.00498473175286  0.00386242887594  0.00502456852086
2.73438212695e-05 0.000208527026202 0.000566620397791 0.000970655058468  0.00126810263398  0.00207077436014  0.00425328480341  0.00496623282173  0.00548857559281  0.00457470573087  0.00526371080674  0.00519556934388  0.00448360164997  0.00517079533496  0.00517728966529  0.00443966070149  0.00516561410848  0.00518983511163  0.00436922196916  0.00519650967531  0.00520560521379  0.00431507722418  0.00523576902127  0.00524469506126  0.00429336413117  0.00527506615556   0.0052796227731   0.0042914195025  0.00532156613991
9.27378082557e-05 0.000365041338916  0.00127912041902  0.00201117638386  0.00250524929454  0.00329067346711  0.00384781570099  0.00501282282527   0.0052990601086  0.00513555558526  0.00544507964695  0.00554662728637  0.00501457780487  0.00562319294228  0.00564712271306  0.00502493868057  0.00570331970351  0.00572188948605  0.00503047471809  0.00576978121985  0.00579173739443  0.00504196413017  0.00582657314221  0.00583998289095  0.00502847689226   0.0058824496789  0.00589793407511  0.00503784317189  0.00592326145432
0.000155722811899 0.000841413749917  0.00132134664823  0.00182321477351  0.00213802018956  0.00247130640561  0.00296473405244  0.00423896917497  0.00471420745361  0.00428974000583  0.00482126989672  0.00490242947509  0.00426224330217  0.00493096955818  0.00494926846844  0.00424886651323  0.00497669158004  0.00501038420064   0.0042275912331  0.00504039205593  0.00505921765105  0.00421453722865  0.00510462774242  0.00512217655311  0.00419996749453  0.00515263241375  0.00516827118548  0.00419478297421  0.00519851346516
0.000131435743351 0.000705141834977  0.00148185994696   0.0021023210521  0.00277219235035  0.00197183882607 0.000784723987632  0.00382615994402  0.00523565614312  0.00356690318502  0.00438274940468  0.00420789032573  0.00361052001576  0.00436871036595  0.00442096772533  0.00371655863116  0.00463218347248   0.0046480736194  0.00385508321273  0.00477851226873  0.00482722073302  0.00396357853302  0.00488881697891   0.0049438367353  0.00401766450082  0.00498611735838  0.00502415594412  0.00404265582608  0.00505107985349
4.08708409575e-05  0.00038633315609 0.000992529467219  0.00146494258881  0.00167225183099  0.00146064301009 0.000887886142951  0.00375582941568  0.00540243138486  0.00380045640108  0.00470657096205  0.00420502080391  0.00328021854027  0.00408602707331  0.00410604214132  0.00327170607396  0.00415546835031  0.00418655303319  0.00326878768233  0.00424135188892   0.0042695007515  0.00327965639979  0.00432166116676  0.00434377818995   0.0032782553708  0.00439035402078  0.00440540668247  0.00326057009554  0.00444073519697
6.02060238578e-05 0.000138684569694 0.000290130786203 0.000715661414448  0.00108204722205  0.00145507208949   0.0023598643683  0.00396721314921   0.0050281173238  0.00434008124849  0.00528400241238  0.00496829770643   0.0040795284944  0.00474046134798  0.00473016341853  0.00400727481242  0.00468353722057  0.00470206898431  0.00391828768574  0.00470795751162  0.00470989174403  0.00382709362802  0.00474019095214  0.00474206232464  0.00379417140557  0.00477516487829  0.00478387906879  0.00379849477202  0.00482944516382
3.98232776014e-05 0.000246728097701 0.000600864218233  0.00100687945344  0.00126114203448  0.00135426223901  0.00200299042812  0.00375468131671  0.00515636167018  0.00474831525227  0.00555147431963  0.00538004356019  0.00470210845508  0.00528929963113  0.00529988447503  0.00469325334517  0.00530489430389  0.00532451169138  0.00467013086932  0.00534135348529  0.00536659098449   0.0046376874943  0.00540029530669  0.00540563985043  0.00463319405844  0.00543804345281  0.00545369132008  0.00461166475399  0.00548273991505
1.95027763075e-05 0.000225000063552 0.000816665325902  0.00132027059973  0.00156673627892  0.00159679729249  0.00149567380037  0.00300106853566   0.0045818981608  0.00442370574112   0.0052316729863   0.0050938137892  0.00449824354005  0.00507635320631  0.00510192187335  0.00452249827329  0.00518229164115  0.00521121383321  0.00455510210456  0.00528033932039  0.00529622111016  0.00460021393452  0.00534127163986  0.00537366261662  0.00459970079416  0.00541348309869   0.0054372756617  0.00461770360898  0.00547034211674
2.22722011408e-05  0.00031733023467  0.00109584587078  0.00169175844802    0.001942443179  0.00201482124855  0.00212055449297   0.0030838096348  0.00402718711023  0.00441507751279  0.00452993212309    0.004641877355  0.00414449454349  0.00475980326205  0.00477460076531  0.00414924983008  0.00482836427257  0.00483871960238  0.00416017014571  0.00489189378436  0.00492061930835  0.00415245336561  0.00496203647616  0.00497836382057  0.00416743151358  0.00502044264429   0.0050377187545  0.00417086555845   0.0050580855043
2.65448363648e-05 0.000299589495599 0.000894718506742  0.00132229092591  0.00157989271958   0.0018070928665  0.00124047354366  0.00158177885217  0.00345477230018  0.00344290552372  0.00451740063141  0.00425863572397  0.00352709903633   0.0042163781989    0.004248102947  0.00357190286952  0.00435560533734  0.00437795572873  0.00363302777755  0.00447169002243  0.00450796739285  0.00372515462892  0.00456321700258   0.0046192007694  0.00375126552333  0.00466201074925  0.00469169873282  0.00376335158281  0.00473103407856
2.90724787353e-05 0.000222496804888 0.000546254656387 0.000942258614049  0.00114257525522  0.00141525727527  0.00122725326189  0.00064342200194  0.00353472562951  0.00346085899541   0.0055749704954  0.00448831783781  0.00335942034837  0.00407644161498  0.00408808365447  0.00336346908383  0.00413668114969  0.00415837036667   0.0033730087189  0.00420239644518  0.00423499649532  0.00337395285279   0.0042812685579  0.00430605359814  0.00337657640195  0.00435084157464  0.00437318671012  0.00338574793328  0.00440334303307
9.24113955432e-05 0.000543899150076 0.000772759663045  0.00117796247564  0.00138822590376  0.00131900688534  0.00133668618548   0.0019944875146   0.0041307085642  0.00431992143698  0.00578917694681  0.00545583047382  0.00424948768462  0.00483134503789  0.00479654738261  0.00415400888392  0.00471798846529  0.00473319968791  0.00405696400757  0.00471888494768  0.00471122758543   0.0039435317354  0.00473346282419  0.00471526561305     0.00389691705  0.00474577180677  0.00475504855966  0.00387316724159  0.00481213543872
1.19468586512e-05 0.000312431303552 0.000590228910304  0.00089066313753  0.00106289061403   0.0010501328087  0.00100760268824  0.00138170971921   0.0034643525949  0.00428394901617   0.0059980610702  0.00564450351854  0.00461186875026  0.00516827866957   0.0051648757815  0.00460326624383  0.00517390534246  0.00518602278364  0.00458510689827  0.00519921914054  0.00523072503858  0.00459262762901  0.00526533726058  0.00528150965619  0.00458528035731  0.00532492843498  0.00533350381744  0.00458626016576  0.00536972905592
2.68000598143e-05 0.000237627348336 0.000987028659972  0.00174373577101  0.00192422012989  0.00200027564798  0.00207448022619   0.0025989347926  0.00369783144673  0.00510079559966  0.00509109760846  0.00512348439306  0.00470300687457  0.00521826457775   0.0052314745749  0.00470244710498  0.00525151350646  0.00527830967461  0.00472500584401  0.00533412430909  0.00534843284394  0.00474135092281  0.00539631266275  0.00543581107947  0.00476936170832  0.00545899014219  0.00548839712948  0.00477572090437    0.005512954038
8.08664104251e-06 7.13916074176e-05   0.0008034712234  0.00145591064903   0.0017505283719  0.00182920927274   0.0018388302557  0.00226675632351   0.0034763857042  0.00493905533927  0.00472041882468  0.00472115831012  0.00440373468633  0.00494814883826  0.00495063217042  0.00441392023697  0.00501169744944  0.00501107062761  0.00443367595698  0.00505336480908  0.00506799413294  0.00443548709828  0.00509742626051  0.00510972481153  0.00442632731539   0.0051425073426   0.0051540105849  0.00439935158972  0.00517492552949
1.05096674732e-05 0.000487254281256  0.00130634164697   0.0017790472833   0.0019558810251  0.00202290331511  0.00210229163044  0.00125764447914  0.00152005758298  0.00335097619979  0.00460667445876  0.00456309495162  0.00354866141164   0.0042261784075  0.00423154980898  0.00360214807678  0.00431080269043  0.00432662298197  0.00367109978767  0.00440684323891  0.00443947102981   0.0037391912436  0.00449496389141  0.00453306633149   0.0037625752385  0.00457802016163  0.00460110719778  0.00378065730186  0.00463478078727
1.04232850719e-05 8.96541573567e-05 0.000324425563372 0.000725719606879 0.000903239721523  0.00113748002089  0.00153804356496  0.00117532156704 0.000660086100989  0.00284829613806  0.00531199205248   0.0055482368724  0.00341007315002  0.00406830707923    0.004046653966  0.00335523949186  0.00407757028811  0.00408982064644  0.00337189955638   0.0041284919794  0.00415319624197  0.00338866465093  0.00419818094914  0.00422747263145  0.00339833400085  0.00426985898677   0.0042986205211  0.00342398601737  0.00433671380793
3.05028848825e-05 0.000424989165897 0.000428170503649 0.000990811659512  0.00131833069344  0.00127185607834   0.0012571384108  0.00121973316122  0.00205110180498  0.00393096523719  0.00533991633112  0.00571378975105  0.00406807637434  0.00474868413961  0.00456355116275  0.00390224358772  0.00441476501904  0.00442568283855  0.00376447339465  0.00439101975043   0.0043762227216  0.00363557095523  0.00438656261351   0.0043698975323  0.00358227599759   0.0043999452722  0.00438631750744  0.00353302611346   0.0044355282954
6.29012160342e-05 0.000434578285618  0.00105297797169  0.00148989139908  0.00169921082436  0.00173747345708  0.00171802697742  0.00171110130718  0.00231929401702  0.00457483367343  0.00548800592722  0.00599920901156  0.00507613430596  0.00566904134919  0.00554532704132  0.00506172708025  0.00554713973998  0.00556073424975  0.00505421984585   0.0055610522492  0.00557632053494  0.00505737744942  0.00560928918821  0.00562773843294  0.00505280087234   0.0056551537013  0.00568848540923  0.00506190824285  0.00571394757612
2.59761825995e-05 0.000226192330191 0.000669868564814  0.00121079462572  0.00145721668965   0.0015128109097  0.00149323512986  0.00151225744202  0.00187301824351  0.00430046046957  0.00477586542203  0.00552667455978  0.00474211915407   0.0052937400096  0.00528529939589  0.00479352036319  0.00531353000097  0.00531392233641  0.00481147198514  0.00535724362572  0.00537164242621  0.00482845770001  0.00540986526708  0.00542055939961  0.00484717521316  0.00545867653902  0.00546763626984  0.00485286244995  0.00550942247588
2.06843068432e-05 0.000314166955067  0.00100167792341  0.00160568588174  0.00190525212962  0.00192578100119   0.0018451823472  0.00176769976815   0.0017235380944  0.00247274563449  0.00403022874542  0.00461068257993   0.0040573691017  0.00461507425901  0.00462020733713  0.00402741765102   0.0046362539322  0.00463726312519   0.0040698839266  0.00468160955073  0.00470643700447  0.00409666800525  0.00474236664129  0.00476662385231  0.00411452290043  0.00480183535829  0.00482889050153  0.00411157776562  0.00483984832753
2.22037769435e-05 0.000362911678069 0.000988173844471  0.00143174256379  0.00162401630437  0.00165508453435  0.00157615655336  0.00156694618329  0.00141074749347  0.00187187746026   0.0036149383479  0.00445172047813   0.0038529346058  0.00447225095336  0.00449209384528  0.00391266536899  0.00452854004487  0.00453029819286  0.00395966591082  0.00457727870277  0.00460187266896  0.00399783532563  0.00464002673068  0.00467177788377  0.00399774120265  0.00470557616719  0.00473484117574  0.00402100296919  0.00478245347307
2.61936050658e-05 0.000153892323159 0.000301028901698 0.000674201080925 0.000793927512647  0.00111135115835  0.00164632803447  0.00215058520895  0.00169207724817 0.000738390079924  0.00380374773913  0.00586611901077  0.00393398161257  0.00450600482016  0.00394201191825  0.00324722379701  0.00398738056322  0.00398656219466  0.00329733410985  0.00402672228971  0.00405791498875  0.00336340832835  0.00409644012739  0.00414226296021    0.003391825435  0.00418741605351  0.00421082675759  0.00341763389192  0.00424212177879
  5.236042666e-05 8.16838812325e-05  0.00024176818549 0.000647055897401 0.000778821096477 0.000515517353023 0.000380606587438  0.00019168429216 9.65395597131e-05  0.00106462565448  0.00353589306004  0.00531591174293  0.00397391977498  0.00507396836136  0.00449915303611  0.00355797676524  0.00414471938721  0.00414565961765  0.00347731254952  0.00411735441207  0.00410749618238  0.00340975876334  0.00413209119118  0.00412375623533    0.003379271528  0.00415170120632  0.00416023738723  0.00334753113527  0.00419717517424
2.95924768397e-05 0.000218944402601 0.000537155506192 0.000943673824489  0.00110698096421  0.00107632418456  0.00101539436401 0.000887091239591 0.000801260023839   0.0015211606248  0.00350681603219  0.00494691856728  0.00418256835267  0.00516748860834   0.0048846594011  0.00412462758717  0.00465914188181  0.00465374055595  0.00409121299849  0.00464835279841  0.00464741744004  0.00403603318808  0.00465948884504  0.00467452163868  0.00403086643864  0.00469807744127  0.00471262553814   0.0040289115397  0.00474866533574
1.61574010297e-05 0.000265497089395  0.00090490244771  0.00150753097055  0.00175242221839  0.00191921621441  0.00209647606448  0.00238278776038  0.00263666994217  0.00338538934524  0.00454125490693  0.00523146888125  0.00532875190163  0.00547277118863  0.00550723603809  0.00500902295158  0.00543104676346  0.00542609442202  0.00493620191645  0.00538258981928   0.0053803949942  0.00485685880977  0.00537550883252  0.00534970287643  0.00482465817056  0.00538404184113  0.00537165584083  0.00480871326656  0.00540332315355
2.73620816547e-05 0.000399386684815  0.00141999450809  0.00225255346109  0.00262825038015  0.00271059058185  0.00265652656741  0.00271867858688  0.00274433186051  0.00307677776253  0.00408370047208  0.00506082623822  0.00543125989462  0.00547687126514  0.00554837227752  0.00516524532109  0.00568208090094  0.00567753533116  0.00522603725572  0.00571731513633  0.00574004666389  0.00529508160592  0.00576818928044  0.00580085674853   0.0053180977535  0.00582268269146  0.00584652599327  0.00530751116222  0.00586733406926
1.26697385823e-05 0.000320582670579 0.000939298153038   0.0014191230597   0.0016749970705  0.00175925725667  0.00174353797298  0.00176875355794  0.00180095466442  0.00137318100014  0.00208693020547  0.00371730940438  0.00389252379016  0.00463161963806  0.00453292866383  0.00393754661678  0.00457786330246  0.00455824311119  0.00401129281109  0.00460351109123  0.00461168732462  0.00406311149351  0.00465688428156  0.00467933657793  0.00408311757708  0.00471073988136  0.00473967565638  0.00410947351994  0.00476612441922
1.60264117424e-05 0.000144725132054 0.000331217710143 0.000690193463796 0.000739856103428 0.000993989408179  0.00153909106294  0.00203053985626  0.00245764434834  0.00182962142516 0.000880493380247  0.00381593021421  0.00367983943168  0.00587491936871  0.00443595756421  0.00315106723848  0.00391038027114  0.00389549501042  0.00322226733759   0.0039259070367   0.0039577124079  0.00330235324222  0.00398790259175  0.00403746627096  0.00333456603734  0.00406938232702  0.00409621711182  0.00335309459166  0.00412942952045
1.61999250756e-05 0.000131868091315  0.00029148977027 0.000669955025405 0.000805741269769 0.000566733488065 0.000441404170867 0.000291348797195 0.000314712561439 0.000381098598279 0.000870475574311  0.00356787280743  0.00351053562858  0.00579812019694  0.00487762945577  0.00352350313859  0.00412132560026  0.00412022431033  0.00345992515345  0.00408685296206  0.00408037833167  0.00343563118271  0.00409451375024  0.00410379176395  0.00342075185481  0.00413081153256  0.00415148608483   0.0034135187601  0.00416666846655
5.42518069351e-05 0.000191945937723 0.000404611575378 0.000773300964821  0.00095215789892 0.000892192191543 0.000837200565536 0.000715011791975 0.000635877870507 0.000542080458141  0.00126516177697  0.00344129783898  0.00391918113788  0.00571249528683  0.00533498048606  0.00413234910182   0.0046692068107  0.00463597609963  0.00406169052422  0.00459973659663  0.00458590630874  0.00401553462229  0.00459773559117   0.0045870157123  0.00399415095869  0.00460688619428  0.00460971982608   0.0039817959452  0.00464559912148
3.21338164491e-05  0.00026495614682 0.000834718747021  0.00137845691246   0.0016259664076  0.00175052706731  0.00180698425531  0.00191430428433  0.00200863901162  0.00213436278165  0.00288302637575  0.00426249421701  0.00534831886545  0.00551388033645  0.00549892382525  0.00492451910349  0.00537908794029  0.00537380350819  0.00487223144819  0.00530293768965  0.00529288818378   0.0047803883503  0.00528252247344  0.00526414960069  0.00475127962018  0.00527886810949  0.00526998751055  0.00473882454498  0.00531239195267
3.46819173987e-05 0.000344376281769  0.00111738867408  0.00181110989616  0.00212838713151  0.00219079097239  0.00213894411514  0.00216484443634  0.00215752470027  0.00216740868678  0.00252107958455  0.00371282713059  0.00530601467776   0.0053084683933  0.00529362965337  0.00489045917605  0.00541966591296  0.00538596379738  0.00492109614035  0.00541156167325  0.00542113933093  0.00497775883993  0.00543952636882  0.00546551463295   0.0049941294104    0.005482854902  0.00550418606925  0.00500003362549  0.00552350550931
6.41730041606e-06 0.000351533199444  0.00107528294319  0.00162699656296   0.0018698254042  0.00195188530227  0.00192884176268   0.0019598935739   0.0019324788508  0.00193379281943   0.0021941732752  0.00317933079829  0.00488882063803  0.00454759712451   0.0045658717797  0.00432339314498  0.00491065536195  0.00488550430944  0.00435386939396  0.00486588603656  0.00487253240646  0.00435195090407  0.00487750017839  0.00488763518965  0.00436565627025  0.00491236528479  0.00492755588569  0.00436442637433  0.00495629764659
1.66507565709e-05 0.000305835938219  0.00079932801931  0.00123801017971  0.00148957610383  0.00179300811004  0.00220539493554  0.00257505977076  0.00289349311666    0.003131539418  0.00215034937208 0.000812454235288  0.00244885455486  0.00603151525421   0.0059799747352  0.00310297693325  0.00383896917684  0.00381004853682  0.00309724341279  0.00385033058452  0.00386562416241  0.00323677509229   0.0039044798308  0.00395375805849  0.00328294129506  0.00398518981438  0.00401849884715  0.00332777690167   0.0040350059279
1.02472889942e-05 0.000104064804406 0.000246278028977 0.000688687210694 0.000926246526662  0.00084669141781 0.000792722561491 0.000705011601779 0.000667803527397 0.000646843593507 0.000662262052497  0.00146195665785  0.00334432394571  0.00534594277307    0.005632649828  0.00377358228482  0.00438041765616  0.00432254286733  0.00367963629193   0.0042396557975  0.00421680638669  0.00358725904696  0.00419988674381   0.0041716701331  0.00354456937077  0.00418806234134  0.00418727654335  0.00352160265191  0.00420537791302
 1.4332073325e-05  0.00014728226044 0.000409232500553 0.000827979253484  0.00107897366327  0.00112541841534  0.00112436335793  0.00109897726258  0.00110318405922  0.00111189086571  0.00113840728556  0.00196242189544  0.00425985073585  0.00510401673346  0.00551307051371  0.00442447050294  0.00498333418827   0.0049646048263  0.00439807710934  0.00488429020431  0.00487701113064  0.00434807419682   0.0048662930844  0.00486024477425  0.00433021287608  0.00486366913393   0.0048689219332  0.00432237751396  0.00491304698103
 3.8927660082e-06 0.000187339179386 0.000572876385328  0.00102641097316  0.00129195931808  0.00133315064585  0.00128181648168  0.00120893125708  0.00113729055719   0.0010702632661  0.00101440352683  0.00130833464488  0.00378431194993  0.00524766249536  0.00603719452177  0.00478731580416   0.0054486279841  0.00531700567178  0.00480996948462  0.00530141550986  0.00528338267373  0.00482353216488   0.0052874795812  0.00529398652412  0.00482694188601  0.00531438593686  0.00531379427202  0.00480847107337  0.00532658474672
2.14431171574e-05 0.000314878398238  0.00100911713709  0.00160114388088  0.00188486162035  0.00196582118859  0.00190896794895  0.00194063981209  0.00192850297973   0.0019367670321  0.00191058301148  0.00232804736928  0.00302831944182  0.00462534775937  0.00509255480631   0.0046597931037  0.00510368659627  0.00515495030642  0.00462401717394  0.00512689226386  0.00512371765531  0.00464741343369   0.0051232788527   0.0051398955114  0.00466019642494  0.00515059839698  0.00516247080923  0.00467190843836  0.00516345544734
3.11941172301e-05 0.000357253797591  0.00115954587612  0.00183475209638  0.00213822863317  0.00217999561001  0.00212648733979  0.00208722024941  0.00202368820861   0.0019817825289  0.00191421016499   0.0020125687124  0.00259207192814  0.00393093171807  0.00442416861685  0.00403211189692   0.0046265651486  0.00457216068266  0.00395965587749  0.00451492677912  0.00450501265706  0.00394094881425  0.00450595957135  0.00449408680242  0.00394664851067   0.0045111508014  0.00452076697519  0.00394853414801  0.00454892081213
2.65087815017e-05 0.000168968180204 0.000476419449638 0.000836907508312 0.000952004365626  0.00100596497148  0.00122851082282  0.00147191924424   0.0017246216166  0.00195716769401  0.00216260541918   0.0013191379539 0.000898564840461  0.00383341402941  0.00586701043435   0.0038068236611  0.00446842145134  0.00406540269823  0.00335538935637  0.00407309623696  0.00408603486627  0.00349297440154  0.00408526975382  0.00414028218432  0.00353227301861  0.00415518267755   0.0041876045555  0.00357306350847  0.00421231210334
3.27923898654e-05 9.42076337679e-05 0.000286904591854 0.000681144760903 0.000886134784179 0.000869669013891 0.000821255656248 0.000760510529186  0.00070656220634 0.000633882996031 0.000585830924134 0.000512687203499 0.000981883917405  0.00356124786169  0.00524814843511  0.00388066061913  0.00474758187429  0.00422814071209  0.00351377798132  0.00412353044074  0.00409496941263  0.00345186473542  0.00407054419281  0.00404420483893  0.00342246530962  0.00405317281413  0.00405132779711  0.00339797136651  0.00406283739169
1.08395289305e-05 0.000124685533333 0.000310420229023  0.00067546585187  0.00087458253054 0.000822307902266 0.000787655979851 0.000652897849791 0.000562883728661  0.00045669888971 0.000393471831211 0.000310543541135  0.00135788739878  0.00358193928186  0.00531950082021   0.0042750575173  0.00521658768877  0.00482493780023  0.00413157529984  0.00467571808936  0.00463743976995  0.00407682619098  0.00461143771576  0.00459223765766  0.00405862270367  0.00459183940215  0.00459326406756   0.0040387730086  0.00461924724113
1.00031685167e-05 0.000148089767275 0.000464226737252 0.000905386510969  0.00115771211576  0.00120095684992  0.00117649726571  0.00112445035922  0.00108939019792  0.00106610729184  0.00107286314944  0.00110337301581  0.00193367857759  0.00371672795958  0.00510832885425   0.0046527562457  0.00545525414021  0.00525740487919   0.0046126883432  0.00509555080502  0.00507758122777  0.00458209260237  0.00505778409082  0.00504636814839  0.00456500283806  0.00504497839215  0.00504608346443  0.00455467325217  0.00505780786808
2.78534585408e-05 0.000301047460896 0.000991429572182  0.00160743422658  0.00191650636473  0.00202899144122  0.00201793554359  0.00207612709253  0.00208881730288  0.00211559490536  0.00210482966558  0.00211985094481  0.00266543267665   0.0039151979019  0.00488302771893  0.00507790640121  0.00526897368856  0.00529959957031  0.00481265739297   0.0053085840046   0.0052857533357  0.00478839363531  0.00525843571794  0.00524690656555  0.00479998503911  0.00526481072577  0.00525832905159  0.00479347744011  0.00528022600936
6.50062046607e-05 0.000561861770838  0.00197578533977   0.0032085872932  0.00363376464363  0.00347926986727  0.00334526450105  0.00325738597754  0.00317490846662  0.00312276328262  0.00305612331414  0.00302693322399  0.00304638237739  0.00376814564407  0.00466801180161  0.00513844904457  0.00526499761789  0.00531806640522  0.00473494560757  0.00523809067132  0.00521083852869  0.00472719651236  0.00518359434604  0.00518560884227  0.00470644676097  0.00517457492848  0.00518737787474  0.00471965917016  0.00520218286786
2.10446335773e-05 0.000149652257018 0.000524413555694 0.000928549200277 0.000908641558141 0.000588502450855 0.000739258872665  0.00105895199628  0.00136894216306  0.00163570348384  0.00185556309334  0.00203574229886  0.00123457619129  0.00114662034924  0.00391328244028  0.00361537200845  0.00572816821241  0.00441495586564  0.00327230256466  0.00403027156334       0.004027287  0.00339248215377  0.00401843097244   0.0040444168265   0.0034385759447  0.00405477899188  0.00407425289668  0.00346908562874  0.00407991004628
5.61133655575e-05  0.00015785151294 0.000626797536732  0.00111234648118  0.00111887787555 0.000632678257551 0.000381436692088 0.000336177956535 0.000414442520344 0.000519993571604 0.000613535791857 0.000707090966059 0.000814644852098  0.00108311352707  0.00363597395563  0.00337365764298  0.00589830342444  0.00466467844538  0.00322801768402  0.00397399923047  0.00394344565478   0.0032638320896  0.00391161881827  0.00390652937697  0.00326244642165  0.00389879959984  0.00389687482196  0.00325598080544  0.00390987160583
1.38897816949e-05 0.000161097410973 0.000400811668613 0.000754830078477 0.000978864359549 0.000976606441785 0.000924600122064 0.000816504542083 0.000730114740557   0.0006250618161 0.000557135626148 0.000459773043735 0.000321940949775  0.00124538586977  0.00346119738021   0.0037907743875  0.00560252254177   0.0050985964884   0.0040117335738  0.00457574606676   0.0045327120637  0.00392812522489  0.00448403961779  0.00445740962737  0.00391597284962  0.00445122694354  0.00444548004503  0.00389695259764  0.00444570242305
9.85656621446e-06 0.000160796767514 0.000516753081694 0.000966098562284  0.00122810740826  0.00128105345789  0.00125719450093  0.00120336213114  0.00116408030472  0.00113738315661  0.00113687626832  0.00116548789523  0.00124382825788  0.00214734189708  0.00393754247928  0.00479890679655  0.00582787347217  0.00571312294107  0.00473919690966  0.00523270973216  0.00519593346142  0.00465011311598   0.0051323916805  0.00511155415783  0.00463121540114  0.00509618217492  0.00509760703922  0.00462087160728  0.00512537792925
6.20425376721e-05 0.000468560423947  0.00158546820944  0.00257148128718  0.00291352353601  0.00283120131077  0.00275713219693  0.00275103619472  0.00273689665654  0.00274094859196  0.00272092590352  0.00271800278399  0.00271948504546  0.00314853014631  0.00442381342343  0.00599806738885  0.00587897717337  0.00586964499834  0.00535281950161  0.00582619423165  0.00579370283013  0.00533233674824  0.00575480307357  0.00573118513784  0.00530898494468  0.00573335482216  0.00571607724469  0.00531010721428  0.00571092292081
4.41921252375e-05 0.000613816957437   0.0021780021553  0.00362954060663  0.00414691020061  0.00394359685488  0.00378067055936  0.00366105482622  0.00355944088292  0.00347983816195  0.00340645203486  0.00335300103755  0.00332474360478  0.00342763053677  0.00427666516391  0.00612200162356  0.00536927360628  0.00538006057758  0.00503337057162  0.00553973661501  0.00548045759831  0.00497881329788  0.00544137311775  0.00539852659738  0.00495358884035  0.00537382858071  0.00535896911491  0.00493065646272  0.00538188657829
 1.2272411998e-05 8.65536123836e-05 0.000228751087885 0.000613003429477 0.000668485027583  0.00064970166328 0.000967860002264  0.00130584192839  0.00160664090998  0.00185743225496  0.00205896337198  0.00222407360321  0.00236093310322  0.00167871171477 0.000872519738118  0.00250539315728  0.00660301594499  0.00662038966037  0.00359879840121  0.00429053768278  0.00428713218091   0.0036645988705  0.00425739282736  0.00429048253209  0.00371805037003  0.00428523522751  0.00430927328137   0.0037355941579  0.00429363712842
3.54052875099e-05 0.000299420576439   0.0010003875403  0.00163855321897  0.00170470234905  0.00121747688548 0.000946106920169 0.000802015472089 0.000747246152099  0.00073812249891 0.000759483297908 0.000789200994122 0.000840772458414 0.000925062108779  0.00120184197788  0.00216472983004  0.00496534044769   0.0051137025026  0.00291010525448  0.00379664894127  0.00375397235552  0.00299483238682  0.00370353153915  0.00371678480311  0.00303242896755  0.00371169668583  0.00372443121634   0.0030734328831  0.00372881154908
3.20721848385e-05 0.000192233317426 0.000579650988748 0.000964383153634    0.001152596155  0.00107177055152  0.00100681337056 0.000933474946901 0.000879982151191 0.000827004964382 0.000785460365023 0.000745150066531 0.000725716865367 0.000701210348674  0.00141167612548  0.00309464541204  0.00484742175707  0.00524102128841  0.00365885638444  0.00435938948318  0.00427184852299  0.00356954525756  0.00419063996412  0.00414962903717  0.00354205454398  0.00412210005716  0.00411841135441  0.00352683359607  0.00411918827836
3.47471644241e-05 0.000229383558416 0.000288583540524 0.000562546886812 0.000776243717647 0.000781826974908 0.000724965471052 0.000645687544427 0.000590549689129 0.000562822749025 0.000575764935523  0.00061719176745  0.00067474837213 0.000734331705502  0.00173587955148  0.00368882402553  0.00488731453447  0.00543098125675  0.00424331972392    0.004939065028  0.00485495892881  0.00424938600486  0.00478851897833  0.00476380076674  0.00423110491886  0.00474417432757  0.00472141576951   0.0042272289397  0.00474239199655
7.14864003252e-05 0.000760947383416  0.00192938639709  0.00298809848887  0.00335309920103  0.00323395269655   0.0031390814997  0.00308679550077  0.00304630581317    0.003016610104   0.0029878087452  0.00296913905574  0.00295323309083  0.00293172774079   0.0033818914264  0.00617219149848    0.005701436499  0.00618238191776  0.00560101016028  0.00608008470029  0.00598775522299  0.00546237204985  0.00590567085535  0.00584819110158  0.00543371383156  0.00582473176561  0.00580982028669  0.00540213948066  0.00580187981993
4.11493566019e-05 0.000951654871096  0.00323854477394  0.00524716524715  0.00596935569775  0.00564882650508  0.00540643416076   0.0052160085726  0.00506326091089  0.00494139615599  0.00484373429132  0.00476728703003  0.00471799042897  0.00466595902115  0.00455313502656  0.00496065706148  0.00598708452174   0.0065420640828   0.0060091621647  0.00656100538064  0.00643178763517  0.00597488193713  0.00637048298379  0.00633856001619  0.00595137631734  0.00631102773468  0.00630205096473  0.00592320337237  0.00627191820961
9.96859515341e-07 0.000145966065337 0.000511527184914 0.000977784891627  0.00138563178457  0.00159554532488  0.00169978975277  0.00176434426075  0.00182423591204  0.00186305616005  0.00188196733721  0.00187038475123  0.00182676691631  0.00175453066716  0.00136386641082 0.000676489330786  0.00441639854662  0.00679145379894  0.00511418545945  0.00566823395479  0.00519109359444  0.00461350786638  0.00512543208471  0.00511359420795  0.00463565045701  0.00510211923281  0.00510608955845  0.00465614885239  0.00512660560201
 2.3570091859e-06 0.000122135591832   0.0004448744155 0.000887866169342  0.00129168384773  0.00146953030758  0.00147672063882  0.00143900876746  0.00139917175212  0.00136211201712  0.00133669838942  0.00131670738717  0.00129281811208  0.00128120130314  0.00126138264465  0.00209583082616  0.00415063200874  0.00566279164733   0.0049283845979  0.00572515427134  0.00544843806507  0.00487384333585  0.00535921902991   0.0053391103513  0.00486894624599  0.00530182780038  0.00528862102114  0.00486313868729  0.00526909210951
1.58922565773e-06 0.000150615389003 0.000532153500826   0.0010086963923  0.00142722030678  0.00159099588547  0.00157474693477  0.00149614748321  0.00141095720512  0.00132356255624  0.00124921052792  0.00117564271682  0.00110108523033  0.00104847019892 0.000996256500119  0.00152212825747  0.00366735511445  0.00555207292032   0.0050530725312  0.00606842992893  0.00569643214245  0.00501191697013  0.00550211358636  0.00546556688074  0.00500742338666  0.00544165736322  0.00542669377481  0.00503068095187  0.00544196401523
2.72544658961e-06 0.000488031362228  0.00156669295897  0.00258727089026  0.00315396241024  0.00323031085979  0.00317030754603  0.00307783005534  0.00298466458256   0.0029002470318  0.00282821874954  0.00276880365873  0.00272072949829  0.00267938198567  0.00264287884501  0.00260158781865  0.00398251892709  0.00553900383606  0.00566764463039  0.00623295858742  0.00616354663141  0.00569007331985  0.00611566411007  0.00611169065795  0.00569139512738  0.00607122828721  0.00607090493385  0.00567238368563  0.00604821396673
9.77986642829e-07  0.00130251269048   0.0038831664899  0.00625375860168  0.00747321948228  0.00744509998806  0.00726189962276  0.00705987413052  0.00688436150565  0.00672612952175  0.00659675436545  0.00647515389615  0.00636517331892  0.00627104490126  0.00619149120774  0.00597693536134   0.0061756744083  0.00708383899462   0.0074976152181  0.00841901404827  0.00800436650945  0.00742936821191  0.00776953765294  0.00775689036542  0.00743957465918  0.00773845550517  0.00773284615864  0.00743624336281  0.00771736907613
  2.216525529e-06 0.000253118801359 0.000916434409049   0.0016360369033  0.00227111778882  0.00254867917234  0.00255983403493   0.0025124010361  0.00242974526493  0.00233089003839  0.00223809757548  0.00213927406573  0.00202536768075  0.00194795292979  0.00186194570168  0.00176767173453  0.00140577596406   0.0046094691838  0.00566958949455  0.00805663034975  0.00687266160759  0.00590731903071  0.00632657737547  0.00628902033901  0.00589183702395  0.00625753117722   0.0062449085164  0.00588673936318  0.00623346137271
1.96632033605e-06 0.000183349550941 0.000687402115438  0.00127607168246  0.00188208954916  0.00215629299332  0.00218407552467  0.00211049761741  0.00202834484093  0.00194561217472  0.00186793131187  0.00179862881757  0.00173322859244  0.00167529755273  0.00162500360935  0.00156569651782   0.0019526055935  0.00404083264764  0.00522409495414  0.00677301107697  0.00648355145805  0.00552526237294  0.00597389233449  0.00594414409255  0.00552154566216  0.00591003867099  0.00590432856758  0.00553179937029  0.00589275107585
6.49667216459e-06 0.000991908914639  0.00301400347844  0.00489142293054  0.00641276301728  0.00682276965639  0.00646607027627  0.00620060701021  0.00599244683475  0.00583309128681  0.00570222882488  0.00560452803305  0.00553266031118  0.00546779471223  0.00541092253267  0.00536880272975  0.00547802476207  0.00661894410509  0.00849777150792  0.00847355675961  0.00847638386711  0.00796350207935  0.00828501961992  0.00827175488944  0.00796528905202  0.00823736796825   0.0082236391302  0.00795634399836  0.00821467462559
 3.324882756e-06 0.00129164660797 0.00393103060535 0.00641284171806  0.0084508905799 0.00925060950291 0.00906609599806 0.00884200043629 0.00863044733398 0.00843046101416  0.0082549496307 0.00808822412351 0.00793568613758 0.00778020880446 0.00767626861774 0.00757535971258 0.00721658798064 0.00648139214275 0.00852300357744   0.010172062261  0.0111778288414 0.00954999952346 0.00985176785169 0.00985584057892 0.00959608241085 0.00982805808887 0.00983410302521 0.00961990981795 0.00982803079862
1.05212156321e-06 0.000481451551893  0.00146555436699  0.00252626135572  0.00349238326417  0.00401832709477   0.0041130845337  0.00405699706779  0.00395692194306  0.00384367583307  0.00373879495308  0.00363849538248  0.00353486457435  0.00348249463674  0.00339336339619  0.00331584484428  0.00320624558688  0.00327538005514  0.00635717305494  0.00788091772865  0.00906813451425  0.00774602225595  0.00818304829039  0.00795810580706   0.0076506343667  0.00792964807044  0.00791225414576  0.00763695011993  0.00789842973772
2.20573457559e-05  0.00140831949637  0.00431426937615  0.00705156053136  0.00932953547941   0.0103129063453   0.0102393402915   0.0101185198254  0.00998619395117   0.0098668258933  0.00975466301884  0.00966295676332  0.00959078164369  0.00951374421576   0.0094505398127  0.00939828603532  0.00936459465627  0.00942081343458   0.0124048817908   0.0111728976886    0.011429845674   0.0109625312477   0.0113242834885   0.0112630193628   0.0110464803424   0.0112376335778   0.0112312915165   0.0110455033468   0.0112215680666
4.79890124898e-05  0.00126726003077  0.00411843577623  0.00683183993672  0.00918539307772   0.0104733390425   0.0106448073548   0.0105858817794   0.0104625442616   0.0103218678713   0.0101791429337   0.0100439321729  0.00992191007282  0.00980383784193  0.00969891746372  0.00960652933988  0.00953912680643  0.00943562900846  0.00864523779288   0.0100306466592    0.013571787516   0.0143866969655   0.0146755292107    0.014421569404   0.0142198790116   0.0143743339266   0.0143865913679   0.0142488437825   0.0143816255604
