2.71983714892e-17                 0    0.428253860158                 0                 1                 1                 0                 1                 1                 0                 1                 1                 0                 1                 1                 0                 1                 1                 0                 1                 1                 0                 1                 1                 0                 1                 1                 0                 1
2.71983714892e-17                 0    0.428253860158                 0                 1                 1                 0                 1                 1                 0                 1                 1                 0                 1                 1                 0                 1                 1                 0                 1                 1                 0                 1                 1                 0                 1                 1                 0                 1
3.38886429721e-18   0.0355116421821    0.428253860158                 0                 1                 1                 0                 1                 1                 0                 1                 1                 0                 1                 1                 0                 1                 1                 0                 1                 1                 0                 1                 1                 0                 1                 1                 0                 1
             0              0 0.117220321661              0              1              1              0              1              1              0              1              1              0              1              1              0              1              1              0              1              1              0              1              1              0              1              1              0              1
             0              0 0.117220321661              0              1              1              0              1              1              0              1              1              0              1              1              0              1              1              0              1              1              0              1              1              0              1              1              0              1
             0              0 0.117220321661              0              1              1              0              1              1              0              1              1              0              1              1              0              1              1              0              1              1              0              1              1              0              1              1              0              1
             0              0 0.080873003234              0              1              1              0              1              1              0              1              1              0              1              1              0              1              1              0              1              1              0              1              1              0              1              1              0              1
0 0 0 0 1 1 0 1 1 0 1 1 0 1 1 0 1 1 0 1 1 0 1 1 0 1 1 0 1
0 0 0 0 1 1 0 1 1 0 1 1 0 1 1 0 1 1 0 1 1 0 1 1 0 1 1 0 1
                0                 0                 0 7.66095246759e-16                 1                 1                 0                 1                 1                 0                 1                 1                 0                 1                 1                 0                 1                 1                 0                 1                 1                 0                 1                 1                 0                 1                 1                 0                 1
                0                 0                 0 7.60721131402e-16                 1                 1                 0                 1                 1                 0                 1                 1                 0                 1                 1                 0                 1                 1                 0                 1                 1                 0                 1                 1                 0                 1                 1                 0                 1
                0                 0                 0 2.93788335554e-16                 1                 1                 0                 1                 1                 0                 1                 1                 0                 1                 1                 0                 1                 1                 0                 1                 1                 0                 1                 1                 0                 1                 1                 0                 1
                0                 0                 0 2.02451988245e-16                 1                 1                 0                 1                 1                 0                 1                 1                 0                 1                 1                 0                 1                 1                 0                 1                 1                 0                 1                 1                 0                 1                 1                 0                 1
0 0 0 0 1 1 0 1 1 0 1 1 0 1 1 0 1 1 0 1 1 0 1 1 0 1 1 0 1
0 0 0 0 1 1 0 1 1 0 1 1 0 1 1 0 1 1 0 1 1 0 1 1 0 1 1 0 1
0 0 0 0 1 1 0 1 1 0 1 1 0 1 1 0 1 1 0 1 1 0 1 1 0 1 1 0 1
             0              0              0              0 0.993105934022              1              0              1              1              0              1              1              0              1              1              0              1              1              0              1              1              0              1              1              0              1              1              0              1
             0              0              0              0 0.990602328291              1              0              1              1              0              1              1              0              1              1              0              1              1              0              1              1              0              1              1              0              1              1              0              1
             0              0              0              0 0.707106781187              1              0              1              1              0              1              1              0              1              1              0              1              1              0              1              1              0              1              1              0              1              1              0              1
             0              0              0              0 0.136773634831              1              0              1              1              0              1              1              0              1              1              0              1              1              0              1              1              0              1              1              0              1              1              0              1
0 0 0 0 0 1 0 1 1 0 1 1 0 1 1 0 1 1 0 1 1 0 1 1 0 1 1 0 1
0 0 0 0 0 1 0 1 1 0 1 1 0 1 1 0 1 1 0 1 1 0 1 1 0 1 1 0 1
0 0 0 0 0 1 0 1 1 0 1 1 0 1 1 0 1 1 0 1 1 0 1 1 0 1 1 0 1
             0              0              0              0              0 0.990602328291              0              1              1              0              1              1              0              1              1              0              1              1              0              1              1              0              1              1              0              1              1              0              1
             0              0              0              0              0 0.707106781187              0              1              1              0              1              1              0              1              1              0              1              1              0              1              1              0              1              1              0              1              1              0              1
             0              0              0              0              0 0.136773634831              0              1              1              0              1              1              0              1              1              0              1              1              0              1              1              0              1              1              0              1              1              0              1
0 0 0 0 0 0 0 1 1 0 1 1 0 1 1 0 1 1 0 1 1 0 1 1 0 1 1 0 1
0 0 0 0 0 0 0 1 1 0 1 1 0 1 1 0 1 1 0 1 1 0 1 1 0 1 1 0 1
0 0 0 0 0 0 0 1 1 0 1 1 0 1 1 0 1 1 0 1 1 0 1 1 0 1 1 0 1
0 0 0 0 0 0 0 1 1 0 1 1 0 1 1 0 1 1 0 1 1 0 1 1 0 1 1 0 1
                0                 0                 0                 0                 0                 0 1.96106022404e-16                 1                 1                 0                 1                 1                 0                 1                 1                 0                 1                 1                 0                 1                 1                 0                 1                 1                 0                 1                 1                 0                 1
                0                 0                 0                 0                 0                 0 2.48199310202e-17                 1                 1                 0                 1                 1                 0                 1                 1                 0                 1                 1                 0                 1                 1                 0                 1                 1                 0                 1                 1                 0                 1
0 0 0 0 0 0 0 1 1 0 1 1 0 1 1 0 1 1 0 1 1 0 1 1 0 1 1 0 1
0 0 0 0 0 0 0 1 1 0 1 1 0 1 1 0 1 1 0 1 1 0 1 1 0 1 1 0 1
0 0 0 0 0 0 0 1 1 0 1 1 0 1 1 0 1 1 0 1 1 0 1 1 0 1 1 0 1
             0              0              0              0              0              0              0 0.993105934022              1              0              1              1              0              1              1              0              1              1              0              1              1              0              1              1              0              1              1              0              1
             0              0              0              0              0              0              0 0.707106781187              1              0              1              1              0              1              1              0              1              1              0              1              1              0              1              1              0              1              1              0              1
             0              0              0              0              0              0              0 0.136773634831              1              0              1              1              0              1              1              0              1              1              0              1              1              0              1              1              0              1              1              0              1
             0              0              0              0              0              0              0 0.117220321661              1              0              1              1              0              1              1              0              1              1              0              1              1              0              1              1              0              1              1              0              1
0 0 0 0 0 0 0 0 1 0 1 1 0 1 1 0 1 1 0 1 1 0 1 1 0 1 1 0 1
0 0 0 0 0 0 0 0 1 0 1 1 0 1 1 0 1 1 0 1 1 0 1 1 0 1 1 0 1
             0              0              0              0              0              0              0              0 0.993105934022              0              1              1              0              1              1              0              1              1              0              1              1              0              1              1              0              1              1              0              1
             0              0              0              0              0              0              0              0 0.990602328291              0              1              1              0              1              1              0              1              1              0              1              1              0              1              1              0              1              1              0              1
             0              0              0              0              0              0              0              0 0.136773634831              0              1              1              0              1              1              0              1              1              0              1              1              0              1              1              0              1              1              0              1
             0              0              0              0              0              0              0              0 0.117220321661              0              1              1              0              1              1              0              1              1              0              1              1              0              1              1              0              1              1              0              1
0 0 0 0 0 0 0 0 0 0 1 1 0 1 1 0 1 1 0 1 1 0 1 1 0 1 1 0 1
0 0 0 0 0 0 0 0 0 0 1 1 0 1 1 0 1 1 0 1 1 0 1 1 0 1 1 0 1
0 0 0 0 0 0 0 0 0 0 1 1 0 1 1 0 1 1 0 1 1 0 1 1 0 1 1 0 1
                0                 0                 0                 0                 0                 0                 0                 0                 0 7.68178366592e-16                 1                 1                 0                 1                 1                 0                 1                 1                 0                 1                 1                 0                 1                 1                 0                 1                 1                 0                 1
                0                 0                 0                 0                 0                 0                 0                 0                 0 2.24189468542e-17                 1                 1                 0                 1                 1                 0                 1                 1                 0                 1                 1                 0                 1                 1                 0                 1                 1                 0                 1
0 0 0 0 0 0 0 0 0 0 1 1 0 1 1 0 1 1 0 1 1 0 1 1 0 1 1 0 1
0 0 0 0 0 0 0 0 0 0 1 1 0 1 1 0 1 1 0 1 1 0 1 1 0 1 1 0 1
0 0 0 0 0 0 0 0 0 0 1 1 0 1 1 0 1 1 0 1 1 0 1 1 0 1 1 0 1
0 0 0 0 0 0 0 0 0 0 1 1 0 1 1 0 1 1 0 1 1 0 1 1 0 1 1 0 1
             0              0              0              0              0              0              0              0              0              0 0.990602328291              1              0              1              1              0              1              1              0              1              1              0              1              1              0              1              1              0              1
             0              0              0              0              0              0              0              0              0              0 0.707106781187              1              0              1              1              0              1              1              0              1              1              0              1              1              0              1              1              0              1
             0              0              0              0              0              0              0              0              0              0 0.117220321661              1              0              1              1              0              1              1              0              1              1              0              1              1              0              1              1              0              1
0 0 0 0 0 0 0 0 0 0 0 1 0 1 1 0 1 1 0 1 1 0 1 1 0 1 1 0 1
0 0 0 0 0 0 0 0 0 0 0 1 0 1 1 0 1 1 0 1 1 0 1 1 0 1 1 0 1
0 0 0 0 0 0 0 0 0 0 0 1 0 1 1 0 1 1 0 1 1 0 1 1 0 1 1 0 1
             0              0              0              0              0              0              0              0              0              0              0 0.993105934022              0              1              1              0              1              1              0              1              1              0              1              1              0              1              1              0              1
             0              0              0              0              0              0              0              0              0              0              0 0.707106781187              0              1              1              0              1              1              0              1              1              0              1              1              0              1              1              0              1
             0              0              0              0              0              0              0              0              0              0              0 0.117220321661              0              1              1              0              1              1              0              1              1              0              1              1              0              1              1              0              1
0 0 0 0 0 0 0 0 0 0 0 0 0 1 1 0 1 1 0 1 1 0 1 1 0 1 1 0 1
0 0 0 0 0 0 0 0 0 0 0 0 0 1 1 0 1 1 0 1 1 0 1 1 0 1 1 0 1
0 0 0 0 0 0 0 0 0 0 0 0 0 1 1 0 1 1 0 1 1 0 1 1 0 1 1 0 1
                0                 0                 0                 0                 0                 0                 0                 0                 0                 0                 0                 0 7.32365158847e-16                 1                 1                 0                 1                 1                 0                 1                 1                 0                 1                 1                 0                 1                 1                 0                 1
                0                 0                 0                 0                 0                 0                 0                 0                 0                 0                 0                 0 1.72501058897e-16                 1                 1                 0                 1                 1                 0                 1                 1                 0                 1                 1                 0                 1                 1                 0                 1
                0                 0                 0                 0                 0                 0                 0                 0                 0                 0                 0                 0 2.07414446299e-17                 1                 1                 0                 1                 1                 0                 1                 1                 0                 1                 1                 0                 1                 1                 0                 1
0 0 0 0 0 0 0 0 0 0 0 0 0 1 1 0 1 1 0 1 1 0 1 1 0 1 1 0 1
0 0 0 0 0 0 0 0 0 0 0 0 0 1 1 0 1 1 0 1 1 0 1 1 0 1 1 0 1
0 0 0 0 0 0 0 0 0 0 0 0 0 1 1 0 1 1 0 1 1 0 1 1 0 1 1 0 1
             0              0              0              0              0              0              0              0              0              0              0              0              0 0.993105934022              1              0              1              1              0              1              1              0              1              1              0              1              1              0              1
             0              0              0              0              0              0              0              0              0              0              0              0              0 0.707106781187              1              0              1              1              0              1              1              0              1              1              0              1              1              0              1
             0              0              0              0              0              0              0              0              0              0              0              0              0 0.136773634831              1              0              1              1              0              1              1              0              1              1              0              1              1              0              1
0 0 0 0 0 0 0 0 0 0 0 0 0 0 1 0 1 1 0 1 1 0 1 1 0 1 1 0 1
0 0 0 0 0 0 0 0 0 0 0 0 0 0 1 0 1 1 0 1 1 0 1 1 0 1 1 0 1
0 0 0 0 0 0 0 0 0 0 0 0 0 0 1 0 1 1 0 1 1 0 1 1 0 1 1 0 1
             0              0              0              0              0              0              0              0              0              0              0              0              0              0 0.993105934022              0              1              1              0              1              1              0              1              1              0              1              1              0              1
             0              0              0              0              0              0              0              0              0              0              0              0              0              0 0.990602328291              0              1              1              0              1              1              0              1              1              0              1              1              0              1
             0              0              0              0              0              0              0              0              0              0              0              0              0              0 0.136773634831              0              1              1              0              1              1              0              1              1              0              1              1              0              1
0 0 0 0 0 0 0 0 0 0 0 0 0 0 0 0 1 1 0 1 1 0 1 1 0 1 1 0 1
0 0 0 0 0 0 0 0 0 0 0 0 0 0 0 0 1 1 0 1 1 0 1 1 0 1 1 0 1
0 0 0 0 0 0 0 0 0 0 0 0 0 0 0 0 1 1 0 1 1 0 1 1 0 1 1 0 1
0 0 0 0 0 0 0 0 0 0 0 0 0 0 0 0 1 1 0 1 1 0 1 1 0 1 1 0 1
                0                 0                 0                 0                 0                 0                 0                 0                 0                 0                 0                 0                 0                 0                 0 7.72487588515e-16                 1                 1                 0                 1                 1                 0                 1                 1                 0                 1                 1                 0                 1
                0                 0                 0                 0                 0                 0                 0                 0                 0                 0                 0                 0                 0                 0                 0 1.97168057075e-17                 1                 1                 0                 1                 1                 0                 1                 1                 0                 1                 1                 0                 1
0 0 0 0 0 0 0 0 0 0 0 0 0 0 0 0 1 1 0 1 1 0 1 1 0 1 1 0 1
0 0 0 0 0 0 0 0 0 0 0 0 0 0 0 0 1 1 0 1 1 0 1 1 0 1 1 0 1
             0              0              0              0              0              0              0              0              0              0              0              0              0              0              0              0 0.993105934022              1              0              1              1              0              1              1              0              1              1              0              1
             0              0              0              0              0              0              0              0              0              0              0              0              0              0              0              0 0.707106781187              1              0              1              1              0              1              1              0              1              1              0              1
             0              0              0              0              0              0              0              0              0              0              0              0              0              0              0              0 0.136773634831              1              0              1              1              0              1              1              0              1              1              0              1
0 0 0 0 0 0 0 0 0 0 0 0 0 0 0 0 0 1 0 1 1 0 1 1 0 1 1 0 1
