0.000329398533332  0.00299120178259 0.000991769040098 0.000167311984042  0.00385450693577  0.00388959273328 0.000167645901114  0.00392467765797  0.00393528880801 0.000168848225528  0.00395017968897  0.00395617724038 0.000169882410968  0.00396532515895  0.00396838068075 0.000171432671087  0.00397490353566  0.00397672417178 0.000177751711702  0.00398076544927  0.00398233230805 0.000180872755694  0.00398461899971  0.00398603632071 0.000181328841298  0.00398698246065  0.00398822727169 0.000182386118652  0.00398934286183
0.000347359010737  0.00297605478886  0.00282357219185 0.000447399130865   0.0038620914446  0.00389338387461 0.000396626562645  0.00392805736368  0.00393866389362 0.000350833977054    0.003953555568  0.00395868905414 0.000311140669507  0.00396680525452  0.00397019546357 0.000295295411979  0.00397493033048  0.00397677358552 0.000269430521525   0.0039796199976  0.00398094793723 0.000245820541616  0.00398313525937  0.00398375099325 0.000235078042863  0.00398565335784   0.0039860536806 0.000227464820897  0.00398773946199
0.000603966166922  0.00230369562331  0.00326501558772 0.000508992274758  0.00389699214268  0.00387309892375 0.000452532625436  0.00391348532235  0.00392685379606 0.000440575750994   0.0039457666061  0.00395363595108 0.000421166475989  0.00396474343481  0.00396893539053 0.000409221798504   0.0039760405497  0.00397784502431 0.000391729993379  0.00398220205006  0.00398372290815 0.000367612717533   0.0039865988279  0.00398835027255 0.000365450202396  0.00399000953386   0.0039914469586 0.000361354120211  0.00399275176568
 0.00461529986623  0.00159500714312  0.00351953629004 0.000635968176347  0.00392327106966   0.0038248733396 0.000566245837394  0.00387293482335  0.00388982126981 0.000520714951877  0.00391536906838  0.00392528692841 0.000494856443548    0.003940863594  0.00394779167056 0.000488527080087  0.00395864412827  0.00396203029862 0.000472574849645  0.00396993155034  0.00397265745239 0.000461022534984  0.00397752857634  0.00397905184278 0.000451931593394  0.00398255406552  0.00398373188063  0.00044682001771   0.0039867587946
 0.00426753465998  0.00145190005745  0.00306182862002  0.00135679642559  0.00485543042769  0.00410418665386  0.00122535426176   0.0040739085612  0.00406970902486  0.00109765616474  0.00406728453287  0.00406281555888  0.00098958588317  0.00405549981253  0.00405591855916 0.000944106413784  0.00404567942112  0.00404761603626 0.000878814772812  0.00404341978479  0.00404202235979 0.000813933857456  0.00404814121803  0.00404228038018 0.000779895817052  0.00404127512022  0.00404349332504 0.000762962213018  0.00404385082068
0.000173051495202 0.000721597777534  0.00259548271851  0.00159976061856  0.00469264854318  0.00408001588987  0.00164052760923  0.00409767166411  0.00410546704208  0.00150949276869  0.00412186159168  0.00412185560638  0.00139970443512  0.00412180123669  0.00412282040031  0.00135267701151  0.00411305541016  0.00411698478114  0.00128059204089  0.00411355167158  0.00411410440685  0.00123289680112  0.00412163146425   0.0041193620959  0.00121630762406  0.00412427915206  0.00412585901957  0.00120782869687  0.00412820651126
0.000131960325415 0.000100600486221  0.00187203060545   0.0022737755907  0.00473361974035  0.00446919706391  0.00237894644499  0.00435482188847  0.00437228231707  0.00228110653096   0.0043905364855  0.00438970755349   0.0021578158581  0.00437969068535   0.0043804268174  0.00209870974974  0.00435611404572  0.00436053587259  0.00201443259131  0.00434771571181  0.00434267788409  0.00191279320942  0.00434142787349  0.00433231110711  0.00188465157226  0.00433391427933  0.00433051010633  0.00185614076441    0.004336066092
7.79979928874e-05 0.000145777442707  0.00168850577474   0.0028044188423  0.00517574668897  0.00484644464515  0.00283433813436   0.0044833362094  0.00450070370834  0.00269252960877  0.00452936009735  0.00453218193379  0.00258052969864  0.00453210906514  0.00454101761403  0.00253837057642  0.00452769441907   0.0045375631645  0.00247582200337  0.00453578902787  0.00453540548686  0.00242008868588  0.00454026479374   0.0045345276822   0.0023889545636  0.00454322215339  0.00453873705087  0.00236672177542  0.00454374590307
3.00849543101e-05  0.00107431635456  0.00207290415118  0.00291839983203  0.00493804105084  0.00471237047101  0.00313137756195  0.00455990712162   0.0045867707588  0.00303104984586  0.00463636807488  0.00465216942792  0.00295514012775  0.00467663961791  0.00468554636391  0.00290824698512  0.00469731230322  0.00470696172676  0.00288380367143   0.0047202108117  0.00472522247557  0.00284892003733  0.00473355121653  0.00473657424484  0.00283397355073  0.00475032629489  0.00475046366933  0.00282384388374  0.00475765949459
6.43218259345e-05 0.000408352171995  0.00128617090888  0.00210497376585  0.00538912021889  0.00545768061022  0.00301052935032  0.00436496127969  0.00441733303992  0.00299144313821  0.00450593019559  0.00455171698374  0.00301796672398  0.00462854216859  0.00465467810516  0.00303510275659  0.00471715794504  0.00473159459807  0.00304210790758  0.00476467576214  0.00478151897798  0.00304840618604  0.00480254286374   0.0048098633622  0.00304710251192  0.00482443033288  0.00483877915444  0.00305014703323  0.00485384806565
7.27202974686e-05 0.000305050339073  0.00135343323031  0.00268298908722  0.00549451432485  0.00608137769606  0.00353980996471  0.00465593805879  0.00467380677471  0.00346417666395   0.0047414440387  0.00476919094974  0.00340211489526  0.00480712432107  0.00483001515429  0.00337653814675  0.00484697960986  0.00486302996448  0.00334074114095  0.00488395609983  0.00489142921552   0.0032997319985  0.00491413728572  0.00491668658894   0.0032835473248  0.00493038138837   0.0049326386984  0.00327129609016  0.00495035411072
2.4398182665e-05 0.00123007141791 0.00319812818929 0.00343613837624 0.00518619477652 0.00595882620079 0.00403611134973 0.00507302346995 0.00485453170892 0.00379803837251 0.00490544460302 0.00492053798583 0.00368855849874  0.0049415287489 0.00495523344683 0.00365078577217 0.00494990587895 0.00496829464056 0.00357063297448 0.00497148803597 0.00498055444881 0.00350630312888 0.00499449447741 0.00499348419539 0.00348093846102 0.00501022646653 0.00500906553437 0.00346023181972  0.0050304927103
6.59314042008e-05   0.0018990730812  0.00488756075231  0.00518086182672  0.00613432789929  0.00645936003361  0.00489495620511  0.00537968211938  0.00505710003735  0.00407274334812   0.0050006722504  0.00500825985231  0.00394342679081  0.00504519022989  0.00506884803077  0.00391104833947  0.00510629826516  0.00512868549895  0.00388864646142  0.00515983722104  0.00516605069655  0.00386147143225  0.00519382322117  0.00520207171763  0.00385597149457  0.00522427818163  0.00523848051886  0.00384569219741   0.0052484909018
7.03912510794e-05   0.0015533245457  0.00406286785438   0.0042622669518  0.00475381385998  0.00535008245777  0.00485794457346  0.00523213892719  0.00525100067969  0.00442321880433  0.00515395029047  0.00515799708505  0.00426054070384  0.00521561410173  0.00524763029295  0.00425410356167  0.00530840217417  0.00533381442928  0.00425457981396  0.00538905932464  0.00541685483149  0.00425732204402   0.0054470512054  0.00545928232107  0.00425107746446  0.00549724198014    0.005508835981  0.00427896520035  0.00554544796252
7.34791214793e-05 0.000492263511153  0.00105080612594 0.000933498475538  0.00395071418392  0.00586952350692  0.00452724756783  0.00533131747165  0.00484256516798  0.00401457311643  0.00478377679825  0.00479748500041  0.00392821209438  0.00486425496445  0.00489128516022   0.0039027931132  0.00497051410153  0.00499617795395  0.00392021710679  0.00505486213171   0.0050763869456  0.00392939793292  0.00512777783895  0.00515017772742  0.00394279028766  0.00518388929655  0.00519444154427  0.00394219641214  0.00522077383688
4.33435954417e-05 0.000305910349791 0.000780132663437   0.0010235102786  0.00364976501079  0.00558365915225  0.00460777617855  0.00553030206459  0.00507742981462  0.00421280259952  0.00487730898957  0.00489232281981  0.00407643923966  0.00490424437223  0.00492471742422  0.00400765546883  0.00497121351226  0.00499788281305  0.00398147214205  0.00503416262975  0.00505525827437  0.00396506394649  0.00508984996662  0.00511141279143  0.00396682348314  0.00514210591602  0.00515859044448  0.00395407275122   0.0051851032112
5.20916066552e-05  0.00043440737735  0.00100413060732  0.00173827587933  0.00353229698641  0.00496307255322  0.00451390046251  0.00529150952352  0.00510239956726  0.00440402800101  0.00500207975246   0.0050264869108  0.00431264980374  0.00505811946196  0.00507897863151  0.00425240692371  0.00508440643505  0.00511022966392  0.00418937052321  0.00512503481166   0.0051384933827  0.00414852765352  0.00517496041392  0.00518582435047  0.00410903183213   0.0052162513658  0.00522471268197  0.00410289269825  0.00524769700612
0.000110210476115  0.00063041220943  0.00141314739263  0.00245311205592  0.00417752427534  0.00538297349594  0.00515033795542  0.00567608157874  0.00559735825008    0.005111155009  0.00558588016291  0.00563267207141  0.00511911166975  0.00570432022258  0.00574028487503  0.00510766198681  0.00579371843791  0.00581854427265  0.00509387617744  0.00587916040984  0.00590407401013  0.00510559626629  0.00594463915603  0.00596922411329  0.00511482663328  0.00600117893915  0.00601819775663  0.00514108020666  0.00605165325551
1.33552495359e-05 0.000612027795663  0.00149795540021  0.00220472681798   0.0035535734532  0.00480026979047  0.00515640344368  0.00495770016129   0.0047782809522  0.00431116749866  0.00473086729899  0.00473633300249  0.00418905751547  0.00481052993134  0.00483927086167  0.00417443703304  0.00495776199558  0.00497363804449  0.00420445472774  0.00505917796653  0.00508734564493  0.00421207103322  0.00512948970549  0.00515145755616   0.0042226830792  0.00518652316906  0.00521592594042  0.00419477241991  0.00523439090411
4.01894895109e-05 0.000603245943669  0.00147767519786  0.00208603612763  0.00313090229724  0.00420357775623  0.00453267386005  0.00459436222094   0.0045329762978  0.00410200817784  0.00454004452121   0.0045770287217   0.0040460064104  0.00465278723883  0.00467915532279  0.00401881074484  0.00475313445564   0.0047826871024   0.0040120666068  0.00483758694647  0.00486757594758  0.00401147237944  0.00491574398585  0.00494103023571  0.00400901481686   0.0049781712411   0.0049952463234  0.00400628022458  0.00503823819755
7.28760673503e-05   0.0005706954516  0.00141009647682  0.00205578490217  0.00198037254185  0.00383579260073  0.00388161026705   0.0052772492761  0.00456227759602  0.00371286202683  0.00421318683672  0.00423972718947  0.00369835459249  0.00429402301526  0.00432895912698  0.00365932355753  0.00440952489445  0.00443884130562  0.00365283157231  0.00451354747441  0.00455307983563  0.00368938876148  0.00460893606114  0.00466005414547  0.00371325194386  0.00470538028435  0.00473671563862  0.00372839128109  0.00477618282944
0.000126295043352 0.000401275182283 0.000685007715667  0.00136731873571  0.00212716580125  0.00419532254727  0.00451619160924  0.00514001906189  0.00467486689329  0.00383491528319  0.00424879584096  0.00427752121854  0.00379830229685  0.00436783864507  0.00439598276566  0.00378336686764  0.00446112200602    0.004491015382  0.00377547737028  0.00454685988942  0.00456886043356  0.00374349852518   0.0046200450995  0.00463525270957    0.003741996638  0.00468204392682   0.0046966916933  0.00372589970253  0.00473806854486
1.19676322935e-05 0.000421727141888 0.000893191834673  0.00163362193423   0.0020040949793  0.00352068430027  0.00419167510933  0.00515026040052  0.00494317969192  0.00430097110152  0.00467213869327  0.00466556512372  0.00419258088158  0.00468397477255  0.00471157141206  0.00416665445957   0.0047215041328  0.00474304396461  0.00409791571813  0.00478280354055  0.00479836070643  0.00405655600637  0.00484269887754  0.00485904386867   0.0040321511186  0.00489965654292  0.00492161252376  0.00403750277644  0.00495596758529
2.44094872916e-05 0.000543467903417  0.00119515266881  0.00188339877112  0.00209773097675  0.00335043213922  0.00441044798237   0.0051739161915  0.00503821395634  0.00457434749647  0.00489626970555   0.0049181447586  0.00454347068682  0.00497379196563  0.00499463512256  0.00452808654253  0.00502316004598  0.00507091157879  0.00451259520515  0.00509145772096  0.00511866770632  0.00447352274663  0.00515935349886  0.00517635578144  0.00445666278588  0.00521771102291  0.00521588120856   0.0044493938084  0.00525747922838
0.000192653280835 0.000267443608991  0.00108366147699  0.00183475150217  0.00198051475358  0.00283123224731  0.00402918110145  0.00465305186173   0.0046029452236  0.00423418788454  0.00456244858673  0.00462797043325  0.00436583149402  0.00476320018565  0.00482131838753  0.00443386076387  0.00499121340285  0.00499705224964   0.0044856393451  0.00510449610447  0.00514050358736  0.00457399686341  0.00520372002041  0.00525589809055  0.00460137706525   0.0052992559645   0.0053497039433  0.00462591670341  0.00537881866466
0.000198937118195  0.00101734631931  0.00187711698063  0.00270657870919  0.00294387491956  0.00334561443841  0.00466598489989  0.00419187283032  0.00414959912136  0.00401763825552  0.00431560887045  0.00434210552009  0.00399355590028  0.00439637984532  0.00442630117469  0.00399032778772   0.0044916791117  0.00451870945315  0.00399521181777  0.00457594320532  0.00460292509393  0.00398118901809  0.00465708476378  0.00468093711943  0.00397685038096  0.00473076945549  0.00474419488031   0.0039748052905  0.00479029915923
3.79255989613e-05 0.000715396648262  0.00151319183447  0.00241214815634  0.00213688987896  0.00143840063169  0.00301170856383  0.00443554195147  0.00467762643408   0.0034595938826   0.0037558381425  0.00380926304697   0.0034921696287  0.00392128834462   0.0039643376192  0.00352699982316  0.00409791679781  0.00413063519087  0.00358188802228  0.00422759701393  0.00426922696305  0.00361962794354  0.00432549964395  0.00435975045538  0.00363141246984   0.0044009511694  0.00442578340309  0.00362072824864  0.00446000726113
6.23077758419e-05 0.000305546818836 0.000731780960276  0.00145836576759  0.00166388009303  0.00132039472826  0.00321764998776  0.00470741659004    0.005148242453  0.00383647145126  0.00418036402162   0.0039507353024   0.0035473837111  0.00395018432784   0.0039703428847  0.00349542243693  0.00397570111344  0.00400048846826  0.00344287177956  0.00405024407373  0.00406695689778  0.00342050317666  0.00412440028088  0.00414782084589  0.00341875392642  0.00420133456157  0.00422351853256  0.00340509561674  0.00425806802893
0.000193615281294 0.000258541687724 0.000879548941272  0.00157188822406  0.00180617727653  0.00163657584688  0.00354652423929  0.00438391241822  0.00481041506687   0.0039393019844  0.00430322305918  0.00421504087641  0.00389897066892  0.00425796469277  0.00428926036519  0.00390400331416  0.00434567366849  0.00438008439784  0.00391137233093   0.0044270284542  0.00445593694528  0.00387997240098  0.00450084187604  0.00451545249563  0.00387202193229  0.00455675916073  0.00458808758914  0.00386242887594  0.00463888427355
2.73438212695e-05 0.000307333764412 0.000976254219535  0.00166677213239   0.0020245302375  0.00245885000502  0.00432369890322  0.00468888877605  0.00506954041547  0.00457470573087  0.00486620232011  0.00481647589113  0.00448360164997   0.0047806428689  0.00478344154764  0.00443966070149  0.00476487015481  0.00478963078351  0.00436922196916  0.00479656701146  0.00480706861012  0.00431507722418   0.0048433088597  0.00485556489191  0.00429336413117  0.00489399196281   0.0049022075938   0.0042914195025  0.00495459679264
9.27378082557e-05 0.000495228253884  0.00169967626949  0.00264501375117  0.00322061751779  0.00383648136594  0.00435260100388   0.0050365786523  0.00516968536119  0.00513555558526  0.00514688256708  0.00519787651899  0.00501457780487  0.00527046916416  0.00529178213022  0.00502493868057  0.00534503402037  0.00536283902346  0.00503047471809   0.0054123465625  0.00543554863401  0.00504196413017  0.00547485969957   0.0054902534715  0.00502847689226  0.00553998798092  0.00555898609815  0.00503784317189  0.00559194735982
0.000155722811899 0.000989348811804   0.0017641978179   0.0025166240045  0.00294281860527  0.00317191583743  0.00343876443955  0.00422577231262  0.00447314733554  0.00428974000583   0.0044453097085  0.00451039241391  0.00426224330217  0.00453033166191  0.00454477181277  0.00424886651323  0.00456478318367  0.00459865709461   0.0042275912331  0.00462737259771  0.00464749524757  0.00421453722865  0.00469726456057  0.00471759051776  0.00419996749453  0.00475445696629  0.00477374738304  0.00419478297421  0.00481121270427
0.000131435743351 0.000687987538396  0.00166405108858  0.00248166318763  0.00316076292785   0.0023983993921 0.000997857632883  0.00332195040422  0.00456837854181  0.00356690318502  0.00384456156586  0.00374500981118  0.00361052001576  0.00391528946258  0.00396734894322  0.00371655863116  0.00419039137311  0.00420343971971  0.00385508321273  0.00434189573339  0.00439350152061  0.00396357853302  0.00446082164691  0.00452233477127  0.00401766450082  0.00457086685082  0.00461449491015  0.00404265582608  0.00464874762166
4.08708409575e-05 0.000462642399739   0.0011704043522  0.00184412972236  0.00212593440456  0.00187856829994   0.0010437129071  0.00329828392339  0.00473533850283  0.00380045640108  0.00407321518475  0.00369116901873  0.00328021854027  0.00360101414179  0.00361686529654  0.00327170607396  0.00365963381524  0.00369045981225  0.00326878768233  0.00374451478111  0.00377425905447  0.00327965639979  0.00383079788079  0.00385650610306   0.0032782553708  0.00391052692531  0.00392949367409  0.00326057009554  0.00397384334961
6.02060238578e-05 0.000217728887169 0.000717814916518  0.00139561274301  0.00178744455273  0.00201846029513  0.00258365204905  0.00385982962395  0.00467014264523  0.00434008124849  0.00477299454929  0.00451705516296   0.0040795284944  0.00432970128426  0.00431483263479  0.00400727481242  0.00425180897928  0.00426798701745  0.00391828768574  0.00426698724578  0.00426727158623  0.00382709362802   0.0042981853925  0.00429932597015  0.00379417140557  0.00433748849175   0.0043481439581  0.00379849477202  0.00440171708934
3.98232776014e-05 0.000305658257486 0.000975534587579  0.00166465561827  0.00201768650337   0.0020856041405   0.0023876487073  0.00372161771371  0.00483585437446  0.00474831525227  0.00511825939605  0.00499625890676  0.00470210845508  0.00492917314616  0.00493610686464  0.00469325334517  0.00493132952053   0.0049477963081  0.00467013086932  0.00495930882756  0.00498387297316   0.0046376874943  0.00501699061085  0.00502238170141  0.00463319405844  0.00505739651404  0.00507465340847  0.00461166475399   0.0051087037705
1.95027763075e-05 0.000351198982336  0.00123346967609  0.00200282854389    0.002355513866  0.00239119670442  0.00215952610381  0.00309226360045   0.0043147108432  0.00442370574112  0.00478370079821  0.00469870975091  0.00449824354005  0.00470504629076  0.00472771816886  0.00452249827329  0.00480336419212  0.00483014020676  0.00455510210456  0.00489612077866    0.004910763277  0.00460021393452  0.00495460706902  0.00498823649083  0.00459970079416  0.00502993122022  0.00505626162266  0.00461770360898  0.00509308297988
2.22722011408e-05 0.000435160345695  0.00150467196784  0.00235306758688  0.00273237241319  0.00283178533577  0.00281706085445  0.00339849115645  0.00399917320877  0.00441507751279  0.00425215757747  0.00429260183557  0.00414449454349  0.00436505383138    0.004376598718  0.00414924983008  0.00442360555531  0.00442979833452  0.00416017014571  0.00447812969488  0.00450520766337  0.00415245336561  0.00454533666369  0.00456120193365  0.00416743151358  0.00460543657868  0.00462378664982  0.00417086555845  0.00464714779861
2.65448363648e-05 0.000393948651294  0.00124549868728  0.00195110868978  0.00231603905286  0.00247828517624  0.00201140620691  0.00192290204566  0.00318766283828  0.00344290552372  0.00395286247103  0.00377457953004  0.00352709903633  0.00376892175293  0.00379991916276  0.00357190286952  0.00390658345936  0.00392525524063  0.00363302777755  0.00401825550643  0.00405360591154  0.00372515462892  0.00410834337552  0.00416719930992  0.00375126552333  0.00421199846926  0.00424421334698  0.00376335158281  0.00428706186353
2.90724787353e-05 0.000262304822958 0.000766814845805  0.00143538878199  0.00173692347657  0.00187660421733  0.00168040516278 0.000706239088869  0.00307138348728  0.00346085899541  0.00481924821212  0.00389062750983  0.00335942034837  0.00361181022582  0.00362179041459  0.00336346908383  0.00366400110818  0.00368223594493   0.0033730087189  0.00371936824359  0.00375095263502  0.00337395285279  0.00379460469175  0.00381935535966  0.00337657640195  0.00386560322625  0.00388982313077  0.00338574793328  0.00392379166545
9.24113955432e-05 0.000638334340953  0.00110164653159  0.00175908367958  0.00206451334795  0.00197509131987  0.00194751986454   0.0022132508491  0.00393985864103  0.00431992143698  0.00523030577362  0.00492619971959  0.00424948768462  0.00444338794881   0.0044067771813  0.00415400888392  0.00431179589949  0.00432298536638  0.00405696400757  0.00429698124987  0.00428344267292   0.0039435317354     0.00430012821  0.00427750042177     0.00389691705  0.00430637377323  0.00431525776726  0.00387316724159  0.00437582636918
1.19468586512e-05 0.000460470043299 0.000988102249506  0.00157116205058  0.00185667755023  0.00182907929249  0.00175306350228   0.0017400697206  0.00332456706126  0.00428394901617  0.00544171515562  0.00513891467871  0.00461186875026  0.00481006447368  0.00480763949707  0.00460326624383  0.00480906539096  0.00481785033129  0.00458510689827  0.00482162692319  0.00485158737305  0.00459262762901  0.00488137417114  0.00489594938022  0.00458528035731  0.00493869121444  0.00494634717449  0.00458626016576  0.00498337238719
2.68000598143e-05  0.00041484603016  0.00142349238832  0.00240652946474  0.00271041518727   0.0028042639558  0.00282585229754  0.00313510296095  0.00391660060873  0.00510079559966  0.00484242619935  0.00481937517541  0.00470300687457  0.00487027085936  0.00488201415524  0.00470244710498  0.00489646927836  0.00492089283078  0.00472500584401  0.00497105595315  0.00498169829032  0.00474135092281  0.00502558438727  0.00506444331841  0.00476936170832  0.00508446961846  0.00511435360573  0.00477572090437  0.00513900404949
8.08664104251e-06 0.000162230355783  0.00123337119185  0.00212466995802  0.00253947700286  0.00264467992079  0.00262127205495  0.00284009667432  0.00370595992098  0.00493905533927  0.00453200921426  0.00447414782053  0.00440373468633  0.00457931761432   0.0045828285507  0.00441392023697   0.0046424821511  0.00463749468192  0.00443367595698   0.0046727358452   0.0046835760367  0.00443548709828  0.00470641775139   0.0047160216891  0.00442632731539  0.00474528630027  0.00475505334995  0.00439935158972  0.00477451465638
1.05096674732e-05 0.000549042992189  0.00154612338472  0.00226244361303  0.00257070526085  0.00263469723295  0.00265673075919  0.00194198624864   0.0018047468445  0.00335097619979  0.00408374909481  0.00400872619097  0.00354866141164  0.00378798264263  0.00379734905864  0.00360214807678  0.00387953673389  0.00389235644512  0.00367109978767  0.00396864152752   0.0039989418026   0.0037391912436  0.00405016295546  0.00408713624576   0.0037625752385  0.00412932298336  0.00415227821606  0.00378065730186  0.00418444020134
1.04232850719e-05 0.000197438862081 0.000708157760715   0.0013792561979  0.00168546863833   0.0017950623556  0.00202319086723  0.00166065663385 0.000882768475327  0.00284829613806  0.00465152923566  0.00480385548309  0.00341007315002  0.00360657484944  0.00359007451859  0.00335523949186  0.00362026182927  0.00362966327729  0.00337189955638  0.00366085538544  0.00368207415852  0.00338866465093   0.0037208266907  0.00374818351612  0.00339833400085  0.00378784227402  0.00381593786289  0.00342398601737  0.00385530995008
3.05028848825e-05 0.000540837796708 0.000758977283581  0.00147917135289  0.00186683874232  0.00178255625378  0.00173094378145  0.00158764454017  0.00209783700582  0.00393096523719  0.00486712824561  0.00510640191014  0.00406807637434  0.00429446453154  0.00416232703339  0.00390224358772   0.0039973654531  0.00400516612444  0.00376447339465  0.00395654603526  0.00393386053061  0.00363557095523   0.0039338500659  0.00391092766318  0.00358227599759  0.00393540123834   0.0039167644761  0.00353302611346  0.00396571501501
6.29012160342e-05 0.000559889996092  0.00139537034078  0.00211088280684  0.00243507127361  0.00247398326193  0.00242249643277  0.00236034890536  0.00267721783032  0.00464477701666  0.00519313019105  0.00556378417269  0.00507613430596  0.00530564291089  0.00521986480718  0.00506172708025  0.00522186720913  0.00523445370562  0.00505421984585   0.0052267909979  0.00523878501652  0.00505737744942  0.00526560679019  0.00528092686976  0.00505280087234  0.00530340435216  0.00533608031654  0.00506190824285  0.00535866268044
2.59761825995e-05 0.000402261746004  0.00110629383228  0.00191206984236  0.00227043859364  0.00233384964342  0.00228235814008  0.00224574626508  0.00236477825551  0.00437277355433  0.00452605747045  0.00510700616641  0.00474211915407  0.00494131541455  0.00494502441937  0.00479352036319  0.00497690571992  0.00497484657228  0.00481147198514  0.00501349393668  0.00502430919944  0.00482845770001  0.00505634606053  0.00506342880358  0.00484717521316  0.00509658002204  0.00510277591077  0.00485286244995  0.00514193378762
2.06843068432e-05 0.000488465517117  0.00141657142182  0.00227130203298  0.00268262929066  0.00272901409564  0.00263630216309  0.00252408398319  0.00237197320134  0.00280337441161  0.00390683922935  0.00429493222587   0.0040573691017  0.00422972628129  0.00422759812115  0.00402741765102  0.00424869792674  0.00424899276709   0.0040698839266  0.00428848420006  0.00431040306326  0.00409666800525  0.00433908553286  0.00436055601645  0.00411452290043  0.00438914687909  0.00441506975517  0.00411157776562  0.00441976136621
2.22037769435e-05 0.000504110534508  0.00134445841839  0.00205982527302  0.00239913009656  0.00246140583274  0.00236851103932  0.00231676075602   0.0021193523391  0.00230520793135  0.00346129750028  0.00407424766784   0.0038529346058    0.004067015688  0.00408595656589  0.00391266536899  0.00413299930927  0.00413348628303  0.00395966591082   0.0041772834233  0.00419882999038  0.00399783532563  0.00422990924233  0.00425887681674  0.00399774120265  0.00428746494016  0.00431458953511  0.00402100296919  0.00435982753581
2.61936050658e-05  0.00032316860102 0.000681845649921  0.00130484349983  0.00157792599118  0.00171233347008   0.0020507046755  0.00238742257467  0.00191128059515 0.000304705655626  0.00327543281272  0.00514833949285  0.00393398161257  0.00387742784694  0.00346943291987  0.00324722379701  0.00353140566449  0.00353079139883  0.00329733410985  0.00356876887281  0.00359820669399  0.00336340832835  0.00362942495163  0.00367449171573    0.003391825435  0.00371376633872  0.00373497576758  0.00341763389192  0.00376219237847
  5.236042666e-05 0.000236447464993 0.000544157782661  0.00120626402647  0.00146164941228   0.0012720401155  0.00115947765659 0.000941403562937 0.000795584019175 0.000947250522051  0.00316153010814  0.00472985191412  0.00397391977498  0.00443654469725  0.00398991382336  0.00355797676524    0.003707554158  0.00370913587062  0.00347731254952  0.00367115357415  0.00365518849269  0.00340975876334  0.00367137708945  0.00365586037238    0.003379271528  0.00367606605651  0.00368016232846  0.00334753113527  0.00371263708072
2.95924768397e-05 0.000365752600386  0.00089375144348  0.00158429827437   0.0018679620687   0.0018309481101  0.00174733787453    0.001573468562  0.00144322877865  0.00172399017783  0.00335941742211  0.00455568068039  0.00418256835267  0.00465660137525  0.00444526736689  0.00412462758717  0.00427425417913  0.00426957584753  0.00409121299849  0.00425939858596  0.00425475424794  0.00403603318808  0.00425864968564  0.00426961732328  0.00403086643864  0.00428570334627  0.00429708423267   0.0040289115397  0.00432845175988
1.61574010297e-05 0.000434612679955   0.0013113005173    0.002165897185  0.00252306667173  0.00267336168709  0.00277204921422  0.00296130580301  0.00313057040397  0.00370899475613  0.00468246716852  0.00519361244316  0.00532875190163  0.00519601344957  0.00518767017726  0.00500902295158  0.00510403722733  0.00510129817707  0.00493620191645    0.005052266313  0.00504688996242  0.00485685880977  0.00503349226637   0.0050019568023  0.00482465817056   0.0050305820423  0.00501353736277  0.00480871326656  0.00503984269459
2.73620816547e-05 0.000577395474787  0.00184523483373  0.00290482670496  0.00339194357887  0.00351275820823  0.00344198174805  0.00345808863065  0.00343296708799  0.00361956318539  0.00435210729002  0.00505296787249  0.00543125989462  0.00525269290616  0.00527249157019  0.00516524532109  0.00537147557037  0.00536962767674  0.00522603725572   0.0054102262255  0.00543172117747  0.00529508160592  0.00545482081564  0.00548517692381   0.0053180977535  0.00550016780851  0.00552185292268  0.00530751116222  0.00553696113651
1.26697385823e-05  0.00046711692763  0.00130487813687   0.0020491445801  0.00244146093657  0.00254241612235  0.00249471377526  0.00246326874823  0.00242898503993  0.00203740281054  0.00237153806927  0.00350017282624  0.00389252379016  0.00418643453896  0.00412065419525  0.00393754661678  0.00418811607914  0.00417081319347  0.00401129281109  0.00422007516931  0.00422614622556  0.00406311149351  0.00426736731799  0.00428658463932  0.00408311757708  0.00431120225035  0.00433749708458  0.00410947351994  0.00435786282966
1.60264117424e-05 0.000264072224138  0.00059893263976  0.00123759590803  0.00148169984072  0.00158620636469   0.0019225969438   0.0022556775091  0.00259727218519  0.00194743907627  0.00044047043384  0.00328711059588  0.00367983943168  0.00508465282793  0.00380206113746  0.00315106723848  0.00344383805053  0.00343396077051  0.00322226733759  0.00347006833147  0.00350313302137  0.00330235324222   0.0035281180075  0.00357792878116  0.00333456603734  0.00360235143205  0.00362665963229  0.00335309459166   0.0036530091496
1.61999250756e-05 0.000269826685474 0.000597046227882  0.00124005202217  0.00151395949946  0.00135289064733   0.0012439005947   0.0010308092406 0.000913219474592 0.000777375794077 0.000675583695217  0.00315313867744  0.00351053562858  0.00508012942334  0.00425756058667  0.00352350313859  0.00367794402558  0.00368463324628  0.00345992515345  0.00365027950803  0.00364133562066  0.00343563118271  0.00364941359802  0.00365405587134  0.00342075185481  0.00367361792796  0.00369105277509   0.0034135187601  0.00369661132929
5.42518069351e-05 0.000359129127744 0.000818324377356  0.00145460608418  0.00175498043701  0.00170429732441  0.00162535341953  0.00145642333495  0.00133053158222  0.00118273110933  0.00142873265408  0.00323726919938  0.00391918113788  0.00513028640345  0.00478324338451  0.00413234910182  0.00428080697788  0.00425183562496  0.00406169052422  0.00421715023662  0.00420047724793  0.00401553462229  0.00420750493165  0.00419130846976  0.00399415095869  0.00420366268578  0.00420203093485   0.0039817959452  0.00423194357009
3.21338164491e-05 0.000423243416156  0.00122985618965   0.0020370818602   0.0023980507677   0.0025136239835  0.00251676575636  0.00255158144553  0.00257532896527  0.00263236825957  0.00318059043452  0.00434814254351  0.00534831886545  0.00524313650049   0.0051683583795  0.00492451910349  0.00504378629028  0.00504484393745  0.00487223144819  0.00497498687585  0.00496421500835   0.0047803883503      0.0049479567  0.00492515081021  0.00475127962018  0.00493324364343  0.00491942158788  0.00473882454498  0.00495752407695
3.46819173987e-05 0.000518195215953  0.00154464728316  0.00248182619957  0.00291477229857  0.00300870114247  0.00293879216168  0.00291930953665  0.00286408961177  0.00282539113188  0.00301517491552  0.00392219143339  0.00530601467776   0.0050705698511  0.00500700550634  0.00489045917605  0.00508630703861  0.00505912140681  0.00492109614035  0.00509252266976  0.00510184958254  0.00497775883993  0.00511870446336  0.00514267467631   0.0049941294104  0.00515386489342  0.00517234430616  0.00500003362549   0.0051853805668
6.41730041606e-06 0.000506925882291  0.00145817656124  0.00227023895477  0.00266525909689  0.00278450906042  0.00273829025269   0.0027247719276  0.00265360681301  0.00261314924998  0.00273807647215  0.00348783062055  0.00488882063803  0.00438886746767  0.00434253941663  0.00432339314498  0.00453873861651  0.00452208428253  0.00435386939396   0.0045089427826  0.00451792074605  0.00435195090407  0.00451925334677   0.0045271795771  0.00436565627025  0.00454592000104  0.00455798671488  0.00436442637433  0.00457995474846
1.66507565709e-05   0.0003851310043  0.00100413362466  0.00168403892536  0.00205275216746   0.0022731784552  0.00257162848438  0.00283094326904  0.00307907485268  0.00326150724792   0.0022914503338 0.000267085444186  0.00244885455486  0.00531231395556  0.00518004168446  0.00310297693325  0.00334817496557  0.00332896258652  0.00309724341279  0.00339030743409  0.00340870135492  0.00323677509229  0.00344964208886  0.00350090736506  0.00328294129506  0.00352675720708  0.00355926822493  0.00332777690167  0.00356664615155
1.02472889942e-05 0.000251979556686 0.000600248494803  0.00126248937915   0.0016144851677  0.00156010829757  0.00148317601263  0.00132138886339  0.00120819943994  0.00108897805225  0.00102963499267  0.00142702756493  0.00334432394571  0.00480517375311  0.00497972022235  0.00377358228482  0.00395151808375  0.00390159118068  0.00367963629193  0.00382442026792  0.00380084046051  0.00358725904696  0.00378064988731  0.00374657785288  0.00354456937077  0.00375602872388    0.003749914998  0.00352160265191  0.00376015261509
 1.4332073325e-05 0.000309169921605 0.000832508134247   0.0015281654793  0.00189346666666  0.00193746475915  0.00189573347607  0.00180373951096  0.00173696674702  0.00166913851424  0.00163271856625  0.00213243308849  0.00425985073585  0.00474977640989  0.00503381506001  0.00442447050294  0.00460730947622   0.0045976225512  0.00439807710934  0.00452697327996  0.00452228262947  0.00434807419682  0.00451059669047  0.00450118075415  0.00433021287608  0.00449855892615   0.0045002230994  0.00432237751396  0.00453857098082
 3.8927660082e-06 0.000348182353489 0.000994635569367  0.00172427937074  0.00210909966446  0.00216192023942  0.00208938621731  0.00197682688203  0.00186518372365  0.00175478929817  0.00166103568435  0.00167845973872  0.00385460561854  0.00489154595652  0.00553165101398  0.00478731580416  0.00506349385267  0.00497618409306  0.00480996948462  0.00497425640653  0.00495802471447  0.00482353216488  0.00496299289373  0.00496787064646  0.00482694188601  0.00498421670334  0.00497984176897  0.00480847107337  0.00498666088075
2.14431171574e-05 0.000465423899475  0.00140813924576  0.00226296821023  0.00268035040972  0.00279141422605  0.00271297211224  0.00269835522121  0.00263768746531  0.00259619703763  0.00252679996401  0.00277564134796  0.00344911898026  0.00454581230688  0.00484400862903   0.0046597931037  0.00476953479835  0.00480243481174  0.00462401717394  0.00478807514152   0.0047885135481  0.00464741343369  0.00478940808308  0.00480603106539  0.00466019642494  0.00481198797307  0.00482157284486  0.00467190843836  0.00481528233708
3.11941172301e-05 0.000501075580664  0.00154631670283  0.00247178344453  0.00291744628723  0.00300624514058   0.0029410047799  0.00286807167875  0.00276748989785   0.0026857515753   0.0025826803116  0.00258598697572  0.00297742761051  0.00391752782789  0.00420790244512  0.00403211189692   0.0042163556805  0.00416931233283  0.00395965587749  0.00412587278422  0.00412026431214  0.00394094881425  0.00412469590109  0.00411019795688  0.00394664851067  0.00412341485926  0.00413009460971  0.00394853414801  0.00415174574467
2.65087815017e-05 0.000265814764839 0.000711618626719  0.00134684015442  0.00165894557522  0.00170725804257  0.00180301523775  0.00189687482729  0.00203758728729  0.00218530883312  0.00233358160086  0.00152188324499 0.000679956733973  0.00336167037416  0.00517919019671   0.0038068236611  0.00389504378986  0.00359798459778  0.00335538935637  0.00363507939931  0.00365635854016  0.00349297440154  0.00366058444961  0.00372058031551  0.00353227301861  0.00373274975128  0.00376448365894  0.00357306350847   0.0037825206005
3.27923898654e-05  0.00023270012172 0.000679799915919   0.0013423036123  0.00169591167138  0.00170999465102  0.00162814930615  0.00151091429067   0.0013997479292  0.00126745990015  0.00117306424162  0.00105025254977 0.000976268458595  0.00321967993605   0.0046832510857  0.00388066061913  0.00415538616815  0.00377635484601  0.00351377798132  0.00368895491148   0.0036643426288  0.00345186473542  0.00364362251839  0.00361412967869  0.00342246530962  0.00361974981033  0.00361384312998  0.00339797136651    0.003618203329
1.08395289305e-05 0.000260725769579 0.000676851753738  0.00131824149644  0.00165573686781  0.00162806948202  0.00157425915215  0.00139479905712   0.0012613437343  0.00110613099139  0.00100496366759 0.000868984502478   0.0013340322248  0.00332852394333  0.00485104172919   0.0042750575173  0.00469300356741  0.00440743639266  0.00413157529984  0.00429396579216   0.0042604777172  0.00407682619098  0.00423863844375  0.00421793920289  0.00405862270367  0.00421400177467  0.00421291179266   0.0040387730086  0.00423337938549
1.00031685167e-05 0.000297302934548 0.000868645022283  0.00158901809015  0.00196584012576  0.00201787468816  0.00196413343308  0.00186121792944  0.00177131725486  0.00168611687008  0.00163354496951   0.0015964430337  0.00212899991269  0.00365387302333  0.00482711399424   0.0046527562457  0.00501294588906  0.00487405544738   0.0046126883432  0.00474587245936  0.00473435798065  0.00458209260237  0.00472068740114  0.00470890526953  0.00456500283806  0.00470560601129  0.00470410879744  0.00455467325217   0.0047106816031
2.78534585408e-05 0.000453654290069  0.00140156810704  0.00227660757971  0.00272006486203  0.00286042433951  0.00282001046467  0.00282577753588  0.00278519989013  0.00275950588985  0.00270321002755  0.00267711649582  0.00305896137508  0.00407529964965  0.00482749285493  0.00507790640121  0.00497928491652  0.00497267406869  0.00481265739297  0.00497313437732  0.00495626797844  0.00478839363531  0.00493536255017  0.00492466596315  0.00479998503911  0.00494223607418  0.00493303278138  0.00479347744011  0.00495139143622
6.50062046607e-05 0.000714776125775  0.00236583694263  0.00380781537211  0.00435973621866  0.00428281340265  0.00415431259311  0.00404143951017   0.0039254694889  0.00383455042201  0.00373223291979  0.00366558901108  0.00361986519237  0.00411337213392  0.00471726601202  0.00513844904457  0.00495969680023   0.0049624755337  0.00473494560757  0.00489642717543  0.00487550983516  0.00472719651236   0.0048563413987  0.00485966767292  0.00470644676097  0.00484770761027   0.0048596211621  0.00471965917016  0.00486999295127
2.10446335773e-05 0.000181443168585 0.000545550970499  0.00118235279656  0.00142556935895  0.00128629980703   0.0013005506072   0.0014075197368  0.00158026163485  0.00175580508372    0.001921975525  0.00206053756969  0.00122043944522 0.000769217455162  0.00342411374855  0.00361537200845  0.00498445128499  0.00383195917429  0.00327230256466  0.00357222084806  0.00358222587266  0.00339248215377  0.00358681985732  0.00361909574992   0.0034385759447  0.00363064687584  0.00364995591693  0.00346908562874  0.00364941347273
5.61133655575e-05 0.000122337080401 0.000516746848578  0.00120887774056  0.00141795110176  0.00111397605809   0.0009220359499 0.000778428761941 0.000691552366645 0.000635674889639 0.000619297647256 0.000624402791671 0.000655016643707   0.0005710891884  0.00317531220446  0.00337365764298  0.00515818037983  0.00402385252707  0.00322801768402  0.00350472302103  0.00348379691062   0.0032638320896  0.00346492926521  0.00346275167292  0.00326244642165   0.0034551602265  0.00345161871259  0.00325598080544  0.00346029435759
1.38897816949e-05 0.000290737145158 0.000777719252649   0.0014220288034  0.00178489210853  0.00180193667544  0.00172811496334  0.00157994604642  0.00145286451055  0.00130515687201   0.0012028644231   0.0010699083204 0.000889038039454  0.00129055199117  0.00322837777709   0.0037907743875  0.00501996323294  0.00456853019916   0.0040117335738  0.00416996971384  0.00413571329603  0.00392812522489  0.00409813380905  0.00407213596385  0.00391597284962  0.00406813948661  0.00406071814459  0.00389695259764  0.00405660518356
9.85656621446e-06 0.000309210680611 0.000926029488353  0.00165158284759  0.00203992634301  0.00210593598899  0.00205530411333  0.00195404006074  0.00186270732951  0.00177761955386   0.0017201468017  0.00168375734301  0.00168448499181  0.00232974491803  0.00388670005488  0.00479890679655  0.00540159151873  0.00525441176037  0.00473919690966  0.00487962901158  0.00485035355187  0.00465011311598  0.00479737172363  0.00477955268351  0.00463121540114  0.00476544978656  0.00476646825388  0.00462087160728  0.00479182815629
6.20425376721e-05 0.000612874936969  0.00197732611497  0.00318782464597  0.00366341128506  0.00364910318026  0.00356696958635  0.00352104626168  0.00346070517488  0.00341597457585  0.00335330994587  0.00331004809256  0.00327401907003  0.00356862136018  0.00461467543626  0.00599806738885  0.00566079997315  0.00556927832729  0.00535281950161  0.00550854935348  0.00548439625146  0.00533233674824  0.00545850526358  0.00543691159846  0.00530898494468  0.00544263119306   0.0054241620584  0.00531010721428   0.0054164998552
4.41921252375e-05 0.000757995323812  0.00255110223544    0.004209984949  0.00486347077137  0.00475045675069   0.0045990892372  0.00445859703299  0.00432612603017  0.00420967915168  0.00410153787435  0.00401149733779  0.00394434285892  0.00397566093826  0.00461795493438  0.00612200162356  0.00524733619483  0.00514665726204  0.00503337057162  0.00520405446023  0.00515336225682  0.00497881329788  0.00512680930179  0.00508598074447  0.00495358884035  0.00506390004166  0.00504842083895  0.00493065646272  0.00506981052807
 1.2272411998e-05 0.000160162651582  0.00039765719813  0.00103229037301  0.00138472282913  0.00143960796914  0.00155890786908  0.00170738067052  0.00188136972336  0.00204546964335  0.00218962336818  0.00231150789874  0.00242160604884  0.00173039691484 0.000358787409421  0.00250539315728  0.00592505616013   0.0058537856487  0.00359879840121  0.00384319155718  0.00385639662238   0.0036645988705  0.00384683786278  0.00388991608108  0.00371805037003  0.00389054535434  0.00391773675178   0.0037355941579  0.00389800334104
3.54052875099e-05 0.000252042262952 0.000841340538919  0.00156793132876  0.00177784068903  0.00138370949883  0.00110005075064 0.000898587749838 0.000747804799735 0.000640027191214 0.000565472669229  0.00053023277507 0.000542604774241 0.000618534628406 0.000716683178679  0.00216472983004    0.004352257176   0.0044001457436  0.00291010525448   0.0032774084863  0.00324956419299  0.00299483238682  0.00322023322494  0.00324381810998  0.00303242896755  0.00324830179126  0.00326282898394   0.0030734328831  0.00326690770937
3.20721848385e-05 0.000236586027078 0.000673461397489  0.00130276477033  0.00167480269428  0.00166187750862  0.00158215263245  0.00144577362042  0.00132938689956  0.00119757701252  0.00110085512383 0.000983535247409 0.000839162222419 0.000766976686112  0.00125917958685  0.00309464541204  0.00437375286717  0.00465921739711  0.00365885638444  0.00391216209845  0.00383067302789  0.00356954525756  0.00376628244236   0.0037296725678  0.00354205454398  0.00370819139324   0.0037057314131  0.00352683359607  0.00370572941676
3.47471644241e-05 0.000136856834892 0.000526739721415  0.00115932689011   0.0015466896425   0.0015964418439  0.00152619707899   0.0014065674899  0.00129874574253  0.00120147456644  0.00113608437914  0.00108795068692  0.00105644711768  0.00104898107546  0.00178127105728  0.00374517052472  0.00456609554323   0.0049617735283  0.00424331972392  0.00453324813667  0.00446804036352  0.00424938600486  0.00441964233575  0.00440033851584  0.00423110491886  0.00438821369919  0.00436563797984   0.0042272289397  0.00438791905314
7.14864003252e-05 0.000882817350276   0.0023056628975  0.00359544758851  0.00409895587998  0.00405181015902  0.00395499236223  0.00386884985475  0.00378659784688  0.00371126482451  0.00364135976046  0.00358133260837  0.00352284679939  0.00346974078293  0.00379079128196  0.00622768199999  0.00566945608195  0.00595833604075  0.00560101016028  0.00575023514186  0.00567486297082  0.00546237204985  0.00560860052562  0.00555528651248  0.00543371383156  0.00553855153679  0.00552458515678  0.00540213948066  0.00551644018632
4.11493566019e-05  0.00107888990238  0.00358824872242   0.0058016603761  0.00665613547867  0.00642753824751  0.00620246668389  0.00599818304359  0.00582065436055  0.00566675624468  0.00553753811278  0.00542665898417  0.00533999439719  0.00525875717128  0.00510972803099  0.00541482460431  0.00608435737794  0.00636534057105   0.0060091621647  0.00623314484955  0.00614266098333  0.00597488193713  0.00609681386955  0.00606922081513  0.00595137631734  0.00604860577801  0.00604130591506  0.00592320337237  0.00601119818362
9.96859515341e-07 0.000231340041459 0.000831429286707   0.0016004200535  0.00220676979298  0.00244174771731  0.00248995463713  0.00247333326887  0.00245425318157  0.00242077993706  0.00238257267765  0.00232180337639  0.00223589090887  0.00213923811134   0.0017910505891 0.000946461341517  0.00405685135545  0.00619640022337  0.00511418545945  0.00516500786642  0.00482210401034  0.00461350786638  0.00477977715309  0.00477596564259  0.00463565045701  0.00477526794442  0.00478176349225  0.00465614885239  0.00480582108052
 2.3570091859e-06 0.000208029262991 0.000767561833015  0.00151295879502    0.002122776258  0.00235713889718  0.00235079844089   0.0022739657273  0.00218617335546  0.00209542702477  0.00201857232627  0.00194590982942   0.0018673212506   0.0018135454214  0.00175405034989  0.00227888380119  0.00402819871173  0.00529691023625   0.0049283845979  0.00529058996516  0.00509864682418  0.00487384333585  0.00502806780744  0.00501531519701  0.00486894624599  0.00498752536146  0.00497714904246  0.00486313868729  0.00495919805073
1.58922565773e-06 0.000236901107275 0.000855842885495  0.00163105439334  0.00225767870793  0.00248326662923  0.00246074823523  0.00235427099135  0.00223538641736  0.00211025571664  0.00200042021202  0.00189018076336   0.0017772251454  0.00169380594329  0.00161153093798  0.00182810296113  0.00358577158367  0.00520641796278   0.0050530725312  0.00558816064975  0.00530803433215  0.00501191697013  0.00517653056813  0.00514883021707  0.00500742338666  0.00513531929288  0.00512359899084  0.00503068095187   0.0051415536547
2.72544658961e-06 0.000576607783312   0.0018875362371  0.00316764526688  0.00393251519455  0.00409763014611  0.00404479511948  0.00393180243081  0.00380884956038  0.00368848145722  0.00358107649582  0.00348385471975  0.00339546415722  0.00332121133862  0.00325258912201   0.0031328211649  0.00416947624408  0.00541835567186  0.00566764463039  0.00589589846582  0.00586411599364  0.00569007331985  0.00582586950261  0.00582911920333  0.00569139512738  0.00579938717907  0.00580218135029  0.00567238368563  0.00578309020703
9.77986642829e-07  0.00137539046623  0.00418790990895  0.00679989995923  0.00819578150937  0.00825672852693  0.00809274494268  0.00788174828248   0.0076863832772  0.00750097498787  0.00734382448565  0.00719173180026  0.00704869467931  0.00692788435901  0.00682164355309   0.0065850658393  0.00664148158758  0.00720565690741   0.0074976152181  0.00801208870654  0.00769323482351  0.00742936821191  0.00754161460967  0.00753566439214  0.00743957465918  0.00752697736124  0.00752420257695  0.00743624336281  0.00751145365653
  2.216525529e-06 0.000292961327583  0.00118994312203  0.00220258168567  0.00309266201042  0.00344956751013  0.00345598502323  0.00338438405999  0.00327235380795  0.00314109437198  0.00301835093104  0.00288892771544  0.00274279110749  0.00264021577559  0.00252873022057  0.00241047663537  0.00185833842198  0.00438305991022  0.00566958949455  0.00743209326422  0.00641350130786  0.00590731903071  0.00604439690957   0.0060149915122  0.00589183702395  0.00599587184121  0.00598674110705  0.00588673936318  0.00597954426801
