0.000309076062083 0.000196142748053 0.000934981497171  0.00350448462272  0.00544562391991  0.00663020338654  0.00685983874286  0.00632408416033  0.00497864649103  0.00403449081191  0.00366824818226  0.00353901758506  0.00355557527994   0.0034174102297  0.00335510226425  0.00335927579279  0.00344812552721  0.00340216347606  0.00340050500205   0.0034537452566   0.0034706059515  0.00349659525407  0.00349411152488  0.00353238138069  0.00353394136509  0.00354403076289  0.00357071146512  0.00357388501534  0.00357075282272
0.000181024513506 0.000349611782229  0.00221775819957   0.0045247889707  0.00616109213988  0.00710148733309  0.00720220076668    0.006649081863  0.00540112384609  0.00402349457337  0.00318118471685  0.00294869475168  0.00297634202932  0.00283523839851  0.00278576641875  0.00282610738778  0.00296941773775  0.00294004134653  0.00294923327225  0.00306853964225  0.00313330983035  0.00318993930588  0.00318446048016  0.00330543958194   0.0033064762099  0.00332633778898  0.00338647779515  0.00339460172855  0.00340040878323
0.000247748676439 0.000835540673654  0.00289113288927  0.00467994605111  0.00584046234423  0.00643746018482  0.00643026823059  0.00601877309041  0.00516105462847  0.00402184445641  0.00284112024307  0.00222457080191  0.00210565743879  0.00196345799309  0.00189726028682  0.00188709055372  0.00195218262667  0.00192346754381  0.00193501856655  0.00200276729286  0.00203466878496  0.00206623647769  0.00207040782748  0.00212165207832  0.00211656544929  0.00212980687709  0.00215341078242  0.00215645654515  0.00216481603989
0.000187789943515  0.00106593509029  0.00251300656753  0.00336325635036  0.00381159209062  0.00394885188078  0.00379348457669  0.00346015734038  0.00295213784325  0.00230285934924  0.00156897193439 0.000843403274398  0.00041967670962 0.000258680261291 0.000219630181492 0.000304255973436 0.000405393581173 0.000517766789545  0.00061621339943 0.000710975117516  0.00077698507092 0.000827767608011 0.000853711267021 0.000892740187502 0.000938033383508 0.000945281920968 0.000975404536539 0.000996614592108  0.00101007344318
0.000190211287866  0.00278546064003  0.00369759513754  0.00233394428401  0.00167947372051  0.00130574630709 0.000952191945087 0.000624950500529 0.000339712515164 0.000196256129023 0.000305558592013 0.000457666904719 0.000599963413446 0.000769437915774 0.000926391597769  0.00107449051379  0.00121442877992  0.00131757593772  0.00140064001739  0.00147124046584  0.00153507813956  0.00160411617359  0.00163947664468  0.00167071550855  0.00168750403906  0.00172916683527  0.00176747701376  0.00177620278355  0.00177608575563
0.000188361312992 0.000653263360947   0.0021428042825   0.0031253134187  0.00286590408646  0.00209876728394  0.00128806537489 0.000582801501018 0.000140020341079 0.000401108757297 0.000623805996495 0.000674135772013 0.000771303488494 0.000971401824112  0.00114472976699  0.00129563714594  0.00142730825057  0.00152219731599  0.00161160306509  0.00167967775046  0.00174475125203  0.00178416090732  0.00184725401563    0.001897037997   0.0019222732755   0.0019473011725  0.00194957535634  0.00196788227186  0.00199293230181
0.000189806649784 0.000712772714346  0.00195114690917  0.00264459041471  0.00279400261181  0.00252351336379  0.00203946099413  0.00148327069696 0.000962472227501 0.000508713628616 0.000255591645817  0.00053823762677 0.000933147790866  0.00114207600396  0.00132379403159  0.00147819534282  0.00161412362864  0.00172398891922  0.00182895406795  0.00192525560837  0.00199302562617  0.00205025754444  0.00209023508797  0.00212326911085  0.00215554263164  0.00217395518502  0.00220080486903  0.00221513496662   0.0022335116801
 0.00026735007276 0.000985753754542  0.00207893483181  0.00184213400667  0.00153154473401  0.00141472315438  0.00123105604977 0.000951686273934 0.000567345194135 0.000190055296454 0.000361987007463 0.000765998378611  0.00107748899821  0.00127618624299  0.00144906497091  0.00160020964894  0.00172590100717  0.00183957252069  0.00193044264552  0.00200433361637  0.00207026504387  0.00213412030728  0.00215924089691   0.0022097935887  0.00223788285987  0.00226140003302  0.00227705657475  0.00230124536824   0.0022972170877
0.000234631571015 0.000569358104236  0.00224700975468  0.00327619498627  0.00301352656376  0.00227051691844  0.00152000510768 0.000921618657848 0.000456230466326 0.000325306741681  0.00060862444343   0.0010079724973  0.00135214235505  0.00153655572669  0.00170641349103   0.0018612809614  0.00199431731627  0.00210195931948  0.00220428893197   0.0022823408341  0.00233966219995  0.00237941290154  0.00242708661471  0.00247223888017     0.00251405851   0.0025423227287  0.00257644451108  0.00258917084807  0.00261631566111
0.000253233631323 0.000349580221206  0.00302296690558  0.00269378749688  0.00151721889163  0.00139364594004  0.00133262855811   0.0010333780964 0.000569655983459 0.000110945022814 0.000626253628893  0.00125036303465   0.0016923966746  0.00188717539239  0.00206187298292  0.00220543309197  0.00233017334878  0.00243756886739   0.0025149697915   0.0025903051901  0.00265685448026  0.00270631575216  0.00275051190461  0.00278366818424   0.0028080805556  0.00282616387633  0.00283219713579  0.00284618887929  0.00285251670452
0.000292836473204  0.00137580423497  0.00217751316358  0.00485593150641  0.00612516349373  0.00557068660256  0.00454498847153  0.00342686566348  0.00249841239717  0.00186537075154  0.00177986980495  0.00216930241525  0.00265479299162  0.00296546502173  0.00312651411396  0.00325720322475  0.00335220320825  0.00345229493375  0.00353074870652  0.00357663368222   0.0036248406763  0.00366141535838  0.00369721875815  0.00371654915695  0.00375677868112   0.0037791936116  0.00378350503389  0.00379167410236  0.00380566167974
0.000237223142102 0.000643251192169  0.00207943382082  0.00252843326152  0.00195933020856  0.00154268553046  0.00133676810289  0.00131910951417  0.00139744552024  0.00162522718484  0.00195470604403  0.00241716848023  0.00289310804266  0.00314315222053  0.00332430894815  0.00350271508034   0.0036966608974  0.00379045142731  0.00388344205791  0.00400742039297  0.00408045388404  0.00416188027168  0.00419788442126  0.00423950651166  0.00426895009399  0.00430506282798  0.00433764831534  0.00435254010432  0.00434281664596
0.000347167108051 0.000881203300385  0.00525779001941  0.00609964515415  0.00407371974982  0.00235913623205  0.00158952835363  0.00185805496248  0.00248885694497  0.00293566361953  0.00317961143843  0.00325408600163  0.00318176084917   0.0032200001894  0.00337832533752  0.00350279131256  0.00358378822037  0.00368033781483  0.00376596200015   0.0038226058844  0.00388888135231  0.00391644741058  0.00396315753592  0.00399509197223  0.00401231689709  0.00402881536972   0.0040329235288  0.00404510000287  0.00407659623597
0.000281185191851  0.00124353720775  0.00533487888944  0.00560589377048  0.00389349119602  0.00286552841546  0.00216460808985  0.00184406942542  0.00182784548759  0.00198850567236  0.00225510508494  0.00256281304211   0.0029098640492  0.00318597577026  0.00333688337642  0.00347708630715  0.00360429510066  0.00371348084871  0.00380065336851  0.00387734633029  0.00393513723382  0.00399648706773  0.00402498222396  0.00408609150362  0.00411808961797  0.00414162219107  0.00417398016656  0.00419495157457  0.00422511549559
0.000288040953444  0.00076009539814  0.00363266292582  0.00306182840013  0.00169050537464  0.00142804547879  0.00188114684114  0.00245821385846  0.00287781504933   0.0031595765984  0.00336017081032  0.00357093178774   0.0038087110314  0.00399379419035  0.00415274750746  0.00430064678916  0.00442620410059  0.00451429921655   0.0045895856259  0.00465098968001  0.00470455586903  0.00474329270209  0.00477904005554  0.00479891904125   0.0048306738606  0.00484734459328  0.00488072877306  0.00489929180552  0.00489214559127
0.000589261400403 0.000501300890926  0.00147404786831  0.00161491195431  0.00138678227172  0.00133189398389  0.00138850644597  0.00164331261922  0.00209782599669  0.00260380322568  0.00301775685692  0.00329666472292  0.00339796029336  0.00348220167876  0.00364255444539    0.003778983556  0.00392073015133  0.00402592720375  0.00411341427936  0.00420790544226  0.00429108784551  0.00435028563581  0.00440004074276  0.00444758291985   0.0044699200861  0.00450263488779  0.00452072629937  0.00454195347213  0.00455761716092
0.000160386514891  0.00114963753319  0.00360046328059  0.00369138868658  0.00563886213181  0.00557078021883  0.00491711646131  0.00390176587048  0.00320858718701  0.00291179596909  0.00303169154852  0.00328816386151  0.00369902593912   0.0041079328801  0.00424306847397  0.00433415911935  0.00437690404158   0.0044590455045  0.00454505480002  0.00457528450906  0.00458914560661  0.00461623804755  0.00466488141451   0.0046740753699  0.00470591422943  0.00473290064825  0.00474488652453  0.00476200277475  0.00476764405838
0.000206192786324 0.000906164031553   0.0026187105178  0.00370382935521  0.00399883489967  0.00412128743112   0.0041512921504  0.00433331640511  0.00445477465681  0.00443078658265  0.00430900885823  0.00432774754441  0.00463605508584  0.00511228830613   0.0053955335602  0.00552324736839   0.0056471277417  0.00574265972709  0.00579756420804  0.00586430476296  0.00593953313873  0.00599069767934  0.00602535729946  0.00605799657439  0.00608413193592  0.00610451748545  0.00612334323083  0.00614140976938  0.00617028460767
0.000167251115499 0.000599322770436  0.00194335745353  0.00304550217517  0.00408101173759  0.00446070089674  0.00454587519618  0.00476476417644  0.00498731764508   0.0051609660939  0.00525289423306  0.00536152930828  0.00554105165076   0.0055572162955   0.0056179185399  0.00578454580533  0.00598608838621  0.00606416825418  0.00617204086388  0.00631247489529   0.0063965338119  0.00647931695174  0.00650771535507  0.00661543178829  0.00663951042221  0.00667319800295  0.00673225451877  0.00674487991511  0.00675257892292
0.000216474473761 0.000618059414587  0.00130587272803  0.00198845212118  0.00246410499695  0.00274296184823   0.0036969499144  0.00458550541247  0.00521206743982  0.00560518870544  0.00575430856505  0.00569727870188   0.0054143938838  0.00520153709308  0.00525629878912  0.00535865477921    0.005441466821  0.00552833227191  0.00559039124886  0.00564199207769  0.00569313106483  0.00573249489771  0.00578596641856  0.00580709419384  0.00584209620014  0.00585299689118  0.00586652605733  0.00589732000313  0.00592315527834
0.000173860420949 0.000917419076516  0.00244107894779  0.00383331616417  0.00426241408307  0.00376616172894  0.00344508959533  0.00340851117003  0.00359229540511   0.0038669504829   0.0041300407401  0.00437670866284  0.00460271036238  0.00477538501003  0.00491510284462  0.00503468329368  0.00514724929994  0.00523718596623  0.00532141207964  0.00538739608324   0.0054406418496  0.00549287358998  0.00553520718912   0.0055526393541  0.00558729326254  0.00515535908111  0.00419435986171  0.00405645286079  0.00403097939812
 0.00019705429412 0.000973143612397  0.00262288040459  0.00479435095247  0.00539227414411  0.00420318461976  0.00402401755294  0.00408633129795  0.00417458546181  0.00415449796805  0.00420061404516   0.0042541626704  0.00436524934453  0.00467370778949  0.00483443997668  0.00489939988369  0.00491768496562  0.00500814352278  0.00506684468048   0.0037732461708  0.00351622320608  0.00349404522257  0.00350078206703  0.00346355593004  0.00346906916927   0.0034711680556  0.00345570834416  0.00345799056337  0.00345918674708
0.000179830022833 0.000520455844903  0.00149444841112  0.00219060052938  0.00284406453948  0.00325030150179  0.00353231760799  0.00384204264876  0.00410100013953  0.00435165281311   0.0045566770222  0.00479375068649  0.00508423189422  0.00530606593785  0.00546298028228  0.00558559417723  0.00431559527038  0.00432368118569  0.00436060797453  0.00440931147455  0.00444322291869  0.00447209770666  0.00448231992742  0.00451685022769  0.00452476429321  0.00453386073165  0.00455120862937  0.00455597939274  0.00455879995669
0.000204262328618 0.000514410108933  0.00130109041449  0.00236832544428  0.00334989307363  0.00375713306783  0.00384300433381  0.00399757912831  0.00422444060253  0.00452390049063  0.00480461686913  0.00508120739424  0.00533439138321  0.00497800564252  0.00420717267035  0.00426307279599   0.0043282134845  0.00435733482943  0.00438550834486  0.00442991161158  0.00445446817676  0.00446945974867   0.0044847231921  0.00450546854483  0.00452040425001  0.00452136034579  0.00452909003165  0.00453725422111  0.00453723895974
0.000185875338788 0.000535520817245  0.00142319962018   0.0022116054604  0.00296527807482  0.00297217312978  0.00347581962625  0.00414709519711  0.00450579450817  0.00474927627124  0.00495651521734  0.00518361264319  0.00413631234129  0.00421621818553   0.0042830601342  0.00433385516738  0.00437611032539   0.0044010230989  0.00442641384121  0.00444736625502  0.00446335689055  0.00448380976302  0.00449411951085  0.00450355819447  0.00450371188756  0.00451668772003  0.00451815946452  0.00451702177822  0.00452271987776
0.000193577278808 0.000473363315207  0.00122511118437  0.00200894459726  0.00277132506569  0.00284661045682  0.00300795716032  0.00336841742529  0.00357974788139  0.00380410917454  0.00356588387372  0.00318153372298  0.00325864998775  0.00335424418343  0.00344621334071  0.00351636178853  0.00357372698302   0.0036106103875  0.00363908576975   0.0036651888325  0.00369066450334  0.00370434120436  0.00371735956513  0.00374010282037  0.00374364846759  0.00375435068077  0.00377325197017  0.00377545850127  0.00377902340118
0.000177257446256 0.000476082133458  0.00137636058741  0.00238962188885  0.00348755352068  0.00343964335742  0.00322488920567  0.00342026341778  0.00368840365364  0.00334518234817  0.00333200802424   0.0033336127754  0.00330929149767   0.0032885328841  0.00330594420878  0.00335250532793  0.00336338688456  0.00340052001584  0.00341924713134  0.00341650887297  0.00341576193932  0.00341759095014  0.00343100173086  0.00341218691031  0.00342476525959  0.00342233699586  0.00341001433029  0.00341727345805  0.00341940377685
0.000193492499428 0.000462515681315   0.0012307641107  0.00185552506015  0.00226205872928  0.00245695775249  0.00271393245572  0.00295319078074  0.00308125430226   0.0030795664212  0.00277091939466  0.00256597242251  0.00250548424466   0.0024989796428  0.00255988160645  0.00264735096937  0.00275157217695  0.00278812406738  0.00283066720384  0.00289790397726  0.00293951640447  0.00297288964108   0.0029822202225  0.00302299750472  0.00303197481681  0.00304210766551  0.00305515320104  0.00305715104832  0.00306016276399
0.000215638851702 0.000380089019056  0.00101369354605  0.00156673698529  0.00224809131162   0.0025034934256     0.00256674479  0.00260037199473  0.00256389697604   0.0024571991549  0.00237415169067   0.0022808963577  0.00217448528359  0.00208648321715  0.00207105997834  0.00210599731619  0.00211189666038  0.00214885924714  0.00216837193381  0.00215903997061  0.00216281404535  0.00216264542231  0.00217428758688  0.00216966134037   0.0021793934452  0.00218335444213  0.00218576931753  0.00219487635668  0.00219605323123
0.000215210098982 0.000490952720067  0.00125227977099  0.00152211052908  0.00195416697032  0.00245515107665  0.00273103202778  0.00305147867206   0.0029298960111  0.00276683626892  0.00259939607745  0.00243835014862     0.00229544614  0.00218301380243  0.00217462329191  0.00222374901968  0.00227081719454  0.00231092990392  0.00234095638644  0.00236375883489  0.00238524142205  0.00240724336544  0.00240995424619  0.00242115564816  0.00242687759393  0.00243443399774   0.0024402348908  0.00244133932861  0.00244695889667
0.000192956007431  0.00049455305053  0.00135718744092  0.00178348207819  0.00216052649719  0.00261608052059  0.00297013018098  0.00324431076761  0.00321265068992  0.00311941323368  0.00299520221337  0.00287100769454  0.00276224172559  0.00266102460498  0.00259699243683  0.00262101348104  0.00268572260171   0.0027287397915  0.00276698305854   0.0028055210574  0.00282614497274  0.00284395180879  0.00286558574888  0.00287747407234  0.00288636022207  0.00289401512295  0.00290239972131  0.00290837080298  0.00291249115576
 0.00018707908988 0.000567074023081  0.00148763805713  0.00202249224238  0.00238558626855  0.00277292499742  0.00297667619426  0.00302001128847   0.0029793781298  0.00291544507333  0.00286609196132   0.0028188849471  0.00277381944872    0.002775177302  0.00278268752351  0.00281568229155  0.00284053912844  0.00288768804875  0.00291846712487  0.00292308827205  0.00294216929546  0.00294966739009  0.00296285823452  0.00296124003507  0.00296894658025  0.00297493698295    0.002974167612  0.00297748371725  0.00298176066048
0.000198962307375 0.000455802627137  0.00127254372511  0.00165096326886  0.00185057581891  0.00211576757229  0.00225893010046  0.00226988645258   0.0022673065794  0.00227311174676  0.00225977869053  0.00228498066961  0.00236174693432  0.00239590795151  0.00246271520211  0.00255355761512  0.00267170316701  0.00271741167751  0.00276676642647  0.00283435418126  0.00286915352095  0.00290106321834   0.0029182200307  0.00294973670374  0.00296183873285  0.00297421217947  0.00299346040892  0.00299320073787  0.00299457065733
0.000214304928798 0.000393725472229  0.00124859554107  0.00167188414307  0.00199541482327    0.002231023454  0.00242628433825  0.00220504488714  0.00200831048631  0.00187318191141  0.00181862864081  0.00181101638403   0.0018270576618  0.00187600677261  0.00192189327356  0.00197038267207  0.00200147414395  0.00204277575567  0.00207299482582  0.00208768093381  0.00210348338694  0.00211341611147  0.00212739069985  0.00213243515786  0.00213551520393  0.00214062756101  0.00214260782614  0.00215214731768  0.00215590761846
0.000360746434002 0.000470291984188 0.000866720141259  0.00101120349681 0.000861372844445 0.000910892956638  0.00100390843515  0.00116318630452  0.00133362827571  0.00144142781068  0.00147435360399  0.00141959579403  0.00126800651613 0.000960745688601 0.000603049990569 0.000557339133916 0.000675068246282 0.000667631714597 0.000699484086955 0.000759545463266 0.000808215649203 0.000827579665053 0.000834689189507 0.000875131737939 0.000895651072421 0.000898394812626 0.000903841465277 0.000932158917769 0.000932168647902
0.000319325808184 0.000380473494672 0.000802852230821  0.00113071466088 0.000926248143726   0.0005238158687  0.00124370863219  0.00174476935108  0.00226158873327  0.00258139158367  0.00263971280526  0.00237214580778  0.00173899920269   0.0007627507351  0.00018313013016 0.000202837980579 0.000261772880518 0.000261113045474 0.000275213829867 0.000315656373265 0.000323084116618 0.000336097405463 0.000339468579087 0.000350868780104 0.000353780942643 0.000356704200835 0.000365179699851 0.000346491721655 0.000359131187823
2.74277765356e-05 0.000333082310268  0.00069281776179 0.000617691914639  0.00060166481923 0.000594882878087  0.00126208612963  0.00172592653239  0.00222641077443  0.00252438055366  0.00253165194692  0.00217338428196  0.00145092555897 0.000527921790452 0.000135828425412 0.000154080327648 0.000199556368511 0.000199390713509 0.000207862540312 0.000248108900393 0.000256312307713 0.000288101179637 0.000274097854916 0.000318007217164 0.000299031067444 0.000299705697441 0.000318246446731 0.000308531815647 0.000311613118514
8.32058799283e-05 0.000390543304292 0.000730676462616 0.000844091345385 0.000615664043738 0.000458681425262  0.00108384546279  0.00147972947313  0.00184622387716   0.0019887345089  0.00183809686099  0.00133853793197 0.000494138012982  6.5917671071e-05  8.4399535071e-05 0.000107018492296 0.000166017503595  0.00017552605799 0.000176323138412 0.000209030536168 0.000220977365663 0.000231200946729 0.000233988479399 0.000256391456701 0.000265778180433 0.000265188861727 0.000280099368825 0.000285330149312 0.000279648945574
0.000138355144315 0.000780580187346  0.00103699713436  0.00116641795292 0.000928856545687 0.000342613477405  0.00084350728886  0.00117430577886   0.0015594986296  0.00173243000314  0.00162228331971  0.00117838781215 0.000449339037595 7.80766301853e-05 9.47548893901e-05 0.000117314251902 0.000143433082879 0.000135464086238 0.000145848395116 0.000167319384304   0.0001832014141 0.000183043821917 0.000191550652265 0.000213463619486 0.000206569285535 0.000220871767002 0.000230124691894 0.000232281673316 0.000222414292711
5.51493660922e-05 0.000512236845443   0.0008208054481  0.00100186482934  0.00082263413622 0.000441715192244 0.000996271529491  0.00135898743292  0.00171567735229  0.00183323485803  0.00159802740839 0.000948099871888  0.00026272808079 3.49376179342e-05 4.23560336712e-05 7.24447809163e-05 0.000107022302644 0.000109168259214 0.000116511488534  0.00014173300314 0.000151163990074 0.000187558741788 0.000174362029319 0.000196473632151 0.000189601869697 0.000195885453659 0.000203738972991 0.000203384433794 0.000203627154915
7.47576576729e-05 0.000397745361976 0.000707934258401 0.000896871205844  0.00070140445963 0.000504649679849  0.00111023490822  0.00147432706109  0.00179207709833  0.00181122694967  0.00142656190179 0.000553803023595  1.7226154824e-06 5.58886917578e-06 1.89612870198e-05 3.82520209013e-05 7.31618440856e-05 7.28814499164e-05 8.49003254162e-05 0.000109278699609 0.000121306523139 0.000135015764075 0.000133875697695 0.000154593183921 0.000161015287982 0.000158706335841 0.000171658665748 0.000172992719705  0.00017095644014
 4.1621303003e-05 0.000458053966642 0.000775852485144  0.00104186972431 0.000913777130552 0.000594771123433  0.00110526534767  0.00153075823281  0.00187079660765  0.00190824247093  0.00150884769428 0.000598590832979 2.38820989948e-05 2.45363852323e-05 2.44484283085e-05 3.80480339368e-05 7.63428313615e-05 7.63041018733e-05 8.37456607233e-05 0.000107447508033 0.000124192213395 0.000122546298057 0.000128698147793 0.000139860165222  0.00013471264955 0.000141408732486 0.000145455894943 0.000147311055719 0.000145278297716
9.81659528302e-05 0.000424353286758   0.0010853875513  0.00185482762489  0.00260076011269   0.0034437287421  0.00311125939877  0.00271781485639   0.0026092061475  0.00218193071125  0.00114178857934 0.000238068569582 2.08725645133e-05 1.79536484657e-05 1.87363778317e-05 3.84213922413e-05 6.91133028598e-05 6.95986470287e-05 7.76340788073e-05 0.000100286493139 0.000112131819177 0.000115537858717 0.000117265978214 0.000126032799575 0.000124341925949  0.00012639045901 0.000129676466396  0.00013037539173 0.000131682231742
9.86532216734e-05 0.000470515150818 0.000785280195131  0.00103292341455 0.000982338449586 0.000840978340305  0.00120322273873  0.00151365778172  0.00153257136853   0.0012279343559 0.000562888534152 0.000136442446466 7.42190161139e-05  5.1381018871e-05 5.42235709126e-05 5.43399646382e-05 6.81321828835e-05 6.86838487597e-05 7.22185788041e-05 8.37076997476e-05 8.86896735083e-05 9.26625099461e-05 9.34611770679e-05 0.000101370907518 0.000104261034314 0.000106793636597 0.000108319837004   0.0001118760923  0.00011310835333
5.17649636293e-05 0.000434182661622 0.000871428983007  0.00134063893525  0.00154580566369  0.00127479934491   0.0009818603102 0.000804449706101 0.000797575519397 0.000737083676842 0.000351731517838 6.59194513067e-05 5.08430589676e-05   5.116809672e-05 5.43475665036e-05 6.14024257149e-05 6.40113040667e-05 6.72170834649e-05 6.83180669929e-05 7.27356251933e-05 7.47499103015e-05 7.86816756938e-05 7.72810250405e-05 8.72291321341e-05 8.78629529337e-05 8.87481749122e-05 9.82888951058e-05 9.91798464681e-05 9.91205630324e-05
2.27895609523e-05 0.000370613882879 0.000707978068787  0.00100186221862 0.000919370576859 0.000484587377047 0.000919197310464  0.00128274547764  0.00154633343107  0.00140470658875 0.000617858212371 8.51015739485e-05  4.0859399724e-05 1.36561317585e-05   1.913365382e-05 3.13846366645e-05 5.14668850645e-05 4.95522224932e-05 5.16950640865e-05  5.9792409136e-05 6.64075460563e-05 6.91898254384e-05 6.98361468052e-05 8.09020819814e-05 8.05605464679e-05 7.94174577406e-05 8.15040721352e-05 8.26280889827e-05 8.24219433769e-05
 2.0237661081e-05 0.000407737214447 0.000848565304615  0.00135355757379  0.00152156111513  0.00113841808562   0.0013544000072   0.0020480572234  0.00201170572933  0.00163466556677 0.000636932286356 7.41895475278e-05 3.58717749034e-05 1.72168521994e-05 1.45959365006e-05 2.26805855276e-05 3.73426310449e-05 3.78855627668e-05 4.20711691192e-05 5.07928740924e-05 5.71004408578e-05 6.27079389571e-05 6.32073253336e-05 6.87086725645e-05 6.75083470416e-05 6.90526948352e-05 7.09773764278e-05 7.22989860565e-05 7.26885317675e-05
3.36647016572e-05 0.000358913396676 0.000728096767314  0.00114167164665   0.0014494204129  0.00153176762143  0.00181631193605  0.00226259909323  0.00164330826522 0.000744931980732 0.000120112996522 3.77749579628e-05 6.18202468624e-06 4.15119714047e-06 1.79532712481e-06 1.18220595324e-05 2.82106216227e-05 2.80000114676e-05 3.13376521547e-05 4.35209018946e-05 4.77514702954e-05 5.05058740579e-05  5.1161467685e-05 5.92745360635e-05   5.847844475e-05 5.87853283176e-05 6.30285299354e-05 6.04523066903e-05 5.98302757827e-05
1.81879016958e-05 0.000297652153569 0.000661805414267 0.000992877196938  0.00117283284229  0.00122880834603  0.00155392171232  0.00204825332928  0.00152037302095 0.000716839756972 0.000103844183495 3.08598875108e-05 6.43122792697e-06 4.77360739697e-06 7.31366236218e-06 1.42831885789e-05  2.8259992293e-05  2.7738278418e-05 3.01034474014e-05 3.95536889794e-05 4.30186407068e-05 4.66455854585e-05 4.74027298081e-05 5.23708470256e-05 5.07875667291e-05 5.16777512222e-05 5.36148335399e-05 5.71825745987e-05 5.77984541588e-05
7.86160215842e-05 0.000393655371883 0.000695279609005  0.00105948864501   0.0011421521526  0.00106174975283  0.00140887316914  0.00193732629621  0.00145120504997  0.00067733585277 7.62893249395e-05 2.26086170987e-05 3.40324384044e-06 4.30282479346e-06 6.38528232393e-06 1.08516881533e-05  2.0760521099e-05 2.07371971073e-05 2.27888013796e-05 2.93246523276e-05 3.25639709263e-05 3.58617210106e-05 3.70197420304e-05 4.35716578261e-05 4.28261161469e-05 4.52678441766e-05 4.94719718593e-05 4.91432705468e-05 4.90256446404e-05
5.80874353156e-06 0.000325385077491 0.000705476198857  0.00112836382234  0.00116670875175 0.000920957824674  0.00120604803256  0.00179860857474  0.00102073273664 0.000350899564856 2.31374922425e-05 4.30661604513e-06 5.68281526929e-06 6.05104580648e-06 7.63842592509e-06 1.11352260913e-05 1.69325717918e-05  1.6552929945e-05 1.81531924622e-05 2.36406300088e-05  2.7550147588e-05 3.03440076875e-05 2.99015219587e-05 3.44595401621e-05 3.46473018972e-05 3.49141584136e-05 3.64408955705e-05 3.66965502748e-05 3.71612852742e-05
3.98656360132e-05 0.000253730588567 0.000710011355102  0.00108921100061  0.00101314188295 0.000799730933031  0.00118270287777  0.00167665469298 0.000963003919757 0.000269103402378 2.09575919381e-05  6.5388258113e-06 3.27218778405e-06 5.04771199362e-06 5.69023429524e-06  8.6016751319e-06 1.62951947846e-05 1.64588704961e-05 1.79661848952e-05 2.28280342525e-05 2.48252316896e-05 2.64747342011e-05  2.6976353703e-05 3.05323047479e-05 3.03397339217e-05 3.12342130424e-05 3.25872962329e-05  3.3366944202e-05 3.32580565284e-05
3.35982429082e-05 0.000302587644356 0.000713406388559 0.000980572068253 0.000974303360547 0.000853000630816  0.00140390935812  0.00166452156562  0.00129905120566 0.000161107445005 1.95721746403e-05 6.28534087973e-06 1.84804439025e-06 2.46658107001e-06  3.2205818706e-06 5.72483918437e-06 1.15265273802e-05 1.16857410484e-05 1.28784745768e-05 1.64632409602e-05  1.9035917028e-05 2.13055602149e-05 2.13143076116e-05 2.48331550851e-05 2.50867631765e-05 2.56673658618e-05 2.73954677424e-05 2.74622215498e-05 2.75739656537e-05
6.07429765775e-06 0.000301882137794 0.000737053521567  0.00106964982308 0.000993671703075 0.000828119937845  0.00137402736297  0.00163531926569  0.00127245763335 0.000136966635779 2.34795256821e-05 1.04951259527e-05 3.26332028036e-06 3.08885652451e-06 1.27915858817e-06 3.95498826723e-06 1.01566472104e-05 1.02357420135e-05 1.16466087955e-05 1.57677945235e-05 1.76374175064e-05 1.87113555367e-05 1.90606530423e-05 2.10691248383e-05  2.1178613143e-05 2.20697415628e-05 2.31898839334e-05 2.39443067984e-05 2.39552515197e-05
3.56087504199e-05  0.00032095095799 0.000799819431808  0.00123599565614  0.00116098174202 0.000879069522331   0.0013855129597  0.00165047433876  0.00127327516355 0.000140609094127 2.11147350904e-05 7.97958225429e-06 1.89754454848e-06 2.53394235148e-06  1.0869679585e-06 1.65429736012e-06 6.26318689878e-06 6.16915272012e-06 7.15946135012e-06  9.9482634138e-06 1.14458475933e-05 1.30660073783e-05 1.29683000357e-05 1.77231444513e-05 1.75797582004e-05 1.82107797538e-05 1.99510912126e-05 1.97928316077e-05 1.99690682991e-05
6.63950715938e-05 0.000239612005059 0.000737038178011  0.00109140229666  0.00101321807294  0.00103056589424  0.00146406097504  0.00148652061563  0.00120509383264 0.000115947788996  2.7333344209e-05 1.71784280471e-05 8.11192719141e-06 7.18637755701e-06 5.84142624473e-06 2.96199703406e-06 3.14866155141e-06 2.99717142267e-06 3.76751925938e-06 6.86178653014e-06 8.83055686696e-06 1.03763880483e-05 1.06432684748e-05 1.34437546261e-05 1.27170389389e-05   1.344181379e-05 1.51449247677e-05 1.55454181457e-05 1.55833448428e-05
3.32472218855e-05 0.000359355375251 0.000844449155102  0.00114123582933  0.00104129311683   0.0012492057244   0.0016326082415  0.00149675823356  0.00119334626031 8.78475696058e-05 2.35034584417e-05  1.7045684426e-05 1.06233470583e-05 1.08805009794e-05 9.27790859526e-06 6.25855865892e-06 1.33944779958e-06  1.7824180787e-06 1.40703578402e-06 4.77767573055e-06 7.47010533747e-06 9.20809777632e-06  8.9617446665e-06 1.09878964023e-05 1.08123302064e-05  1.0849938532e-05 1.07288360596e-05 1.14637200498e-05 1.15644147794e-05
5.69172382605e-05  0.00029722975259 0.000816502096559  0.00109321884597 0.000993102863615  0.00123804543729  0.00162918168306  0.00150387061764  0.00118958197904 7.39021017351e-05  2.4357833702e-05 1.71145269278e-05 1.11543527712e-05 1.12602702748e-05 1.01837200068e-05 7.42528017154e-06 2.91667154542e-06  2.7189209315e-06 1.76142818889e-06  1.2241646289e-06 2.72740101738e-06 4.30114732414e-06 4.36034050238e-06 6.55585049966e-06 6.59433206841e-06 7.11310016106e-06 8.16213739806e-06 8.11938280095e-06  8.1122693418e-06
3.54379874996e-06 0.000285904714444  0.00080667333878  0.00107228966157 0.000950489605335  0.00118647518217   0.0015851392541  0.00148968961599  0.00117661822675 9.34435825304e-05  1.7777383608e-05 1.26462758483e-05 8.59635578007e-06 8.95107183876e-06  8.1825694003e-06 6.30634324303e-06 3.36795912128e-06  3.2714751959e-06 2.62366247777e-06 6.55651092529e-07 6.28680679492e-07 1.92824710799e-06 2.00856377217e-06 4.13235288205e-06 3.83142439842e-06 4.14993995168e-06 5.25400659348e-06 5.48492291943e-06 5.72640980894e-06
1.83285824693e-05 0.000262831192252 0.000788742788034   0.0010512560508 0.000931598933476   0.0011274113805  0.00154303578685  0.00148243836397  0.00116053085123 0.000861466390125 2.42609093189e-05 1.67373939237e-05 1.28405909404e-05 1.24997296198e-05  1.1494427737e-05  1.0039977351e-05 6.30812108349e-06 6.45013764041e-06 5.66440159343e-06  3.0491722971e-06 1.80051415765e-06 5.60925311587e-07 5.41591103237e-07 1.80814401056e-06 1.81794166565e-06  2.2938110119e-06  3.2236140449e-06 3.58523920185e-06 3.55088762011e-06
3.17988139269e-05 0.000276087838716 0.000828984695067  0.00106881115821 0.000916196703084  0.00101814826944  0.00140627548631  0.00142469498465  0.00113412089482 0.000872713444673 2.50949605608e-05 1.64598687908e-05 1.24755472522e-05 1.16532034781e-05 1.14121494204e-05 9.42461633623e-06 5.99174931908e-06  5.6400649062e-06 5.12688737903e-06 3.79239675538e-06 2.97202530001e-06 2.39204252143e-06 2.32458114624e-06 1.43678414941e-06 1.43245041593e-06 1.20772969234e-06  8.8608674689e-07 9.31054315079e-07 9.59361708332e-07
 2.2232093941e-05 0.000271470540665 0.000797824196313  0.00107164395348 0.000957378400291 0.000896988401722  0.00119934656099  0.00133503430932  0.00113790711494 0.000915570337514 1.69748136253e-05 1.15505820181e-05 1.16152998296e-05 1.23616067221e-05 1.15199372801e-05 1.10468972345e-05 9.27648449544e-06  9.5720795975e-06 8.91997250089e-06 6.83839922937e-06 5.74218909937e-06 4.77862838219e-06 4.77267700523e-06 3.29045847577e-06 3.23437590144e-06 3.04425289287e-06 2.50769321411e-06 2.28260304358e-06 2.26659348454e-06
1.85873068336e-05 0.000306491231907 0.000817532565869  0.00112117424278  0.00101527472482 0.000818234954557  0.00101015889151  0.00120926353587  0.00109898480618 0.000938887510507 1.95359760446e-05 1.49672057908e-05 1.23778699935e-05 1.16570137318e-05 1.12394767974e-05 1.00370133633e-05  8.0824343371e-06 8.02032766868e-06  7.6331189125e-06  6.7976902333e-06 6.33088946452e-06 5.78750435061e-06  5.7270107982e-06 4.77676937341e-06 4.77267700523e-06 4.59110555927e-06 4.11728009285e-06 3.99629030034e-06 4.05322541061e-06
4.91783603371e-06 0.000177683235907 0.000722154514777 0.000981046320559 0.000785442370886 0.000859417891727   0.0013418830714  0.00143035886579  0.00118672686824  0.00086159350198  3.6388297263e-05 2.54451322722e-05 1.81209393671e-05 1.91354873102e-05 1.78822688544e-05 1.55853609234e-05 1.08033418655e-05 1.06406916509e-05 9.80506597266e-06 8.22545447642e-06 7.27671167817e-06 6.85649369571e-06 6.97603554838e-06 6.08434684523e-06 6.14146617801e-06 5.90133017896e-06 5.60410464933e-06 5.54523444666e-06 5.66512674722e-06
1.94068883864e-05 0.000223176398186  0.00074701286578 0.000935062885005 0.000754876473717  0.00096576813134  0.00152776323444  0.00159558180085  0.00129424002164 0.000897143217849 2.20922497887e-05 2.16899696995e-05 1.50190103952e-05 1.45789110892e-05 1.43924236743e-05  1.3286656121e-05 1.13798930007e-05 1.15942621173e-05 1.11848080187e-05 9.15280704071e-06 8.43484701294e-06 7.87142468415e-06 7.81122224099e-06 7.27214834216e-06 7.27396486233e-06 7.27361380556e-06 6.91824823787e-06 6.85921346023e-06 6.85558686776e-06
 1.8923774525e-05 0.000249600004344 0.000700744752533 0.000890633963903 0.000811419955212 0.000953806206719  0.00151131620104  0.00162002829217   0.0013005476311 0.000899828694963  1.8455594967e-05 1.85885101319e-05 1.93312345492e-05  1.9190682467e-05 1.75328103633e-05  1.5824338627e-05 1.23110378164e-05 1.22289881691e-05 1.13703183311e-05 9.12652026785e-06  9.1523703552e-06 8.96580716377e-06 9.12652026785e-06 8.52722773876e-06 8.64452309384e-06 8.46574822697e-06 8.16931615597e-06  8.1097370871e-06 8.10624538536e-06
1.55491039721e-05 0.000221115945203 0.000750077314203 0.000968260321428 0.000820858107465 0.000867992918462  0.00143965340349  0.00161764808971  0.00129425944709 0.000897280701103 2.11084209445e-05 1.82111994998e-05 1.38716925654e-05 1.49104566192e-05 1.45860067914e-05 1.42941908179e-05   1.404923487e-05 1.42179255985e-05 1.43625242388e-05 1.42550539349e-05 1.29854023034e-05 1.21256362307e-05  1.2107998106e-05 1.10304933597e-05 1.10285607037e-05 1.08500510892e-05 1.03150913784e-05 1.03134229638e-05 1.01934834646e-05
2.47384580869e-05 0.000235496907616 0.000749919339044 0.000958743110831 0.000766789313872 0.000877215178852   0.0014767483563   0.0016052012296  0.00128113748749 0.000887112721124 0.000291731655865 2.48623475274e-05 2.22421981776e-05 1.99252764544e-05 1.94146748272e-05 1.82735145779e-05 1.68867700974e-05 1.67261999901e-05 1.63420362921e-05 1.55132753724e-05 1.51427254098e-05 1.45043420703e-05 1.43722684625e-05 1.28186021218e-05 1.26385742753e-05 1.25180485952e-05 1.19222699842e-05 1.17445352645e-05 1.18017290728e-05
4.30670075857e-05 0.000193741738867 0.000710170872094 0.000907057860695 0.000747813790185 0.000939234426931  0.00147854044778  0.00158146216606  0.00128933756302 0.000885614657507 0.000581493741297  3.0064394114e-05 2.49624339492e-05 2.53862087914e-05 2.50034602497e-05 2.40827706448e-05 2.17235268981e-05 2.15465483676e-05 2.09911034545e-05 1.90441270711e-05 1.80920471304e-05 1.71331993634e-05 1.71771095668e-05 1.56252371221e-05 1.56215987749e-05 1.53203649403e-05 1.45446325496e-05 1.44268176095e-05 1.44254323439e-05
2.22184022282e-05 0.000235190599982 0.000717374044546 0.000875737148693 0.000757847862837  0.00107370575078  0.00151814055198  0.00155270708182  0.00131361997586 0.000891887226472  0.00058046787833 3.11668896322e-05 2.74040092477e-05 2.69671333144e-05  2.5961060307e-05 2.41473305652e-05 2.05846746343e-05 2.04435514205e-05  2.0220260797e-05 1.86134113919e-05 1.82799049765e-05 1.78497314778e-05 1.78956928299e-05 1.71135992586e-05 1.71715760164e-05 1.69301915315e-05 1.66305036866e-05 1.65718064004e-05  1.6690531168e-05
 1.9795991688e-05 0.000196834314006  0.00066167977612 0.000823675319529 0.000735714975189  0.00106414026585  0.00150544873587  0.00155957636481  0.00132172054985 0.000891373257097 0.000580821762394 3.30067905445e-05 2.69780204456e-05 2.76576189505e-05 2.66484094535e-05 2.45190038335e-05 2.07972224273e-05 2.15423021472e-05   2.108549587e-05 1.88228269001e-05 1.82993600683e-05 1.77328138239e-05 1.74060935267e-05  1.6823826737e-05 1.66570189462e-05 1.66932382366e-05   1.704745593e-05 1.71074675926e-05  1.6929398037e-05
2.78842748039e-06 0.000176524233621 0.000711517451872 0.000900364438576 0.000761065991659  0.00104137605193  0.00148556071309  0.00157142010803  0.00133417861282 0.000893701587573 0.000582646267175 3.28936009382e-05 2.90881048262e-05 2.92117227188e-05 2.83320884161e-05 2.71925778472e-05 2.39841538042e-05 2.43317529053e-05  2.3847463813e-05 2.18299366899e-05 2.02391617494e-05 1.97611702962e-05 1.98848779908e-05 1.90937376639e-05 1.89673052198e-05 1.87812393723e-05 1.81268935812e-05 1.80608220909e-05 1.81810776937e-05
6.71180377789e-05 0.000352902505717 0.000739429395412 0.000906391126861 0.000844721378288  0.00105733250443  0.00146150678428  0.00159746034535  0.00137412727875 0.000910242068054 0.000595047292961 2.60027079926e-05 2.56295987223e-05 2.44398350723e-05 2.49703671627e-05 2.52582242594e-05 2.49753108057e-05 2.48451471551e-05 2.49706472694e-05 2.33599692064e-05 2.29086683742e-05 2.21655761993e-05 2.24595648151e-05  2.1014018835e-05  2.0766429534e-05 2.07437865583e-05 2.00874340617e-05 1.99085090254e-05 1.99086261342e-05
1.76815381544e-05 0.000199977509549 0.000670197078518 0.000828385431085 0.000758361358837 0.000962157684716   0.0013993610074  0.00159441027492  0.00137590923654 0.000901763139099 0.000591624905919 2.86482068808e-05 2.82653032025e-05 2.92210403232e-05 2.81118413257e-05 2.52568660161e-05  2.2631469391e-05 2.36396719545e-05 2.31376601849e-05 2.28883582161e-05 2.25770639967e-05 2.22723315176e-05 2.24117625545e-05 2.22461161731e-05 2.24809537782e-05 2.21771384367e-05 2.18771427374e-05 2.18160328195e-05 2.18758993741e-05
2.20307257095e-05 0.000303598499051 0.000783111440046 0.000983207650447 0.000840117195589 0.000943029053482  0.00134008936321  0.00160736446305  0.00140194954161 0.000905687968698 0.000600424470841 1.74770331874e-05 2.57478435728e-05 2.60703725486e-05 2.63416960255e-05 2.77517115388e-05 2.86769585471e-05 2.65955798084e-05  2.7034107008e-05  2.6822768971e-05 2.60475025556e-05 2.55727587966e-05 2.54012354839e-05 2.38586158271e-05 2.37836770493e-05 2.36092005984e-05 2.30697696706e-05 2.29490267432e-05 2.30085558008e-05
 1.0473469426e-05 0.000211570252134 0.000687763992108 0.000902078492022 0.000853083004808 0.000929898679991  0.00128451812869   0.0016367366336  0.00144190997337 0.000906387890183 0.000604115307221  8.4175892217e-05 2.81085796847e-05 2.78398518608e-05 2.77305124919e-05 2.54947154104e-05 2.33820871824e-05 2.43181700524e-05 2.39267180139e-05 2.46981116647e-05 2.45350096538e-05 2.44265668508e-05 2.45216480489e-05 2.46360542456e-05 2.49760220407e-05 2.49208411551e-05 2.46168084928e-05 2.39635876616e-05 2.36634240087e-05
7.91238734777e-06 0.000231874015795 0.000710956395812 0.000935916825108 0.000922457239066  0.00110799859035   0.0014179115758  0.00147995371789  0.00125946006256 0.000869306285756 0.000584650827814 0.000393314063099  3.4420435572e-05 3.37068646933e-05 3.51585059304e-05 3.51202287702e-05 3.25423791094e-05 3.16621589818e-05 3.05780686934e-05  2.7828017272e-05 2.64329337524e-05   2.546311541e-05 2.57070253351e-05 2.39652601012e-05 2.34286110235e-05 2.33487882429e-05 2.25441912862e-05 2.31269142118e-05 2.29302291138e-05
9.86432229089e-06 0.000249195021975 0.000732265740712 0.000914210526573 0.000909645908708  0.00115982107049  0.00144568064685   0.0014170931099  0.00121768804207 0.000884674002405 0.000607405024649 0.000391735543353 4.64010153536e-05 4.41420813134e-05 4.09733839898e-05 3.66003217908e-05 3.10512454996e-05 3.23194094762e-05 3.17793840617e-05 2.78538059832e-05 2.68557125861e-05 2.55357039072e-05 2.55122197233e-05  2.3982723405e-05 2.41896475445e-05 2.41232127537e-05 2.34350548357e-05  2.3897374605e-05 2.37558721677e-05
 2.6839132369e-05 0.000254416385867 0.000741130845827 0.000925133998742 0.000904136595319  0.00112324549122  0.00141041898616  0.00140273368298  0.00121912192176 0.000904178227192 0.000626583810644 0.000404099327684 3.60265739682e-05 3.38930539172e-05  3.2819285731e-05 3.52474581685e-05 3.48236662058e-05 3.33678492191e-05 3.30215279598e-05 3.19318672629e-05 3.07876922668e-05 2.95123808081e-05  2.9342032359e-05 2.62738362683e-05 2.64458334673e-05 2.55813143209e-05 2.42185314006e-05 2.41481259551e-05   2.460488111e-05
2.79868995833e-05 0.000278974476611 0.000735699263086 0.000917535349014 0.000868410131214   0.0010954060976  0.00140540670381  0.00138536393192   0.0012045706179 0.000912175978502 0.000647884769789 0.000416695266288 3.52343918698e-05 3.12034869678e-05 3.05527916337e-05 2.96575486926e-05 2.65120763143e-05 2.69466107503e-05 2.74253432764e-05 2.83514436389e-05 2.85324553593e-05 2.87093097523e-05 2.86192308611e-05 2.85331985474e-05 2.86302304143e-05 2.87236415833e-05 2.88147002466e-05 2.90502331859e-05  2.9078916436e-05
9.23747057106e-06 0.000159982668681 0.000703042710748  0.00092477301479 0.000904617151657  0.00109751132598  0.00134066245298  0.00135482808616  0.00120707294571 0.000913237559117 0.000626526761515 0.000397690552902    4.44379025e-05 3.66830907552e-05 3.62311553511e-05 3.12184732636e-05 3.00259100591e-05 2.93619166855e-05 2.90097863559e-05 2.84006125103e-05 2.79353814001e-05 2.80742661991e-05 2.80937160602e-05 2.75976947744e-05 2.73060190784e-05 2.73493105072e-05 2.58601914189e-05 2.58644713592e-05 2.67809355103e-05
2.84774620453e-05 0.000370083971168 0.000697551336442 0.000844043113642 0.000880913716787  0.00105182091742  0.00131039815355  0.00144932151029  0.00135767709888  0.00102890175497 0.000670403189444 0.000424397311455 4.28260317889e-05 2.86475356546e-05 2.89605744993e-05   3.217012653e-05  2.7335228818e-05 2.70110377673e-05 2.85973277655e-05 2.83892111354e-05 2.84436158042e-05 2.78619081262e-05 2.76714884342e-05 2.74602324554e-05 2.78122299867e-05 2.80406478465e-05 2.69281093413e-05 2.76092782471e-05 2.87257287095e-05
2.67158253923e-05 0.000220698659296  0.00072284596837 0.000919301063676 0.000719475232117  0.00088034423317  0.00125422503664   0.0014168656793  0.00132997521429  0.00102824001756 0.000671122383937 0.000421458532381 5.19386065454e-05 3.22727949111e-05 3.25294635564e-05 3.38920417216e-05 3.76135210031e-05 3.75672814017e-05 3.46323022626e-05 3.18643136307e-05 3.10198979721e-05 3.00627926527e-05 2.97367596679e-05 2.89433528294e-05 2.91240555702e-05  2.9093005134e-05  3.0050968991e-05 3.02996014094e-05  3.1094267738e-05
6.85224995739e-06 0.000228637686216  0.00065302987207 0.000795148656179 0.000794226940936 0.000955036216178  0.00124436265496  0.00141323654359  0.00134371377252  0.00104293017075 0.000684645003925 0.000422117847683 3.34416200635e-05   3.501837421e-05 3.42152726479e-05 3.51464190858e-05 3.53521373884e-05 3.43966057289e-05 3.44275778102e-05  3.3171688433e-05 3.22661033794e-05 3.26702819338e-05 3.26986892806e-05 3.12512558196e-05 3.09632217721e-05 3.05880771216e-05 2.97714050677e-05 2.96165517625e-05 3.04380355579e-05
6.86297679599e-06 0.000180782606854 0.000659282618248 0.000846793071938 0.000768287748541  0.00087312138228  0.00116073273128  0.00136892566744   0.0013265158924  0.00104574341775 0.000695393487153 0.000423634131993 0.000267403025907 3.61927357563e-05 3.51010887706e-05 3.41377147364e-05 3.00652004012e-05 2.91879820763e-05 2.91812563613e-05 2.82914193603e-05 2.72604964173e-05 2.77561238024e-05 2.76041105274e-05 2.77530876963e-05 2.82876989367e-05 2.77135479886e-05 2.87214035517e-05 2.84820406821e-05 3.03299254021e-05
 1.9302513465e-05 0.000174448723702 0.000618777000784 0.000782828131421 0.000746168357085   0.0008578797687  0.00114056806612  0.00135906909276  0.00133147271327  0.00106710080963 0.000710343877051 0.000436193940144  0.00029168414986 3.09203270409e-05 2.99735514714e-05 3.11532786406e-05  3.1896383681e-05 3.22198805168e-05 3.17029199638e-05 3.17578845789e-05 3.16411307317e-05 3.22431930553e-05 3.26720217996e-05 3.17024191798e-05 3.18217917025e-05  3.1907589623e-05 3.23458322219e-05 3.26106354959e-05  3.4259610305e-05
1.98504758906e-05 0.000199605031999 0.000648700753781 0.000822115059341 0.000777106248776 0.000848693999053  0.00109548701835  0.00132452413289  0.00131836812489  0.00107570576626 0.000730053375945 0.000442578593378 0.000291895033652 3.25485197081e-05 3.16234554934e-05 3.23868331469e-05 3.20534056707e-05 3.16137924109e-05 3.24873201241e-05 3.34119291098e-05 3.33201293249e-05 3.29925573216e-05 3.31183595811e-05  3.2180160762e-05  3.2174588492e-05 3.14947842329e-05 3.06745678438e-05 2.95158302587e-05 3.01326092517e-05
3.45208628889e-06 0.000174653577759  0.00061062230083 0.000746248013942 0.000654771276363 0.000679848525326 0.000945881485826  0.00127629399518  0.00133036829008  0.00111722948049    0.000715457998 0.000485880155969 0.000289281668991 5.12706320354e-05 3.82671248617e-05 3.35409250586e-05 3.20939637896e-05 3.15545801624e-05 3.06620314385e-05 2.90291639621e-05 2.81084407663e-05 2.87199926131e-05 2.90939667796e-05 2.78929995996e-05 2.84424721314e-05 2.78072277464e-05 2.74575639317e-05 2.70768491211e-05 2.85846532555e-05
1.95894374786e-06 0.000165210414152 0.000564617549412 0.000636640713953 0.000542041733865 0.000652343075933  0.00100542443465  0.00137874868305  0.00142829943636  0.00120598598527 0.000683022768595 0.000509789616851 0.000307334706837 6.98596981417e-05 3.65552910163e-05 3.26565908504e-05   3.188031264e-05 3.16277488592e-05 3.15306775112e-05 3.15207605668e-05 3.18575674652e-05 3.17947623632e-05 3.26782193186e-05 3.09963781625e-05 3.16519885952e-05 3.06028822823e-05 2.94048657958e-05 2.89069046672e-05 3.06055522547e-05
 1.5941974038e-05 0.000155225993182  0.00055126285539 0.000628158990324 0.000553301154895 0.000690919138194  0.00106512744385  0.00143877396038  0.00149009664502  0.00125148654522   0.0006668915118 0.000500125176335 0.000282864021271 6.40098279513e-05 5.29853443711e-05 4.71443539775e-05 3.74437598892e-05 4.04360519608e-05   3.877646637e-05 3.58729509752e-05 3.48235673737e-05 3.33733320335e-05 3.33948952422e-05 3.18948382049e-05 3.12076602345e-05 3.09873686687e-05 3.13702393849e-05 3.12009998207e-05 3.26558157117e-05
 1.3190725629e-05 0.000175947291835 0.000588789839702 0.000680239883455 0.000622029749963 0.000787331813116  0.00118625493176  0.00155452013229  0.00160673341492  0.00135191518503 0.000715784262299  0.00050606760763 0.000302478016666 6.79441410291e-05 5.02164974901e-05 5.01312092616e-05 4.86582970308e-05 4.67300795171e-05 4.61732623492e-05 4.06535357488e-05 3.83507054904e-05 3.56645028304e-05 3.46046448809e-05  3.3348389267e-05  3.2945442971e-05 3.29254332664e-05 3.29607218494e-05 3.15324098391e-05 3.27354093504e-05
1.20550343034e-05 0.000198266360333  0.00059987204237 0.000727614328012 0.000728614775804 0.000879781856835  0.00123328119845  0.00155616044546  0.00158473665916  0.00129919216244 0.000702506916114 0.000549561385991 0.000312700858022 3.41875930973e-05 3.17121106561e-05  3.8132618857e-05 4.15918503485e-05 4.06480625798e-05 4.07969547087e-05 4.08616603544e-05 4.01445579337e-05 4.04575746916e-05 4.07268363268e-05 3.85491657679e-05 3.98573389452e-05 3.86345501497e-05 3.80050106849e-05 3.75113226366e-05 3.79575018434e-05
6.87376279612e-06 0.000171996097673 0.000604005325213 0.000769964645868 0.000775737489857 0.000913615639045  0.00126706772467    0.001574127955  0.00158280702591  0.00126334971318 0.000694388522312 0.000552810568359 0.000328461456055 8.46557867961e-05 3.02196130268e-05 2.99747700656e-05 3.09454032921e-05 3.08814225753e-05 3.24268989103e-05 3.58333611513e-05 3.73816173883e-05 3.91949375903e-05 3.90183882652e-05 4.13360494494e-05  4.1224713505e-05 4.01584745999e-05 4.01708885203e-05 3.94309644144e-05 3.92910364313e-05
5.16989579625e-06 0.000218668935067 0.000647008588926 0.000814530837993 0.000841490932339  0.00096220496475  0.00129938863481  0.00156657061257  0.00153331146107  0.00119450347521 0.000706905895036 0.000588707159934 0.000334909003931 0.000231201747948 2.12255045645e-05 2.30722383295e-05 2.80875030566e-05 2.52582594233e-05 2.64021665437e-05 2.97423743274e-05 3.24529228286e-05 3.36111042438e-05  3.2880863258e-05 3.50100173982e-05  3.4819779661e-05 3.59786986425e-05 3.67133435377e-05 3.62685937324e-05 3.79306914184e-05
7.90304664199e-06 0.000190137260883 0.000633003872686 0.000820150107719 0.000841672247188 0.000963268914792  0.00118054976009  0.00138681831314  0.00144343812289  0.00125412985564 0.000795391071983  0.00050967584684  0.00036865118824 0.000193111488285 4.73419681832e-05 3.96025798061e-05  3.6064664481e-05 3.72385981036e-05 3.54548103977e-05 3.19767253606e-05 3.11263678797e-05 3.07461765418e-05 2.87242600069e-05 2.98700791748e-05 3.00725517037e-05 3.03481345201e-05 3.34642394144e-05 3.36441458636e-05 3.45686160945e-05
1.10286457422e-05 0.000230383310681 0.000613622863656 0.000742450021899 0.000736826274438 0.000841903431963  0.00109087281291  0.00135684956349  0.00145955283218  0.00129936175551 0.000855003529854 0.000568574342403 0.000424145282641 0.000209163509133 4.30628745209e-05 4.22909472299e-05 3.90360142841e-05 3.93538538679e-05 3.83297984545e-05 3.70892985307e-05 3.58120757434e-05 3.36728922076e-05 3.52339618586e-05 3.10880937183e-05 3.04802769598e-05 3.10096887922e-05 3.12799793656e-05 3.17718790682e-05 3.29363531414e-05
1.23449761156e-05 0.000211084405805 0.000585815672607  0.00071268219615 0.000710119721312  0.00081002678562   0.0010521007668  0.00133643855067  0.00145833525108  0.00131159615391 0.000871798475706 0.000535451058227 0.000417195227034 0.000216809265405 5.57060924381e-05 4.92802037468e-05 4.27099124271e-05 4.21122422776e-05 4.11594349237e-05 3.75830918446e-05 3.51217682441e-05 3.40276882377e-05  3.4396011825e-05 3.46447895908e-05 3.60681121503e-05 3.69695647013e-05 3.64946474092e-05 3.59543528687e-05 3.53248047392e-05
1.35328198985e-05  0.00019755276497 0.000611102573485 0.000768414870744 0.000745427329857 0.000831442642914   0.0010478499563  0.00131450774005  0.00143823236341  0.00129392683693 0.000849678961622 0.000558894377187 0.000455872807953 0.000216935429942 3.44583489484e-05 3.79100916006e-05  3.7629760479e-05 3.67235512485e-05 3.66980841282e-05 3.66827033622e-05 3.64737692251e-05 3.54982597832e-05  3.5936191617e-05 3.50699897134e-05 3.28100695883e-05 3.48596606964e-05 3.54920510691e-05 3.42266795234e-05 3.38973873455e-05
2.29218175726e-05 0.000228474171634 0.000582073535454 0.000720083839644 0.000762228271977 0.000856404129673  0.00105668130891  0.00131640808764  0.00145269178289  0.00132196156393 0.000883748572836 0.000545427922565 0.000451092492632 0.000232335282057 3.46169568803e-05 3.26061650655e-05 3.06679980019e-05 2.94255339582e-05 2.97666910375e-05 2.92999877076e-05 2.97050266222e-05 3.01249188087e-05  3.2981477647e-05 3.38410587063e-05 3.08122145352e-05 3.12802065205e-05 3.18325077269e-05 3.30123413732e-05 3.31853142087e-05
5.16183329257e-06 0.000228982955877 0.000592923310146 0.000745689149345 0.000808878871883  0.00091739774348  0.00110412058701  0.00134403146418  0.00147528740343  0.00134320343115 0.000891237961575  0.00053263029203 0.000440996324324 0.000233080057523 1.96902322623e-05 2.58901744522e-05 2.82382508956e-05 2.99356725655e-05 2.97035465385e-05 3.39634469302e-05 3.71810966097e-05 3.73104128387e-05 3.52446956892e-05 3.50042485862e-05  3.4763371142e-05 3.48863903317e-05 3.46335428634e-05 3.46558885083e-05 3.49537189577e-05
3.04860983591e-05 0.000227325303627 0.000596770146001 0.000781944187284 0.000864501749112 0.000982536735276  0.00115745340333   0.0013862367522   0.0015273198588  0.00141125968735 0.000966068965396 0.000539135262625 0.000457108427761 0.000261577307348 4.59828224625e-05 2.47670013245e-05 2.49353780294e-05 2.53366762243e-05 2.89024299234e-05 3.20067646426e-05 3.23474522517e-05 3.31927370988e-05 3.34448455059e-05 3.58250722551e-05 3.45837428689e-05 3.48654693534e-05 3.41546869443e-05 3.41914084301e-05  3.3898648292e-05
2.13008701636e-05 0.000242393845649 0.000607403456136 0.000809228370177 0.000914627787845  0.00104307688609  0.00119190851665  0.00137054380014  0.00149402185843  0.00137711358211 0.000932133617187 0.000538238934131 0.000462322703665 0.000258886442337 0.000182769918394 1.84753361107e-05 2.38698230961e-05 2.25749198728e-05 2.22254403349e-05 2.42310521658e-05 2.66692863798e-05  3.0893816049e-05 3.07876922668e-05  3.6716509562e-05 3.99924764107e-05 3.63230559771e-05 3.62155486904e-05 3.55062153588e-05 3.53584680077e-05
2.17372267416e-05 0.000239548588094 0.000600090404478 0.000806110378274  0.00091340443889  0.00100726344053  0.00106097874591   0.0011746911667  0.00132312847522  0.00126572407858 0.000896800774761 0.000573006894476 0.000463636577927 0.000279077814192 0.000204220442111 5.73586283153e-06 9.52641152861e-06 9.02577491595e-06 1.12264699696e-05 1.94018669404e-05 2.38137946147e-05 2.43157183062e-05 2.35502893995e-05  2.6261346699e-05 2.66658059454e-05 2.68738465842e-05 2.82981525538e-05 2.92295155465e-05 2.91392692928e-05
2.20208841292e-05 0.000243769725105  0.00057295059394  0.00077724643457 0.000880199145324   0.0009726342767  0.00102056036244  0.00113856365106  0.00130244898376  0.00126125604622 0.000904543973212 0.000567602148197 0.000462997952615 0.000281391810305 0.000199743536616 6.95468341024e-06 7.55694580467e-06 6.81665830033e-06 9.23948900037e-06 1.41431174825e-05   1.636158356e-05 1.87092193841e-05 1.84299414643e-05  2.2155180561e-05 2.28683116028e-05 2.36695412288e-05 2.44685052679e-05 2.43972057447e-05 2.39822049221e-05
1.24649269758e-05 0.000246155961882 0.000626941629663 0.000860655720417 0.000989553588438  0.00109999527918  0.00113528421356  0.00118494608015  0.00129247626526  0.00122172800674 0.000837392918099 0.000526306586891 0.000470232624597 0.000263159143362 0.000186655574145 7.39549298564e-06 9.97559012341e-06 1.02081655215e-05 1.08838983097e-05 1.35328880684e-05 1.48505902469e-05 1.66986909487e-05 1.61048466048e-05 1.85397274983e-05 1.84611435618e-05 1.88939202697e-05 1.94659361711e-05 1.98811871182e-05 1.98962589866e-05
1.06273079439e-05 0.000253993575334 0.000618683443701 0.000878961289989  0.00105772109463  0.00121943640651  0.00126694787494  0.00125739640357  0.00130963100479  0.00121460514092 0.000814276590771 0.000511427302154 0.000447981680693 0.000269753922512 0.000191863909818 3.72613167625e-06 7.83795412598e-06 7.21985479589e-06 7.96196247967e-06  1.0868004369e-05 1.30236489821e-05 1.42949597256e-05 1.39506705229e-05  1.6698405058e-05 1.71118281141e-05  1.7321233093e-05 1.78362915844e-05 1.79926322902e-05 1.81944581639e-05
1.47238816957e-05 0.000225792922666 0.000608049333621 0.000880376452031  0.00107846974073  0.00125182474664  0.00125864219271  0.00117370740607   0.0012321136452  0.00119738411985 0.000890343745125  0.00054590547371 0.000440916528929 0.000252581526459 0.000146970960298 2.95108629759e-05 1.71679549484e-05 1.63389109078e-05 1.58818698336e-05 1.19130659994e-05 1.12929666959e-05 1.26700272147e-05 1.25868865806e-05 1.29593506474e-05 1.35575674728e-05 1.38709322106e-05 1.42131224892e-05 1.43760376504e-05 1.44976888548e-05
1.33916903943e-05 0.000249718663862 0.000572138165306 0.000779277497017 0.000882727229151  0.00096527924785 0.000878666511604 0.000844382494035  0.00109062422127  0.00121429973427  0.00100322158939 0.000681408829833 0.000463687074027 0.000310169630705 0.000130217644915 5.79399184203e-05 3.85855518672e-05 3.89607551263e-05 3.62100669868e-05 2.92623144073e-05 2.68516650664e-05 2.24266832411e-05 2.19421407457e-05 1.81385819196e-05 1.84274051781e-05 1.79644051068e-05 1.67548698872e-05 1.69469708055e-05 1.65903401664e-05
 6.8256710368e-06 0.000204923392265 0.000517100678871 0.000720771652618 0.000831374507255 0.000913863094813 0.000823149797839 0.000792400453131  0.00106039807786  0.00120308241111  0.00102363852821 0.000703767587315 0.000481683876329 0.000324679182063 0.000143807072357 3.69912264854e-05 4.46687095514e-05 4.23369577533e-05 4.19600215544e-05 3.60035490937e-05 3.34666578867e-05 3.02944821585e-05 3.01960073294e-05 2.57658442471e-05 2.60864989944e-05  2.4895341064e-05 2.15774782702e-05  2.1213397957e-05 2.09282392682e-05
9.97006284393e-06 0.000207862971817 0.000518019887068 0.000684585995401 0.000716014007569 0.000747492066099   0.0006018964025 0.000615522821955  0.00105201205733   0.0012941405911  0.00117516670992 0.000885225592387 0.000520524094818 0.000374664158631 0.000147297839806  7.1966846396e-05 4.01984983679e-05 4.43325949013e-05 3.99031979742e-05  3.5335416716e-05 3.34122181951e-05  3.1646337358e-05 3.06959291071e-05 2.68642810619e-05 2.77034067801e-05 2.78379216545e-05 2.55125286943e-05   2.620480518e-05  2.5790810812e-05
 1.1069795448e-05 0.000200759916462 0.000469256686207 0.000509144883154  0.00035433333763 0.000251578799857 0.000254008269665 0.000564914347299  0.00107008299103  0.00132496144231  0.00115723086116 0.000744935784597 0.000598081974264 0.000473265039131 0.000173106803328 0.000115793905699 3.54164608394e-05 3.42097073339e-05  3.3222265035e-05 3.19497193725e-05 3.37948776134e-05 3.30055304853e-05   3.280316932e-05 3.20012593205e-05 3.32775225975e-05 3.24576161373e-05 2.92998247733e-05 2.92136077594e-05  2.8964438477e-05
1.31561778306e-05 0.000192282287347 0.000455289429439 0.000449883810256 0.000333761232872 0.000360119567177 0.000492814008432  0.00073582719302  0.00112339782391  0.00138487434441  0.00121900074144 0.000694428281202 0.000719089465739 0.000610585410477 0.000196365239508 0.000127030406886 2.88400206829e-05  2.8640144232e-05 2.99823805284e-05 3.11216735842e-05 2.95340413402e-05 3.13049955378e-05 3.09952785356e-05 3.20102227633e-05 3.24696849496e-05  3.4476923919e-05 3.38077399359e-05 3.36805933116e-05 3.39479194878e-05
1.83912869869e-05 0.000155387549753 0.000399146782556 0.000425125355003 0.000343616632837 0.000306852641921 0.000394733852137 0.000670711271248  0.00112722052567  0.00141054004685  0.00121881851093 0.000673527490853 0.000692540390469 0.000595755473937 0.000219792126512 0.000147284024059 2.69293238385e-05  2.4130846764e-05 2.53395637194e-05 2.91511809092e-05 3.07610932875e-05 2.99890487425e-05 2.92406538215e-05 2.90976337154e-05 2.96825894583e-05 3.08409545979e-05 3.00658023082e-05 2.96889211402e-05 3.00627446435e-05
1.43410570816e-05  0.00025054406863  0.00050189051292 0.000524740807588 0.000378781718862 0.000287494856207 0.000384864211493  0.00070594566526  0.00115833342211  0.00143243300956  0.00125800030382 0.000739605347287 0.000548713029378 0.000522457281756 0.000285424903483  0.00021076044431 6.87648177788e-05 3.85749620993e-05 2.50272665651e-05 2.57443252601e-05 2.68417731557e-05 2.65826859366e-05 2.63451223524e-05 2.62675309403e-05 2.65156648554e-05 2.78402985011e-05 2.59369639135e-05 2.67166642023e-05 2.65263606001e-05
5.05181565444e-06 0.000182760486702 0.000469065720259 0.000558153842445 0.000427673096509 0.000317869306074 0.000373185380905 0.000694378860266  0.00113447483233  0.00140705592069  0.00126597916703 0.000757683916619 0.000553012433706 0.000556635559303 0.000255300289733 0.000167155692644 1.32901081461e-05 9.80206492216e-06 9.91151271673e-06 1.74409800777e-05 1.95383716458e-05  2.1089286574e-05  2.1360101206e-05 2.39645698286e-05 2.34000426441e-05 2.53972140809e-05 2.49275049415e-05 2.52231590636e-05 2.55014948053e-05
 9.8547136815e-06 0.000158824653086 0.000424121178799 0.000530004951758 0.000494568952145 0.000400348097912 0.000387889007769 0.000647129245356  0.00113956005519  0.00144764037243  0.00131077265211 0.000757194098333 0.000503403427996 0.000540528711928 0.000321632683434 0.000223890751108 3.91945436522e-05  1.9307857221e-05 1.01081837769e-05 1.02229025134e-05 1.29527438333e-05 1.54992993942e-05 1.50664298969e-05 1.88384626444e-05 1.77653841042e-05 2.10936081982e-05 2.30854914269e-05 2.39180301742e-05 2.43711987675e-05
1.48092857314e-05 0.000192526705837 0.000438462958863 0.000561302327075 0.000553730251603 0.000498263928222 0.000508521505644 0.000734659576034  0.00125714411171  0.00160769470573  0.00149282783695 0.000905949737715 0.000496018935736 0.000709226474581 0.000542789806426 0.000276038585887 7.62264385221e-05 4.13570577532e-05 3.06268420293e-05 2.49326530111e-05 2.34289901203e-05  2.2209049772e-05 2.16448227349e-05 2.07747840255e-05  2.2357785878e-05 2.02239501748e-05 2.01469485581e-05 2.02099796932e-05 2.04529931856e-05
1.31379508099e-05 0.000216805797314 0.000548207027195 0.000718314371132 0.000670445016485 0.000642301177246 0.000682594501756  0.00086062109999  0.00136586915005   0.0017307692728   0.0016019004062 0.000968442375717 0.000505819255938 0.000739257728481 0.000567345187673 0.000303379250027 7.71795954217e-05 4.35089312665e-05 2.60813913789e-05 2.49433153971e-05 2.59692356751e-05 2.57223264434e-05 2.55714042351e-05 2.54343572426e-05 2.51515048466e-05 2.50350905412e-05 2.11575972627e-05  2.1609052372e-05 2.21134236236e-05
1.18718404748e-05 0.000230343306026 0.000528295709138 0.000735335524051 0.000825041265846  0.00086153047787 0.000950136354334  0.00109714095216  0.00153886054819  0.00187770563954  0.00171691869997  0.00102472433171 0.000461104620135 0.000731994170189 0.000561813540916 0.000316183928721 0.000123642624244 3.86497699059e-05  2.8200005639e-05 2.31381400137e-05 2.40485722086e-05 2.42331963624e-05 2.38422723451e-05 2.33242540799e-05 2.31752486186e-05 2.28987555439e-05 2.26862239092e-05 2.17565985796e-05 2.22782875135e-05
1.24685365449e-05   0.0002004872891 0.000519316976604 0.000774653291583  0.00090467291163  0.00100558664025  0.00115362543757  0.00130297248608  0.00170838310531  0.00202851701974  0.00185071043256   0.0011089784266 0.000457080112402 0.000777206677032 0.000650742315342 0.000260254925407 8.55020009281e-05 5.22716897415e-05 4.76923972847e-05 3.89324198662e-05 3.46355719673e-05 3.13599495439e-05 3.06157366409e-05 2.57009092528e-05 2.58323566711e-05  2.5074381905e-05 2.32449899736e-05 2.22072350729e-05 2.29106455796e-05
1.80460398847e-05 0.000138865629436 0.000507072099044 0.000806382536697 0.000931982273802  0.00105144681109  0.00122424175228  0.00140848918161  0.00187012899856  0.00226169898603  0.00217011311033  0.00140939300969 0.000590897121521 0.000816142164525 0.000783025626487 0.000169941880536  4.6116944364e-05 7.86649288327e-05 7.39570735894e-05  5.6316677097e-05 5.32622554136e-05 4.85981149238e-05 4.81868648747e-05  4.0358883876e-05 4.08184884158e-05 3.91073700893e-05 3.54858569119e-05  3.2273648246e-05 3.04165990303e-05
9.83916090076e-06 0.000238866800984 0.000581738214875 0.000873468856997  0.00103815754316  0.00119216710361  0.00142920251458   0.0016848725703  0.00214932680972  0.00250877295204  0.00233864864279   0.0015596102579  0.00061408324788 0.000886992306032 0.000827548249549 0.000161320454179   5.282593643e-05 7.64270489335e-05 7.59231578988e-05 7.13893358437e-05 6.21278072048e-05 5.53582630743e-05 5.54032788037e-05  4.4610624926e-05 4.48108020695e-05 4.36224794102e-05 4.00944810731e-05 4.11965556007e-05 4.23629739568e-05
5.04596817206e-06 0.000199728465399 0.000558497726809 0.000910932497793   0.0011446134792  0.00136016757671  0.00163788110575  0.00186849434012  0.00220221408585  0.00242865888519  0.00216413138074  0.00144667810244 0.000475167115059  0.00102152541757 0.000996239574229 0.000282875971208 0.000117043916792  6.9133520881e-05 6.48025716522e-05 6.24454028395e-05 5.92160915496e-05 5.63770797279e-05 5.58489478352e-05 4.99611935962e-05 4.95986241566e-05 4.99933847017e-05 4.82417033148e-05 4.97148921734e-05 5.14854505487e-05
7.17574846308e-06 0.000187515905625 0.000633818349952  0.00105364233386  0.00127357736464  0.00150576576403  0.00182839293959  0.00208988094231  0.00237586998675  0.00253512820964  0.00222222050509  0.00144511163135 0.000367516576779  0.00106873800764  0.00104340747596 0.000274731866209 0.000135573130986 6.59993103603e-05 6.29041113567e-05 6.45685936414e-05 6.35793574142e-05 6.20074828678e-05 6.09854048028e-05  5.8533733795e-05 6.02539282697e-05  5.9549552073e-05 5.84132532186e-05 5.77962624246e-05 5.86060680656e-05
1.22593441821e-05 0.000200856755302 0.000612851543555  0.00103676929751  0.00137747202098  0.00171652913115  0.00213150017903  0.00244024297038  0.00265444432276  0.00269410362493  0.00227262921869  0.00143911383752 0.000306273644851  0.00104938505827  0.00104510633405 0.000333921975156 0.000192542784965 8.62457280657e-05 3.06567733369e-05 3.31074159027e-05 3.91906800102e-05 4.16277746699e-05 4.24072701171e-05 5.14914880645e-05 5.24402519204e-05 5.47077133567e-05    5.39504541e-05 5.43232821609e-05 5.61736700747e-05
1.22633493358e-05  0.00016703211539 0.000626368679095  0.00113948565266  0.00153287374917  0.00192587575185  0.00240173796085  0.00277125942437  0.00295292168573  0.00290016819388  0.00240221642973  0.00150858613519 0.000320954853452 0.000958479488931  0.00094486886129 0.000397071233663 0.000260514187797 9.15489309125e-05 2.79081678943e-05 2.14165562277e-05 2.79771632811e-05 3.50439101868e-05 3.07263858849e-05 4.25781640316e-05 4.45679980777e-05 4.72753987347e-05 5.17028293635e-05 5.19897734295e-05 5.41714761305e-05
