             0              0 0.707106781187              0              1              1              0              1              1              0              1              1              0              1              1              0              1              1              0              1              1              0              1              1              0              1              1              0              1
             0              0 0.707106781187              0              1              1              0              1              1              0              1              1              0              1              1              0              1              1              0              1              1              0              1              1              0              1              1              0              1
             0 0.428253915609 0.707106781187              0              1              1              0              1              1              0              1              1              0              1              1              0              1              1              0              1              1              0              1              1              0              1              1              0              1
             0 0.117220217521 0.707106781187              0              1              1              0              1              1              0              1              1              0              1              1              0              1              1              0              1              1              0              1              1              0              1              1              0              1
             0 0.117220217521 0.707106781187              0              1              1              0              1              1              0              1              1              0              1              1              0              1              1              0              1              1              0              1              1              0              1              1              0              1
             0 0.117220217521 0.707106781187              0              1              1              0              1              1              0              1              1              0              1              1              0              1              1              0              1              1              0              1              1              0              1              1              0              1
             0 0.117220217521 0.707106781187              0              1              1              0              1              1              0              1              1              0              1              1              0              1              1              0              1              1              0              1              1              0              1              1              0              1
             0 0.117220217521 0.707106781187              0              1              1              0              1              1              0              1              1              0              1              1              0              1              1              0              1              1              0              1              1              0              1              1              0              1
             0 0.117220217521 0.136773650639              0              1              1              0              1              1              0              1              1              0              1              1              0              1              1              0              1              1              0              1              1              0              1              1              0              1
             0 0.117220217521 0.136773650639              0              1              1              0              1              1              0              1              1              0              1              1              0              1              1              0              1              1              0              1              1              0              1              1              0              1
                0    0.117220217521    0.136773650639 2.57675691407e-16    0.990602326108                 1                 0                 1                 1                 0                 1                 1                 0                 1                 1                 0                 1                 1                 0                 1                 1                 0                 1                 1                 0                 1                 1                 0                 1
                0                 0    0.136773650639 2.69194550612e-16    0.990602326108                 1                 0                 1                 1                 0                 1                 1                 0                 1                 1                 0                 1                 1                 0                 1                 1                 0                 1                 1                 0                 1                 1                 0                 1
                0                 0    0.136773650639 2.77440043907e-16    0.990602326108                 1                 0                 1                 1                 0                 1                 1                 0                 1                 1                 0                 1                 1                 0                 1                 1                 0                 1                 1                 0                 1                 1                 0                 1
                0                 0    0.136773650639 2.86543004524e-16    0.990602326108                 1                 0                 1                 1                 0                 1                 1                 0                 1                 1                 0                 1                 1                 0                 1                 1                 0                 1                 1                 0                 1                 1                 0                 1
                0                 0    0.136773650639 2.90306577488e-16    0.990602326108                 1                 0                 1                 1                 0                 1                 1                 0                 1                 1                 0                 1                 1                 0                 1                 1                 0                 1                 1                 0                 1                 1                 0                 1
             0              0 0.136773650639              0 0.990602326108              1              0              1              1              0              1              1              0              1              1              0              1              1              0              1              1              0              1              1              0              1              1              0              1
             0              0              0              0 0.990602326108              1              0              1              1              0              1              1              0              1              1              0              1              1              0              1              1              0              1              1              0              1              1              0              1
             0              0              0              0 0.990602326108 0.990602326108              0              1              1              0              1              1              0              1              1              0              1              1              0              1              1              0              1              1              0              1              1              0              1
             0              0              0              0 0.707106781187 0.990602326108              0              1              1              0              1              1              0              1              1              0              1              1              0              1              1              0              1              1              0              1              1              0              1
             0              0              0              0 0.707106781187 0.990602326108              0              1              1              0              1              1              0              1              1              0              1              1              0              1              1              0              1              1              0              1              1              0              1
             0              0              0              0 0.707106781187 0.990602326108              0              1              1              0              1              1              0              1              1              0              1              1              0              1              1              0              1              1              0              1              1              0              1
             0              0              0              0 0.707106781187 0.990602326108              0              1              1              0              1              1              0              1              1              0              1              1              0              1              1              0              1              1              0              1              1              0              1
             0              0              0              0 0.136773650639 0.990602326108              0              1              1              0              1              1              0              1              1              0              1              1              0              1              1              0              1              1              0              1              1              0              1
             0              0              0              0 0.136773650639 0.990602326108              0              1              1              0              1              1              0              1              1              0              1              1              0              1              1              0              1              1              0              1              1              0              1
             0              0              0              0 0.136773650639 0.707106781187              0              1              1              0              1              1              0              1              1              0              1              1              0              1              1              0              1              1              0              1              1              0              1
             0              0              0              0 0.136773650639 0.707106781187              0              1              1              0              1              1              0              1              1              0              1              1              0              1              1              0              1              1              0              1              1              0              1
             0              0              0              0 0.136773650639 0.707106781187              0              1              1              0              1              1              0              1              1              0              1              1              0              1              1              0              1              1              0              1              1              0              1
             0              0              0              0 0.136773650639 0.707106781187              0              1              1              0              1              1              0              1              1              0              1              1              0              1              1              0              1              1              0              1              1              0              1
             0              0              0              0              0 0.136773650639              0              1              1              0              1              1              0              1              1              0              1              1              0              1              1              0              1              1              0              1              1              0              1
             0              0              0              0              0 0.136773650639              0              1              1              0              1              1              0              1              1              0              1              1              0              1              1              0              1              1              0              1              1              0              1
             0              0              0              0              0 0.136773650639              0 0.990602326108              1              0              1              1              0              1              1              0              1              1              0              1              1              0              1              1              0              1              1              0              1
                0                 0                 0                 0                 0    0.136773650639 1.07748733502e-16    0.990602326108                 1                 0                 1                 1                 0                 1                 1                 0                 1                 1                 0                 1                 1                 0                 1                 1                 0                 1                 1                 0                 1
                0                 0                 0                 0                 0    0.136773650639 2.16653493064e-16    0.990602326108                 1                 0                 1                 1                 0                 1                 1                 0                 1                 1                 0                 1                 1                 0                 1                 1                 0                 1                 1                 0                 1
                0                 0                 0                 0                 0    0.136773650639 1.67094172773e-16    0.990602326108                 1                 0                 1                 1                 0                 1                 1                 0                 1                 1                 0                 1                 1                 0                 1                 1                 0                 1                 1                 0                 1
             0              0              0              0              0              0              0 0.990602326108              1              0              1              1              0              1              1              0              1              1              0              1              1              0              1              1              0              1              1              0              1
             0              0              0              0              0              0              0 0.990602326108              1              0              1              1              0              1              1              0              1              1              0              1              1              0              1              1              0              1              1              0              1
             0              0              0              0              0              0              0 0.990602326108 0.990602326108              0              1              1              0              1              1              0              1              1              0              1              1              0              1              1              0              1              1              0              1
             0              0              0              0              0              0              0 0.707106781187 0.990602326108              0              1              1              0              1              1              0              1              1              0              1              1              0              1              1              0              1              1              0              1
             0              0              0              0              0              0              0 0.707106781187 0.990602326108              0              1              1              0              1              1              0              1              1              0              1              1              0              1              1              0              1              1              0              1
             0              0              0              0              0              0              0 0.707106781187 0.990602326108              0              1              1              0              1              1              0              1              1              0              1              1              0              1              1              0              1              1              0              1
             0              0              0              0              0              0              0 0.136773650639 0.990602326108              0              1              1              0              1              1              0              1              1              0              1              1              0              1              1              0              1              1              0              1
             0              0              0              0              0              0              0 0.136773650639 0.990602326108              0              1              1              0              1              1              0              1              1              0              1              1              0              1              1              0              1              1              0              1
             0              0              0              0              0              0              0 0.136773650639 0.990602326108              0              1              1              0              1              1              0              1              1              0              1              1              0              1              1              0              1              1              0              1
             0              0              0              0              0              0              0 0.136773650639 0.707106781187              0              1              1              0              1              1              0              1              1              0              1              1              0              1              1              0              1              1              0              1
             0              0              0              0              0              0              0 0.136773650639 0.707106781187              0              1              1              0              1              1              0              1              1              0              1              1              0              1              1              0              1              1              0              1
             0              0              0              0              0              0              0 0.136773650639 0.707106781187              0              1              1              0              1              1              0              1              1              0              1              1              0              1              1              0              1              1              0              1
             0              0              0              0              0              0              0 0.136773650639 0.707106781187              0              1              1              0              1              1              0              1              1              0              1              1              0              1              1              0              1              1              0              1
             0              0              0              0              0              0              0              0 0.136773650639              0              1              1              0              1              1              0              1              1              0              1              1              0              1              1              0              1              1              0              1
             0              0              0              0              0              0              0              0 0.136773650639              0 0.990602326108              1              0              1              1              0              1              1              0              1              1              0              1              1              0              1              1              0              1
                0                 0                 0                 0                 0                 0                 0                 0    0.136773650639 1.05548108743e-16    0.990602326108                 1                 0                 1                 1                 0                 1                 1                 0                 1                 1                 0                 1                 1                 0                 1                 1                 0                 1
                0                 0                 0                 0                 0                 0                 0                 0    0.136773650639 3.10504587596e-16    0.990602326108                 1                 0                 1                 1                 0                 1                 1                 0                 1                 1                 0                 1                 1                 0                 1                 1                 0                 1
                0                 0                 0                 0                 0                 0                 0                 0    0.136773650639 3.09176908495e-16    0.990602326108                 1                 0                 1                 1                 0                 1                 1                 0                 1                 1                 0                 1                 1                 0                 1                 1                 0                 1
                0                 0                 0                 0                 0                 0                 0                 0    0.136773650639 2.10403243189e-16    0.990602326108                 1                 0                 1                 1                 0                 1                 1                 0                 1                 1                 0                 1                 1                 0                 1                 1                 0                 1
             0              0              0              0              0              0              0              0              0              0 0.990602326108              1              0              1              1              0              1              1              0              1              1              0              1              1              0              1              1              0              1
             0              0              0              0              0              0              0              0              0              0 0.990602326108              1              0              1              1              0              1              1              0              1              1              0              1              1              0              1              1              0              1
             0              0              0              0              0              0              0              0              0              0 0.707106781187 0.990602326108              0              1              1              0              1              1              0              1              1              0              1              1              0              1              1              0              1
             0              0              0              0              0              0              0              0              0              0 0.707106781187 0.990602326108              0              1              1              0              1              1              0              1              1              0              1              1              0              1              1              0              1
             0              0              0              0              0              0              0              0              0              0 0.707106781187 0.990602326108              0              1              1              0              1              1              0              1              1              0              1              1              0              1              1              0              1
             0              0              0              0              0              0              0              0              0              0 0.707106781187 0.990602326108              0              1              1              0              1              1              0              1              1              0              1              1              0              1              1              0              1
             0              0              0              0              0              0              0              0              0              0 0.136773650639 0.990602326108              0              1              1              0              1              1              0              1              1              0              1              1              0              1              1              0              1
             0              0              0              0              0              0              0              0              0              0 0.136773650639 0.990602326108              0              1              1              0              1              1              0              1              1              0              1              1              0              1              1              0              1
             0              0              0              0              0              0              0              0              0              0 0.136773650639 0.990602326108              0              1              1              0              1              1              0              1              1              0              1              1              0              1              1              0              1
             0              0              0              0              0              0              0              0              0              0 0.136773650639 0.707106781187              0              1              1              0              1              1              0              1              1              0              1              1              0              1              1              0              1
             0              0              0              0              0              0              0              0              0              0 0.136773650639 0.707106781187              0              1              1              0              1              1              0              1              1              0              1              1              0              1              1              0              1
             0              0              0              0              0              0              0              0              0              0 0.136773650639 0.707106781187              0              1              1              0              1              1              0              1              1              0              1              1              0              1              1              0              1
             0              0              0              0              0              0              0              0              0              0 0.136773650639 0.707106781187              0              1              1              0              1              1              0              1              1              0              1              1              0              1              1              0              1
             0              0              0              0              0              0              0              0              0              0              0 0.136773650639              0              1              1              0              1              1              0              1              1              0              1              1              0              1              1              0              1
             0              0              0              0              0              0              0              0              0              0              0 0.136773650639              0 0.990602326108              1              0              1              1              0              1              1              0              1              1              0              1              1              0              1
                0                 0                 0                 0                 0                 0                 0                 0                 0                 0                 0    0.136773650639 3.03785710343e-16    0.990602326108                 1                 0                 1                 1                 0                 1                 1                 0                 1                 1                 0                 1                 1                 0                 1
                0                 0                 0                 0                 0                 0                 0                 0                 0                 0                 0    0.136773650639 2.97482209668e-16    0.990602326108                 1                 0                 1                 1                 0                 1                 1                 0                 1                 1                 0                 1                 1                 0                 1
                0                 0                 0                 0                 0                 0                 0                 0                 0                 0                 0    0.136773650639 2.95066816463e-16    0.990602326108                 1                 0                 1                 1                 0                 1                 1                 0                 1                 1                 0                 1                 1                 0                 1
                0                 0                 0                 0                 0                 0                 0                 0                 0                 0                 0    0.136773650639 2.98898874254e-16    0.990602326108                 1                 0                 1                 1                 0                 1                 1                 0                 1                 1                 0                 1                 1                 0                 1
             0              0              0              0              0              0              0              0              0              0              0              0              0 0.990602326108              1              0              1              1              0              1              1              0              1              1              0              1              1              0              1
             0              0              0              0              0              0              0              0              0              0              0              0              0 0.990602326108 0.990602326108              0              1              1              0              1              1              0              1              1              0              1              1              0              1
             0              0              0              0              0              0              0              0              0              0              0              0              0 0.707106781187 0.990602326108              0              1              1              0              1              1              0              1              1              0              1              1              0              1
             0              0              0              0              0              0              0              0              0              0              0              0              0 0.707106781187 0.990602326108              0              1              1              0              1              1              0              1              1              0              1              1              0              1
             0              0              0              0              0              0              0              0              0              0              0              0              0 0.707106781187 0.990602326108              0              1              1              0              1              1              0              1              1              0              1              1              0              1
             0              0              0              0              0              0              0              0              0              0              0              0              0 0.707106781187 0.990602326108              0              1              1              0              1              1              0              1              1              0              1              1              0              1
             0              0              0              0              0              0              0              0              0              0              0              0              0 0.136773650639 0.990602326108              0              1              1              0              1              1              0              1              1              0              1              1              0              1
             0              0              0              0              0              0              0              0              0              0              0              0              0 0.136773650639 0.990602326108              0              1              1              0              1              1              0              1              1              0              1              1              0              1
             0              0              0              0              0              0              0              0              0              0              0              0              0 0.136773650639 0.707106781187              0              1              1              0              1              1              0              1              1              0              1              1              0              1
             0              0              0              0              0              0              0              0              0              0              0              0              0 0.136773650639 0.707106781187              0              1              1              0              1              1              0              1              1              0              1              1              0              1
             0              0              0              0              0              0              0              0              0              0              0              0              0 0.136773650639 0.707106781187              0              1              1              0              1              1              0              1              1              0              1              1              0              1
             0              0              0              0              0              0              0              0              0              0              0              0              0 0.136773650639 0.707106781187              0              1              1              0              1              1              0              1              1              0              1              1              0              1
             0              0              0              0              0              0              0              0              0              0              0              0              0              0 0.136773650639              0              1              1              0              1              1              0              1              1              0              1              1              0              1
             0              0              0              0              0              0              0              0              0              0              0              0              0              0 0.136773650639              0 0.990602326108              1              0              1              1              0              1              1              0              1              1              0              1
               0                0                0                0                0                0                0                0                0                0                0                0                0                0   0.136773650639 1.9833640595e-16   0.990602326108                1                0                1                1                0                1                1                0                1                1                0                1
               0                0                0                0                0                0                0                0                0                0                0                0                0                0   0.136773650639 2.9138072599e-16   0.990602326108                1                0                1                1                0                1                1                0                1                1                0                1
                0                 0                 0                 0                 0                 0                 0                 0                 0                 0                 0                 0                 0                 0    0.136773650639 2.88228854099e-16    0.990602326108                 1                 0                 1                 1                 0                 1                 1                 0                 1                 1                 0                 1
                0                 0                 0                 0                 0                 0                 0                 0                 0                 0                 0                 0                 0                 0    0.136773650639 2.89855444445e-16    0.990602326108                 1                 0                 1                 1                 0                 1                 1                 0                 1                 1                 0                 1
             0              0              0              0              0              0              0              0              0              0              0              0              0              0              0              0 0.990602326108              1              0              1              1              0              1              1              0              1              1              0              1
             0              0              0              0              0              0              0              0              0              0              0              0              0              0              0              0 0.990602326108 0.990602326108              0              1              1              0              1              1              0              1              1              0              1
             0              0              0              0              0              0              0              0              0              0              0              0              0              0              0              0 0.707106781187 0.990602326108              0              1              1              0              1              1              0              1              1              0              1
             0              0              0              0              0              0              0              0              0              0              0              0              0              0              0              0 0.707106781187 0.990602326108              0              1              1              0              1              1              0              1              1              0              1
             0              0              0              0              0              0              0              0              0              0              0              0              0              0              0              0 0.707106781187 0.990602326108              0              1              1              0              1              1              0              1              1              0              1
             0              0              0              0              0              0              0              0              0              0              0              0              0              0              0              0 0.707106781187 0.990602326108              0              1              1              0              1              1              0              1              1              0              1
