 0.00122649382323 0.000915185093839  0.00282887185882 0.000380753711077  0.00389183040582  0.00391925451493 0.000135660357752   0.0039454124348  0.00395305676821 0.000124098459199  0.00396404155675  0.00396836729534 0.000120586103065  0.00397534608683   0.0039776180883  0.00011965383404  0.00398228788178   0.0039835356983 0.000116952928204  0.00398633447189  0.00398758435156  0.00011649924375  0.00398902341168  0.00398982139776 0.000115014652417  0.00399067267819  0.00399104187181  0.00011372415565  0.00399206680676
 0.00123832132578   0.0011428446361  0.00303892798058 0.000225830411138  0.00389269318388  0.00391816581095 0.000255192847811   0.0039447014436  0.00395219807842 0.000218155379275   0.0039632356394  0.00396762350577 0.000179853995641   0.0039737558279  0.00397640041915 0.000171192934028  0.00398092040347  0.00398199710853 0.000153475878307  0.00398473767968  0.00398573446132 0.000140435058641  0.00398738270153  0.00398828623482 0.000137014621082  0.00398947151184  0.00398996344687 0.000134309316035  0.00399088436351
 0.00304616594494  0.00157834237057  0.00344109932629 0.000141501246142  0.00389322093297  0.00391857537124 0.000357331569303  0.00394381517764  0.00395169058718 0.000318579006871  0.00396361333917  0.00396779510992 0.000265583209718  0.00397425676054  0.00397704394184 0.000248075317036   0.0039802831992  0.00398209422579 0.000221377885097  0.00398461983153  0.00398564060072 0.000196145394476  0.00398715648313  0.00398806309395 0.000187662865637  0.00398924823984     0.00398968939 0.000182431010741  0.00399087130683
 0.00185799892842  0.00162617193484  0.00348899722313 0.000217554038952   0.0039660808741  0.00391304367639  0.00058061577783  0.00394351459611  0.00395355450173 0.000500451481255  0.00396715128459  0.00397127884798 0.000426638037669  0.00397750057339  0.00398032979828 0.000393839718942  0.00398295186454  0.00398370452892 0.000343293209949  0.00398591941765  0.00398687022681 0.000303132941651  0.00398916210761  0.00398987412803  0.00028848562096  0.00399096314303  0.00399223736562 0.000278810820506  0.00399272248845
 0.00528148686099 0.000751137663883   0.0026045559607 0.000885483364464  0.00462820784837  0.00397456402464  0.00108092968552  0.00400079783436  0.00400855282932 0.000906826291831  0.00401732795685  0.00401484020287  0.00074844125039  0.00401144107799  0.00401166480046 0.000680331576319  0.00400197931954  0.00400421959619 0.000584288829329  0.00400122718497  0.00400083918794 0.000495207488367  0.00400222162402   0.0039990113868 0.000458798578667  0.00400092045967  0.00399993647228 0.000429921084401  0.00400117004901
0.000901024244605 0.000927204975672  0.00271472951079  0.00104197291459  0.00485361769085  0.00420317253876  0.00146002143274  0.00412630823433  0.00412301518013  0.00126590253091  0.00411707618201  0.00410908127389  0.00109517875054  0.00409212186879  0.00408936474798  0.00101854696176   0.0040698315784  0.00407093668753 0.000909056943515    0.004060409924  0.00405716523408 0.000807173122707  0.00405602338364  0.00405065549366 0.000764376193096  0.00404963218589  0.00404613919365 0.000725279026584  0.00404698289317
0.000481569136409 0.000215512793974  0.00175732155514  0.00159308504685  0.00560665087256  0.00480067620794  0.00213035616104  0.00429738903014  0.00429723070859  0.00190711936204  0.00429948303108   0.0042906839177   0.0017435757749  0.00426959390831  0.00426589402623  0.00166452214875  0.00422432791963   0.0042304976488   0.0015464800079  0.00420627429389  0.00419802325168  0.00140490722589  0.00419362479152  0.00417742615119  0.00135193885842  0.00417998090639  0.00417216585118  0.00131112788492  0.00417838911594
0.000387959461791 7.98740429901e-05  0.00183001631276  0.00211612572529  0.00473981785608   0.0047566020341  0.00250407462577  0.00441892874596  0.00443020652665  0.00231871775777  0.00443412468106  0.00441562354581  0.00213038967035  0.00438871794525  0.00438569970416  0.00204813729578  0.00434640904741  0.00435524293147  0.00193659867546  0.00432991020507  0.00431985357618  0.00181675601149  0.00431629263321  0.00430727804123  0.00177817569486  0.00430613263544  0.00430165146053  0.00173731352926  0.00430720562439
0.000328160559567 0.000619612480649  0.00202063204325   0.0023128911553  0.00494433725132  0.00492994972765  0.00278079156897   0.0044731936257   0.0044875293577  0.00258514288489   0.0045080189124  0.00449847982336  0.00242241680933  0.00448728053546  0.00449008624894  0.00236726716827   0.0044652980414  0.00447062420655  0.00227857873413  0.00446472255421  0.00447377458154  0.00219933746219    0.004464953533  0.00445272860919  0.00216152319026   0.0044696615261      0.0044754048  0.00218076251678  0.00447590739662
5.55658399931e-05  0.00068611994797  0.00168303218659   0.0025263956214  0.00527825594505  0.00522121882011   0.0035398609518  0.00498254749968  0.00502324541638  0.00360519635458  0.00508591420664  0.00514353934236  0.00369089630574  0.00523564765265  0.00525278695942  0.00371976637021  0.00533621640412  0.00533512042171  0.00377500156623  0.00538785820751  0.00539549251239  0.00382294389926  0.00542224054808  0.00544952143753  0.00382995961519  0.00543994521855  0.00544507046795  0.00384181766187  0.00545847458929
0.000110167851141 0.000355039992459  0.00135637642651 0.000788183235859  0.00515587153592   0.0056915751352  0.00325482654513  0.00466070140886  0.00467280942852  0.00322020101217  0.00473281275597  0.00475587471958  0.00315395573295  0.00478160175271  0.00478185445369  0.00312437488009  0.00480419693816  0.00482327260988  0.00309301002188  0.00484263333731  0.00484687479057  0.00307369570405  0.00486626798026  0.00486986541201  0.00308007020791   0.0048959621863  0.00489740792118  0.00308489992378  0.00490816067489
 4.6644150406e-05 0.000338568645972  0.00107137754346  0.00120665410236  0.00567945660385  0.00671274297451   0.0040101023241  0.00531706013849  0.00497148219821  0.00373177107206  0.00503635311965  0.00505333772158  0.00370529596253  0.00509557938567  0.00513289361372    0.003704464482  0.00516910429029   0.0051728710741  0.00368380550532  0.00519721062013  0.00520751660652  0.00366544995121  0.00521875950099  0.00523325998218  0.00367212301023  0.00523803371772  0.00524192048467  0.00364601802818  0.00525112062491
 6.5872047667e-05 0.000578415919012  0.00157477297275  0.00156126515214  0.00494566721883  0.00612151530493  0.00401959180423  0.00527229099848  0.00504892176994  0.00394689392366   0.0051152428905  0.00518244230001  0.00404089381718  0.00528514836438  0.00532710741274  0.00407021697503  0.00541340735327  0.00543223549899  0.00412738868965  0.00548828479847  0.00550787018089  0.00417590478229  0.00554333121466   0.0055666738386  0.00418150449516  0.00556817007791  0.00559499134134  0.00418256421821  0.00560830847766
7.29132936004e-05  0.00099463804756  0.00265854102344  0.00283521413106  0.00426851901098  0.00530973126648  0.00392453458357  0.00510980203481  0.00496203225851  0.00383739214192  0.00493326386504  0.00496516311073  0.00373800926093  0.00499311558844  0.00500350303709  0.00371074815617  0.00501147295932  0.00503536002904  0.00364151715007  0.00503041778783  0.00504796124534  0.00358964026305  0.00505481116756   0.0050710842885  0.00358015329167  0.00509895291219  0.00509233434144  0.00359755915526  0.00511469069294
5.5914809785e-05 0.00131955812412 0.00311989655875 0.00307878465877 0.00379359813955 0.00496056363695 0.00386814191104 0.00517887167451 0.00497108063598 0.00381894801561 0.00487202041675 0.00489208851097 0.00375417275634 0.00493327667346 0.00495918686255 0.00369600030534 0.00498545665328 0.00500517058091 0.00370159044674 0.00505430503761 0.00505992720575 0.00368881881246 0.00509871791861 0.00509617095379 0.00367231062774 0.00511087244244 0.00512129776275 0.00365496755944 0.00513248336434
0.000119994334575 0.000332149540844 0.000851783545606 0.000540279111265  0.00431248429492   0.0065685503264   0.0050528310668  0.00623079834511  0.00552783507113  0.00420506349719  0.00509040781565  0.00511901615829  0.00416277917611  0.00519793444297  0.00521620061902  0.00416835827089   0.0052790280575  0.00529940264846  0.00414037733416  0.00532919704641  0.00534732685228  0.00412273451618  0.00538397074256  0.00539960419126  0.00414157817993  0.00542996649317  0.00543424206593  0.00413704015831  0.00546145537694
6.76523885958e-05 0.000258642325014 0.000831498466553  0.00123988180076  0.00379206059077  0.00568002412413   0.0048679434262  0.00602066881503  0.00576621876267  0.00453846225469   0.0053088520136  0.00531282686366  0.00442363020519  0.00533679214355  0.00537787803609   0.0043976653137  0.00540178780974   0.0054100086105  0.00435662281672  0.00544230623652  0.00544030259014  0.00429417746441  0.00546055884938  0.00545714436477  0.00427734852234  0.00548764991917  0.00551798479171  0.00428372831229  0.00551485466557
9.88211740127e-05 0.000496139970476   0.0013405554316  0.00206372596305   0.0039280866025  0.00507013131009  0.00494182437361  0.00542055672287  0.00540914764356  0.00495734486294  0.00563380098562  0.00569464373483  0.00502489696903  0.00581425946269   0.0058421623695  0.00506196085696  0.00597474532552  0.00600957002426  0.00513166528128  0.00608201867406  0.00613802249975   0.0052452108372  0.00617607235487  0.00620408437858  0.00525713106412  0.00624353144173  0.00623918604555  0.00526035436116  0.00628574723688
1.60876101499e-05 0.000698352726611  0.00180651969096  0.00251776571788  0.00350034870954  0.00417419953388  0.00413139362735  0.00437963708517  0.00441114506336  0.00386979601686  0.00463214230661  0.00469235024207  0.00392332544213  0.00481125325113  0.00484656234081  0.00393469628707  0.00494788977518  0.00497140050895  0.00396160018883  0.00504531338365  0.00506825137437  0.00396168337532  0.00510585977777  0.00513892437486  0.00396742063121  0.00516155564758  0.00519427244532    0.003982665976  0.00520966987401
0.000240833779577 0.000656228582753  0.00166611048949  0.00243082464665  0.00332173996364  0.00348735833723  0.00397272935704  0.00363620278796  0.00379867454058  0.00332277718679  0.00413088924902  0.00416701620612  0.00326151046329  0.00423959727371  0.00427177091154  0.00324280054662  0.00434777812234  0.00438447464301  0.00324500112143  0.00444375962192  0.00446903425581  0.00324430297687  0.00451798720744  0.00455173617469  0.00325398066729  0.00458561431694   0.0046086185919  0.00325381866243  0.00464134059997
4.05918526188e-05 0.000471484365927  0.00116638023859   0.0019953382197  0.00252249245017  0.00394358648619  0.00399474397543  0.00463386710495  0.00446194818181  0.00370505331625  0.00441059976079  0.00444535226759  0.00364840143557  0.00450579133057  0.00454938134054  0.00363193186198  0.00461502540427  0.00463132879454   0.0036088860419  0.00467602454389  0.00469576693265  0.00359560105535  0.00474887436293  0.00475010196355   0.0035554463059  0.00478675885424  0.00479924744611  0.00355978276432  0.00482566349861
8.06426717448e-05 0.000402273569688 0.000730902282769   0.0012289007563  0.00111297856379  0.00413869442913  0.00446826948807   0.0065177359292  0.00571419562554  0.00422073131911  0.00476191558642   0.0047615445703  0.00405854628093  0.00480438616811   0.0048337352531  0.00402014853002  0.00489589060314  0.00492398012613  0.00403200498709  0.00497527162964  0.00501447595764  0.00403253680703  0.00504154337726  0.00508689904427  0.00406624088495  0.00512522823221  0.00513632929607  0.00402939856649  0.00517674023901
8.80121323906e-05 0.000510140903149  0.00108701984763  0.00154255828474  0.00205425767794  0.00424262318815  0.00461538437419   0.0057700735363   0.0054791021357  0.00452311089686  0.00505021973045  0.00502306378913  0.00435302842526  0.00500811667433  0.00501616714201  0.00428955646329  0.00504628837907  0.00507221916259  0.00424260907179  0.00511368241299  0.00514307254834  0.00424262457106  0.00519296172315  0.00519800680611  0.00422430174992   0.0052358169607  0.00525472306638  0.00425036131112  0.00528117668447
0.000266240862674 0.000433384585538  0.00113942427873  0.00158992646392  0.00221068322324  0.00376733642923  0.00433685372876  0.00578697948029  0.00565693556665  0.00492168996083  0.00549132288869  0.00542949372027  0.00490375550829  0.00546773356318  0.00548748822342  0.00486713288406   0.0055139445088  0.00552976744174  0.00482196884729  0.00557870796545  0.00556694896384  0.00478513706877  0.00561852752116  0.00562635811249  0.00478937651328  0.00566322197838  0.00566949136856  0.00477981589118  0.00570159698706
0.000270388064636 0.000845714842096   0.0016617651749  0.00219602995223   0.0024996384685   0.0036981759956  0.00467154264423  0.00562451056264  0.00555733826592  0.00517306881354  0.00556425233689  0.00566241169988  0.00524560844572  0.00575468250087  0.00578236740162  0.00523786869198  0.00583160712943  0.00585732890068  0.00524891672383  0.00591199278319  0.00594331392451  0.00524779637075  0.00597080653237   0.0060002784677  0.00524747738991   0.0060304734033  0.00605637274064  0.00525510336859  0.00607493254171
6.55731480226e-05 0.000487034162902  0.00118961727832  0.00177389895848  0.00205349715651  0.00282989465981   0.0039464379837  0.00396070837356  0.00396759667083  0.00370740146235  0.00416624927859  0.00423690180921  0.00365594654978  0.00431416531517  0.00435528964197  0.00368679823869  0.00444928813804  0.00448214360353  0.00369148427929  0.00454710259807  0.00457353993287  0.00370681729741  0.00463034196489  0.00466504490537  0.00370983488663  0.00469950379435  0.00472317369595  0.00370073541577  0.00475940409043
1.86734715111e-05 0.000427395532648  0.00111914604906  0.00182352078465  0.00178633922854  0.00197409221739  0.00327079554887  0.00420028302052  0.00429751343944  0.00353682221445  0.00409968627853  0.00413831823205   0.0035982033734  0.00423168374176  0.00426250236927  0.00359586049803  0.00435318761976  0.00437019224856   0.0036062341905  0.00443400932084  0.00446522365256  0.00359917796189  0.00451569695004  0.00453105682481  0.00359777812489  0.00459309375632  0.00461149013303  0.00359022639524   0.0046550974474
7.75186979734e-05 0.000457877039956  0.00111961180718  0.00174870350663   0.0016312809176 0.000682838201207  0.00229937278914  0.00486989384626  0.00521922303403   0.0032968022575  0.00394504642524  0.00368241406295  0.00307135459951  0.00376709740357   0.0037983121917  0.00306538140244   0.0038808298956  0.00392727658305  0.00307058498889  0.00399974390121  0.00402921820963   0.0030606176087  0.00409111430172  0.00411838852741   0.0030674307317  0.00415608744684   0.0041863231561  0.00306113792587  0.00422670989474
 0.00022683209376 0.000199691308164 0.000392623897403  0.00083842685944  0.00101303678898  0.00122712393702  0.00303311361061  0.00492148944916  0.00537126783861  0.00395484483179  0.00454884992011  0.00441585524187  0.00384734200863  0.00442712636433  0.00445531031573  0.00385361352511  0.00449881243821  0.00451875594308  0.00380929879112  0.00455883910935  0.00460295791647  0.00382529495099  0.00463703480534  0.00465932853018   0.0038155375476  0.00472244701311  0.00473148197173  0.00383782393014  0.00477891928497
 1.8271261439e-05 0.000100580075399 0.000538060573637  0.00108160604017  0.00126635448318   0.0014881886129  0.00194573260617  0.00496944134243  0.00560660365678  0.00446862947914  0.00512934297364  0.00492053631165   0.0043441247497  0.00483924354797  0.00485113772952  0.00432352221623  0.00488059233936  0.00490385931703  0.00429399196782  0.00493693820588  0.00494346448522  0.00423881832611   0.0049881133805  0.00501880957641   0.0042331981761  0.00502876611049  0.00505491999441  0.00421905669087  0.00508272892302
4.49159908182e-05 0.000204225717022  0.00117131751894  0.00205246949646  0.00233723416427  0.00286612156346  0.00348466386229  0.00513985125743  0.00557977278364  0.00528962048243  0.00553099548706  0.00559496708062  0.00529969822939  0.00569066449253  0.00570874941996  0.00532117799116  0.00578185281787   0.0058098685682  0.00534823872863  0.00586269386128  0.00589946392128  0.00537021999148  0.00593908685403  0.00594336784422  0.00534400413449   0.0059915660304  0.00601467825889   0.0053605445747  0.00603300964975
0.000291888635976 0.000883927152863  0.00147072364751  0.00211133727459  0.00242870481814  0.00265047555119  0.00333701422745  0.00421214999718  0.00455769426466  0.00440410968298  0.00457087525788  0.00464158772983  0.00431863242099  0.00474256996041  0.00478501617701  0.00430984776477  0.00484331849165  0.00487740038582  0.00433194972971  0.00493049630151  0.00495173314537  0.00433350129064  0.00500220899078  0.00503554565843  0.00435249723852  0.00508001308128  0.00508771541973  0.00434657546006   0.0051365131418
0.000113888219985 0.000370620478388  0.00118121030745  0.00194531363953  0.00225962000094  0.00201841342949  0.00278821127183  0.00362235418662  0.00427622615934  0.00385872338085  0.00427565285397  0.00432416521628  0.00392598298347  0.00438521591016  0.00442068277387  0.00396749818385  0.00453618015149  0.00455763685437  0.00398828372837  0.00461854844372   0.0046474398447  0.00401575754483  0.00469331086522  0.00472151719731  0.00402632045772  0.00476898101396  0.00479459849097  0.00402105946259  0.00483015764283
0.000149445388053 0.000363474496038 0.000711202349225  0.00137175098807  0.00151707980996  0.00111445600882 0.000240448362305  0.00332392013343  0.00459862402499  0.00330433319535  0.00408724703832  0.00358113935851   0.0027800183718  0.00340376214507  0.00341957345412  0.00276071262363  0.00344411238161  0.00346414679624  0.00273138687037  0.00353480761731  0.00355659058309  0.00271990420449  0.00362736901579  0.00366199474605  0.00270957803591  0.00370463758626  0.00373337370376  0.00270536119436  0.00378096554895
9.28843789179e-05 0.000523292818295  0.00072622546456  0.00128892577285  0.00145643385943  0.00126557972442  0.00105846433392  0.00375519155688  0.00540327615852  0.00458365388023  0.00528278184763    0.004830000157  0.00424547135317  0.00464059660313  0.00466019255008  0.00421515818708  0.00469603873439  0.00472791017471  0.00422457270641  0.00477114962532  0.00479586079721  0.00422897559451  0.00485071751388  0.00486610109323  0.00421465935699  0.00490996465162  0.00493050410511  0.00421054561109  0.00497024640251
  3.402489417e-05 0.000268337147676 0.000900493258106  0.00156847161823  0.00182308703589  0.00193785707563  0.00225006762569  0.00411257691807  0.00519492103326  0.00495971723802  0.00545241768968  0.00532971108156  0.00491561481423  0.00526730893045  0.00527953010532   0.0049178461579   0.0053114174652  0.00532826320626  0.00489801329837  0.00535035315669  0.00538124938186  0.00487006556168  0.00541169255225  0.00543208782399  0.00488055324515  0.00547479799876  0.00549298619698  0.00490170448214  0.00552719751123
2.30824176412e-05 0.000300769158175 0.000984978537864   0.0015013137768  0.00182639046892   0.0018988910796  0.00182456244939  0.00339329142763  0.00486125341658  0.00488396927116  0.00535682814211  0.00530718928308  0.00497650713309  0.00531882839866   0.0053350189795  0.00499020278359  0.00535296318991  0.00536571094989  0.00496853042501  0.00540269050741  0.00542082600874  0.00495577459703  0.00544653172573   0.0054712023325  0.00495647888447  0.00550259293199  0.00552367357886  0.00494015913388     0.00555088879
8.52043351766e-05 0.000568354790098   0.0013805463246  0.00215334040037   0.0024022122895  0.00245029250653  0.00243224316255  0.00337673993302  0.00411790002946  0.00443392682971  0.00445272782708  0.00446459421472  0.00414860350293  0.00453287494363  0.00453200934897  0.00415976751843  0.00462819875687  0.00465456223094  0.00422061548808  0.00473701657622  0.00476457563258   0.0042683493957   0.0048248625063  0.00484555349543  0.00426142873318  0.00489606600164  0.00491481351627  0.00428995177916  0.00495601820329
9.59089187587e-05 0.000369294513945  0.00112511412637  0.00189371376334  0.00217289845818  0.00213985297176  0.00185585196715  0.00225032755225  0.00331557585132  0.00366186348382  0.00386281655103   0.0038980003737  0.00352535318151  0.00396639625163  0.00398716862019  0.00354631246191   0.0040457188496  0.00405646179291  0.00354413729491  0.00411176658048  0.00412573971876  0.00354169331902  0.00416721026589  0.00419120273171   0.0035491519972  0.00423169181317  0.00424877117981  0.00353431054263  0.00429765950239
5.02231391424e-05 0.000239276787852 0.000576815164223  0.00111445436119  0.00118572872063  0.00124822134724 0.000933681736032 0.000743331249996  0.00337545188955  0.00311036956465   0.0047153276999  0.00387470097229  0.00295719648282  0.00345532292057  0.00346152976986  0.00294015296966   0.0034804565537  0.00350534625498  0.00292809623521  0.00354592163093  0.00356835903681  0.00291221973352  0.00361944189907  0.00364982533572  0.00290417361348  0.00370298351176  0.00373071273152  0.00290386178083  0.00377755827562
1.83437385495e-05 0.000174608372419 0.000653684258183  0.00119072314562  0.00140712703822  0.00127722814969  0.00121386228186 0.000893490743716  0.00346184207991  0.00369838616418  0.00536821649772  0.00481879564678  0.00373667848174  0.00413109906735  0.00413277051034  0.00372869674244  0.00415985084302  0.00416985112282   0.0037260811451  0.00422661185823  0.00425221507001  0.00371655137469  0.00429097113107  0.00430895548113  0.00372862395657  0.00435510647616   0.0043684498536  0.00370531965311  0.00440740650813
9.31427655982e-05 0.000567530565673 0.000924575299657  0.00143240307917  0.00165054640959  0.00154241317405  0.00143693217864  0.00179564042589  0.00378111378647  0.00423294734951  0.00598910550027  0.00560663157928  0.00484225984441  0.00515291198387  0.00514056822289  0.00478889354064  0.00514242159081  0.00516594500283  0.00478580864866  0.00518099940761  0.00521234920669  0.00479581110211   0.0052526676163  0.00528050542889  0.00478859739385  0.00529916521031  0.00533747490756  0.00480809452704  0.00536580757086
9.53003739869e-05 0.000273918559711 0.000645018575417  0.00141737238362  0.00161682412322  0.00157344876875  0.00154911702573  0.00182059718404   0.0033778497001  0.00411396834465  0.00533818966515  0.00518353180644  0.00465713341509  0.00500578848537  0.00500713794619  0.00469485933821  0.00503208421774  0.00505478699173  0.00469858609597   0.0050792107494  0.00509140425524  0.00469488131591  0.00510992677656  0.00513136993344   0.0046789706229  0.00517423254772  0.00517454450474  0.00466190391051  0.00521611481405
4.49179723152e-05 0.000306514997715  0.00120231872959  0.00187718910637  0.00216092224882  0.00222795340677  0.00221373470206  0.00251567421231  0.00354598280849  0.00461263660339  0.00467699850385  0.00463961832949  0.00443578508772  0.00474718267056   0.0047569172013   0.0044288036571  0.00480339302878   0.0048070091274  0.00444792903073  0.00484651681212  0.00486881200634    0.004459231144  0.00492209606469  0.00493704940683  0.00449462971795  0.00497993059206    0.005007908592  0.00451052247893  0.00504412515646
3.62261275143e-05 0.000318929513515  0.00127176349458  0.00203742830768   0.0023758261397  0.00245827867737  0.00239256671595  0.00253079264307  0.00324973975583  0.00448762450786  0.00414947371931  0.00411144875077  0.00396005765202  0.00429589057174  0.00428376855143  0.00391735804627   0.0042939995533  0.00429725300779  0.00390477736467  0.00434006041706  0.00433911055318  0.00390919623792  0.00438690483485  0.00440046634333  0.00388104363457  0.00441879580647  0.00444233677142  0.00387067376056  0.00447596004399
1.26719935581e-05 0.000281880475444 0.000735025778426   0.0012221509062  0.00143763562322  0.00160274013928  0.00199443160876  0.00133793031483 0.000792933001569  0.00255721697913  0.00492840346527   0.0049394913117  0.00346045649966  0.00385140159905  0.00385301438106  0.00346529332311  0.00392586672241  0.00393087090994  0.00351982842859  0.00400470696752  0.00404378942531   0.0035729916157  0.00407874994142  0.00412061961767  0.00359539736174  0.00417151064681  0.00419483312169  0.00360979907001   0.0042310390692
3.02810978737e-05 0.000225547209756  0.00051592844638  0.00099207031292  0.00109173970964 0.000877834458997 0.000819367681098 0.000686001903485 0.000842688838184  0.00270052638641  0.00512996063926  0.00546193859501  0.00374640435559  0.00418552699434  0.00397879860733  0.00353877230881  0.00388112099205  0.00390186699944  0.00346456909551  0.00389083598344  0.00390397511602  0.00340964121021  0.00393446564662  0.00395280021473  0.00341739302004  0.00399621265487  0.00401554571669  0.00339826617165  0.00405741322719
7.48369755613e-05  0.00043914386169 0.000795542800472  0.00143739263749  0.00167779956986  0.00160999025223  0.00147177747017  0.00131708367285  0.00167370676237  0.00370822888971  0.00505219824632  0.00553171209535  0.00444055242145  0.00488568948049  0.00473737609862  0.00438603770283  0.00472188461808  0.00472309582679  0.00436209154079  0.00471482942924  0.00470918454746  0.00432598006506  0.00473267945738  0.00474154174203  0.00429501724302  0.00475613618087  0.00477227297204  0.00429763280891  0.00479552865592
7.97493824154e-05  0.00042659934822   0.0010625603397  0.00167683975535  0.00196203180643  0.00200153974013  0.00203516287431  0.00200313613725  0.00248662004773  0.00309198474879  0.00526177094167  0.00576177369089  0.00521105282363  0.00553242743809  0.00550405932718  0.00523087835636   0.0055073229828  0.00550411250207  0.00523920269324  0.00552926726238  0.00555294380232  0.00523666590916  0.00557004505312  0.00557351229979  0.00523266627383  0.00561684829104  0.00562006502233  0.00522408620842  0.00565033713233
1.61265602943e-05 0.000362305668731  0.00116304523483  0.00194982894907  0.00224370015246  0.00225168955574  0.00216047856844  0.00212274710151  0.00218646996123   0.0028962018173  0.00448788714041  0.00509699011092  0.00463526946394  0.00500304669048  0.00496612776077  0.00467813276823  0.00501267623154  0.00502406672175  0.00472519785241  0.00507696072677  0.00509503209662  0.00476493251126   0.0051360780201  0.00515723679663  0.00479885836905  0.00519473827162  0.00520042632154  0.00481155988693  0.00525112493084
3.39848492773e-05 0.000374002073721  0.00112889601646  0.00182050723755  0.00214026152436  0.00218514870803  0.00210695085334  0.00206373749653  0.00213870189936  0.00292106593389  0.00360893357345   0.0039485288608  0.00391231477471  0.00400886026683  0.00409683299323  0.00371390035632  0.00405021072123  0.00405581690388  0.00367699889494  0.00404487811403  0.00404396922367  0.00363264493111  0.00406204552395  0.00406945776806   0.0035971070475  0.00409864842735  0.00413048169887  0.00358025986665  0.00413776286877
2.81288230979e-05  0.00027021124804 0.000605900973226  0.00115077656385  0.00134281193588  0.00127687647214  0.00140462709462  0.00160437396091  0.00100573536752 0.000633394139321  0.00341129530717  0.00461389470799   0.0033819176398  0.00393189062961  0.00364306784295    0.003194909047  0.00363495157335  0.00363436351759  0.00321200164245  0.00368368911016  0.00369929685801  0.00326628109109  0.00375112874279  0.00377239196597  0.00327389819565   0.0037954028836  0.00381983047343  0.00328774434875  0.00386660169625
 3.4016318944e-05 0.000110985195761 0.000342174678859 0.000912088207723  0.00110179055377 0.000962375802807  0.00103512899041   0.0011525315099  0.00135291917883 0.000513193540366  0.00316863786924  0.00543813125462  0.00420128455917  0.00476104495173  0.00406240810583  0.00342230737807  0.00387771821583  0.00387440038788  0.00350525662374  0.00389969335562  0.00393255923577  0.00351848443464  0.00395835901703  0.00399071504192  0.00354234758636  0.00403557683513  0.00404556277497  0.00355035201035  0.00409543408975
5.22228234855e-05 0.000168424393083 0.000483848492889  0.00102925177345  0.00124137266918  0.00113898277111  0.00100884825013 0.000842169797996 0.000709289168255 0.000843907553039  0.00351114291924  0.00488396993812  0.00398472871143  0.00479864631926  0.00440947687194  0.00381792394343  0.00412182981831  0.00411178736866  0.00373906846692  0.00409252241307  0.00408836548937  0.00370582753915   0.0041069266927  0.00410382316131  0.00367449716605  0.00413918807872  0.00415479940006  0.00366577514221  0.00417103769928
5.09091595495e-05  0.00035480509391 0.000928489499411  0.00148875914333  0.00175158575808  0.00174106436946  0.00174891539904  0.00164972515799  0.00164972723962  0.00196038625556  0.00394874149137   0.0052139442944  0.00495534285267  0.00543850627897  0.00531607189707  0.00495587394338  0.00518693215416  0.00518778330145  0.00489021376059  0.00515126369625  0.00515495178084  0.00485391401724  0.00517387011838  0.00518156043684    0.004850468187  0.00519640352808  0.00521568167492  0.00484101012023  0.00523462443332
6.79050273103e-05 0.000438184229119  0.00129637262783  0.00207061477873  0.00239977849757  0.00246126378832  0.00234602298858  0.00239954180526  0.00238702581404  0.00256430428643  0.00395334835315  0.00500557778116  0.00522960933947  0.00541643995762  0.00538752001534  0.00511240546205   0.0054201613177  0.00540086948461  0.00514935546324  0.00545303410173  0.00545741946461  0.00517367035859  0.00547418017175  0.00549546381886  0.00519623561902  0.00550341865007  0.00553488408319  0.00521158280146  0.00557034575727
5.39334358607e-05 0.000392390249689  0.00128131468206  0.00215551648844  0.00252007916351  0.00256731690245  0.00252404402174  0.00249384240162  0.00245136687258  0.00255952893837  0.00355842915379   0.0041844298813  0.00473032964763  0.00440981641996  0.00448153860192  0.00418958090056  0.00452430844443  0.00451413742495  0.00420733752784  0.00452987299417  0.00453394805854  0.00422116500828   0.0045445726048  0.00457153505739  0.00421910144209    0.004611815124  0.00460644723145  0.00422320565915   0.0046405922598
3.90501432346e-05 0.000368669462542 0.000940571537384   0.0015160450297  0.00178790700439  0.00183580926041   0.0018639795405  0.00190163314021  0.00197877065064  0.00157769045574  0.00148447145686   0.0035067732214  0.00365906351892  0.00469359421937  0.00424115022393   0.0037021104912  0.00415284612671  0.00414585373479  0.00379232714566  0.00416572508312  0.00418123102536  0.00384905623429  0.00421498596013  0.00425380484355  0.00388273163614  0.00426952855701  0.00430781840823  0.00387770256269  0.00433669809098
1.99875954132e-05 0.000141821814019 0.000317797448148 0.000836346738884  0.00100985573455 0.000803072816347 0.000709390457627 0.000627654705327 0.000763405729842 0.000917459221592 0.000483754641332  0.00340731980865  0.00346965396216  0.00552967812831  0.00445343664934  0.00315930113396   0.0035518057444  0.00354658075887  0.00312489594323   0.0035418916896  0.00354204339192  0.00311175163683  0.00356291725108  0.00354471151042  0.00310260852945  0.00358994832184  0.00358537435786  0.00308580966371  0.00361633637885
6.98860797921e-05 0.000232150335921 0.000359173823904 0.000859750255114 0.000981533914935 0.000745183327189 0.000683668295472 0.000565928899023 0.000525045619384 0.000466158684243 0.000813793700831  0.00331018650615  0.00377420302244  0.00580368439129  0.00508328604544  0.00391272384503  0.00425721827366   0.0042253757023  0.00386733304991  0.00416110648185  0.00415954386174  0.00380212991923  0.00415148868322   0.0041405877551   0.0037547375938  0.00415031217317  0.00415448858794   0.0037587765524  0.00417699216943
0.000114721563021 0.000197615811319   0.0007303292707  0.00142664144114  0.00167377244832  0.00168108990933  0.00163247796408  0.00152453631643  0.00144859669215  0.00135045091539   0.0018903965351  0.00367115551361  0.00402964020225  0.00522200519707  0.00503141017032  0.00443558376667  0.00471859609235  0.00471169665498  0.00439684397796  0.00468828935969  0.00467837434583  0.00436429459305  0.00467762658325  0.00467246066903  0.00435600771398  0.00470737808407  0.00471987967546  0.00435083032961  0.00472887824241
0.000105347449071  0.00038459293383  0.00106774168458  0.00168928098624  0.00199732426923  0.00204462028118   0.0019621126413  0.00192689024516  0.00187912026009  0.00186069706372  0.00223720490222  0.00363614130477  0.00459085567049  0.00537746358149  0.00529221173201  0.00486533358271  0.00519590001214   0.0051623464688  0.00487206035042  0.00515052472687  0.00516568491049   0.0049157359949   0.0051819655105   0.0052367008105  0.00494702801221  0.00524046335064  0.00524412768778   0.0049479774518    0.005281618815
3.77265069515e-05 0.000432038874646  0.00148974321257  0.00241128340822  0.00276119102037  0.00279899700944  0.00270822671221  0.00272380651667  0.00270551630444  0.00272478448941  0.00300257980168  0.00393968992003  0.00528768560141  0.00492190233087  0.00487178846505    0.004707855172  0.00496603705719  0.00497444739539  0.00469001317713  0.00497827612521   0.0049789716418  0.00470215538717  0.00498748445575  0.00498444182365  0.00469404031497  0.00500469753176  0.00503174379455  0.00471942617425  0.00505293338233
1.69365084114e-05 0.000411831383283  0.00107789924904  0.00170410909558  0.00198962295164   0.0019901698025  0.00191038530964  0.00183549845121   0.0017770548898  0.00175772691893  0.00139725832236  0.00209707025976  0.00349760894214  0.00424065818007  0.00429040320247  0.00363208791951  0.00409659137926  0.00406381879093   0.0037000112954  0.00405950923388  0.00407920750574  0.00373767742106  0.00409561124984  0.00410000640962  0.00376435646893  0.00412839278167  0.00413689419139  0.00375864095116  0.00416566477466
2.60230830049e-05 0.000196111076338 0.000426950665385 0.000998774552943   0.0012085823167  0.00105479659322  0.00101661166804 0.000978231975459  0.00101233921388  0.00103770021391 0.000943728561935 0.000423104967832   0.0022633552234  0.00529795399202  0.00540153615187  0.00336530523744   0.0038208253178  0.00375423751109   0.0033593615685   0.0037555927919  0.00373533669576  0.00336456476711  0.00374455259961  0.00374929572974  0.00336503462258  0.00376970222074  0.00378172749693  0.00336108492276  0.00381150959568
7.68193389318e-05 0.000145950647274 0.000375688466259   0.0009215279416   0.0011712347422  0.00107719046168  0.00101718600397  0.00084228586592 0.000730084129926 0.000620940617796 0.000568039286125  0.00133611921705  0.00308242878077   0.0051626811895   0.0055780663712   0.0041971121411  0.00461601055228  0.00441208846471  0.00402951024811  0.00430150841055  0.00427233188764  0.00392864444233   0.0042507098207  0.00423011416163  0.00388720702423  0.00423357286213  0.00423317837202  0.00386975335223   0.0042390391201
 7.7641649643e-05 0.000269955453216 0.000795211721825  0.00137886408608    0.001674410085  0.00169236752247  0.00162944114122  0.00152919253142  0.00144366573321  0.00134009429205  0.00126778811408  0.00169600312554  0.00225504814711  0.00510093581815  0.00565213922942   0.0047009500228  0.00511390500025  0.00499513654654  0.00467164891591  0.00496250790376  0.00496438687383  0.00470825887139  0.00497330171208  0.00499404849212  0.00472077470813  0.00500308475004  0.00501172755847  0.00473489173547  0.00503447481781
4.61568586909e-05 0.000305791059847 0.000905755901312  0.00159931816428   0.0019180584238  0.00194608117553  0.00187753333983  0.00181267828632   0.0017365737193  0.00167497762754  0.00160673839364  0.00188777021168  0.00258554321935  0.00477786312299  0.00537361747657  0.00469116931761  0.00511084582702  0.00505529055143   0.0047583980674  0.00504796953268  0.00503495580241  0.00477102137085  0.00504155208365  0.00502968761966  0.00477542355048  0.00505320641388  0.00505584625941  0.00476825019307  0.00507569258294
2.95843403507e-05 0.000359397190687  0.00116898444692   0.0019166902884  0.00227052779685  0.00234902137683  0.00226827823645  0.00223212999854   0.0021636442419   0.0021262874901  0.00206453175035  0.00231024412471  0.00316842098571  0.00428497615108  0.00467449324367  0.00447465561152  0.00467209370538  0.00470738277201   0.0043570399021   0.0046580729293  0.00467425594932    0.004376141846  0.00465575202432  0.00466977830779  0.00435351214561  0.00467532040293  0.00469167775568  0.00437198116763  0.00470892939026
1.41712252025e-05 0.000391539695272  0.00118651374851   0.0019115645715  0.00229292535176  0.00235599766207  0.00227170653198  0.00222299727535  0.00214472828289  0.00209150737497  0.00201209483444  0.00204842577152  0.00304014545342  0.00373481963276  0.00425243290415  0.00387377190963   0.0043394900796  0.00431820481244  0.00394671564716  0.00430951474684  0.00430578139514  0.00398890882055  0.00430461173625  0.00432825036185  0.00404049429446  0.00432868346001  0.00434208432091  0.00401988516991  0.00435178196979
1.98123427275e-05 0.000133027576222 0.000412728018809 0.000959427941734  0.00118063006043  0.00104544458791  0.00105277363302  0.00108643726691  0.00119997184221  0.00130181136648  0.00139410521466  0.00112345203813 0.000567073449397  0.00363874359762   0.0053769605908  0.00378622844418  0.00413446204186  0.00354175432815  0.00304292491975  0.00346554266132    0.003427185183  0.00303234211144  0.00341763784463  0.00342739751256  0.00302990950433  0.00343849329683  0.00344191057164  0.00304259557868  0.00347543037786
5.98164283842e-05 0.000106721735524 0.000290908454638 0.000895778704023  0.00112687547308 0.000916750174566 0.000781257405022 0.000596176469365 0.000477245626487 0.000377647105124 0.000314555311936 0.000243900213398  0.00055741552149  0.00310836654042   0.0049707684943  0.00397641058917  0.00481015335458   0.0042830760633  0.00369532429186  0.00405175006847  0.00404872046782  0.00369198345667  0.00403189097682  0.00402854366745  0.00369388514423  0.00404247444512   0.0040545539042  0.00370476816344  0.00405698500094
5.04342379631e-05 0.000333564045215 0.000980073257765  0.00166351939987  0.00198667038792  0.00199239207321  0.00191042432542  0.00178231932874  0.00167365310026  0.00153332434956  0.00145424540691  0.00134053351622  0.00135759361227  0.00406930102402  0.00588427410214  0.00538340963623  0.00596748387375  0.00569913552662  0.00527058007828  0.00551680985451  0.00551268354262   0.0052548582827  0.00548762323959   0.0054649549723  0.00523090238705  0.00547730642375  0.00547064903287   0.0052343653887  0.00549940369629
1.39523952301e-05 0.000239676831516 0.000712612346939  0.00130764587474  0.00160861777142  0.00163553172699  0.00158107814413  0.00152025203334  0.00147213645873  0.00146951164264  0.00146581991417  0.00152010124933  0.00186829187705  0.00352836538538  0.00469560007937  0.00466421302402  0.00523207875326  0.00506338441746  0.00463579861365  0.00493819527695  0.00490438600892  0.00461775875315  0.00489149569633  0.00489654587054  0.00461598239949  0.00487926409027  0.00488797992996  0.00459194629153  0.00487296799054
2.55957455579e-05 0.000400137010146  0.00129448415597  0.00206364677566  0.00243837839931  0.00252656533761  0.00244270215116  0.00239654339538  0.00231809103717  0.00224022622367  0.00215762347248  0.00209442773766   0.0020051454517  0.00317939327205  0.00424693084443  0.00456129151592  0.00455700210865  0.00457383546344  0.00426280628657  0.00458797644642   0.0045766020298  0.00428720023631  0.00457185775408  0.00456422112034   0.0042892313125  0.00458178144949   0.0045839340677  0.00431250416248  0.00461271487604
2.02406593968e-05 0.000342895086281  0.00116005670328  0.00193642755544  0.00230996013996  0.00239175556861  0.00231948671205  0.00228780546379  0.00222054122012  0.00217912792895   0.0021039951846  0.00207534675869   0.0021996572459   0.0030634552544  0.00374292240309  0.00415050768634  0.00412936701156  0.00413460537693  0.00374099515756  0.00413335969736   0.0041037082086  0.00375137516808  0.00408213600797  0.00408132504465   0.0037626349764  0.00407370089136   0.0040862231275  0.00375288699539  0.00409978324265
2.18979401688e-05 0.000151510932517 0.000385479340123 0.000929062197503  0.00114245333532 0.000981408834323 0.000955001626968 0.000953326535341    0.001071486857  0.00121399580374  0.00137411758225  0.00151746371243  0.00116104163408 0.000746651040615  0.00369820605466  0.00367569087888  0.00572059203837  0.00433722330983  0.00326074774825  0.00370804453037  0.00367866543678   0.0032883054111  0.00365068129697  0.00365251193765  0.00327785834536  0.00364670932366  0.00365182835019  0.00328447359645  0.00366155789456
 1.5722012914e-05 0.000130231881091 0.000356713007587 0.000910707809581  0.00116318066152    0.001060907754 0.000982970123377 0.000839067813454  0.00077879199567  0.00074099558424 0.000788569748075 0.000843636621978 0.000904880715126 0.000505556953303  0.00345290810776  0.00372732252316  0.00598005243139  0.00503767605839  0.00368829859499  0.00405903917003  0.00404064603747  0.00364657526696  0.00398917823566  0.00397817140742  0.00365447413265  0.00397702766309  0.00396677031537  0.00364283255699  0.00397937506344
2.30872844657e-05 0.000254897493147 0.000619203671039  0.00114509191347  0.00141524688752  0.00138654628678   0.0013228706212  0.00119182929205  0.00108767246097 0.000970378299946 0.000892828487043 0.000803471216882 0.000710072757429  0.00137986271922  0.00343483583933  0.00377278589209  0.00559605336717  0.00524269771405  0.00440137402211  0.00472797007949  0.00468471136802  0.00435195757513   0.0046450452994    0.004624301308  0.00433604223535  0.00460913857159  0.00460832974189  0.00433140960805  0.00459898332469
 1.5657950348e-05 0.000231174190207 0.000801945835695   0.0014642369543  0.00176676809072  0.00181519311325   0.0017663533575  0.00171772770174  0.00166730513604  0.00163209704534  0.00158897974561  0.00155835504537   0.0015560398349  0.00221550071957  0.00378583392227  0.00456966965336  0.00543439461145   0.0053429662394   0.0047378506522  0.00506594657638  0.00503117449018   0.0047195000919  0.00498713876601  0.00497125696961  0.00471083442569  0.00497162669363  0.00496884435545   0.0047037439754  0.00497727785385
2.41314740771e-05 0.000343535757209  0.00113501054689  0.00193312952493  0.00232588296164   0.0023984998704  0.00231665557904  0.00227886279099  0.00220435321351  0.00215668959865  0.00207655755462   0.0020448994154  0.00206111233295  0.00217011709609  0.00340544941314  0.00468040524707  0.00537664290338  0.00530338799215  0.00487869443865  0.00523953892864  0.00520531368151  0.00491259832607  0.00518904086412  0.00519739700395  0.00492540651099  0.00518326952674  0.00517512855883  0.00494488736392  0.00519363986535
3.71334162561e-05 0.000453975644087   0.0015377571889  0.00246586176829  0.00286823893115  0.00291531562567  0.00284065045937  0.00283899851239  0.00280977592765  0.00281590103238  0.00278943112789  0.00280804863507  0.00285617342561   0.0031475021276  0.00389864867376  0.00543918573219  0.00433879613604  0.00422322581931  0.00405735745287  0.00441554597851  0.00437401393723  0.00400586165794  0.00432277119942  0.00430632397301  0.00401767891575  0.00429416398348  0.00430049553692  0.00400010435542  0.00429785171972
 4.2688441469e-05 0.000103776406129  0.00035916523553 0.000905056347842  0.00110330152172 0.000898135383044 0.000781160233369 0.000710751772664 0.000776144347824 0.000906748027199  0.00107739117044  0.00124907964318  0.00141327185082  0.00108056120823 0.000731514101732   0.0020578482742  0.00565228893996  0.00566280417627   0.0033470787099  0.00382490387067  0.00380066062435  0.00339265398967  0.00375128325922  0.00375084211671   0.0034054319494  0.00375453397872  0.00376642129792  0.00341729602904  0.00377351703345
 5.7272237372e-06 0.000157370492839 0.000452345224983  0.00100329779587  0.00126761160909  0.00121788813916  0.00117927832114  0.00106897000148  0.00101983399085 0.000967115796374 0.000981216487038 0.000980850908063 0.000975680640608  0.00100875963368 0.000420976736467   0.0021011515213  0.00558788346134  0.00585428245238  0.00374383392412    0.004221563332  0.00407607358542  0.00366547001731  0.00402129000246  0.00399576266151  0.00364809834036  0.00397711994917  0.00396275944381  0.00365866413491  0.00396923635734
7.35454479981e-06 0.000192783622663 0.000528908359279  0.00106105323508   0.0013467257655  0.00132537999695  0.00122544732112    0.001109620427  0.00100408944332 0.000887004634281 0.000806386770509  0.00070387948587 0.000571231339008 0.000519724118665  0.00120857001253  0.00326175706811  0.00512399008812  0.00566020478472  0.00438222543142  0.00485979980558   0.0046930071944  0.00430040865127  0.00461841247875  0.00458228504563  0.00428749155053  0.00454722648306  0.00455000907725  0.00426069053373  0.00453320480989
1.70854572061e-05 0.000232428892065 0.000742612829543  0.00136196898101  0.00167773176568  0.00172838897047  0.00167711472066  0.00160838922605  0.00153942219538  0.00148296092156  0.00143100479924  0.00139482308398  0.00137182618012  0.00136479977864  0.00199776584036  0.00255978317498   0.0050127102796  0.00559323794844  0.00472893941762  0.00521140505606  0.00506027182936  0.00471269977528  0.00499899049443  0.00498356979546  0.00470308553189  0.00497321697831  0.00496333545647  0.00470108722722  0.00495194926157
2.24046850996e-05  0.00037543786468  0.00126860033489  0.00210820773036  0.00250882220715  0.00259408547275  0.00253820742663  0.00250177578338  0.00243665863893  0.00240674945223  0.00234258069237  0.00234055592933   0.0023942526883   0.0023435780872  0.00269577884175   0.0036198765803  0.00493429139174  0.00536035183699  0.00506930518151  0.00530752923864  0.00536173720395  0.00503838707944  0.00531453928135  0.00532224325133  0.00506445223425  0.00529763446688  0.00530059268774  0.00507720047485  0.00531032266252
5.54755948716e-05 0.000579525965975  0.00199805005288  0.00325950612224  0.00368887428215  0.00356291573767  0.00342305289759  0.00334932711931  0.00327680001585  0.00322570382261  0.00316284501625  0.00311904930041  0.00309788481856  0.00303520305401  0.00324558325859  0.00425254598314  0.00456369131283  0.00475534171345   0.0045472042372  0.00480754532326  0.00482468060637  0.00445783615536  0.00476310025306  0.00475368785688  0.00446479743416  0.00473932703581  0.00473695774096  0.00447769803896  0.00473321871057
2.04829246367e-05   0.0001013418395  0.00039779048193 0.000919652091813  0.00118843935871     0.00102772435 0.000821886639546 0.000626387451305 0.000559161986478 0.000620443627803 0.000773508586848 0.000942250877206  0.00109297713898  0.00119237366474 0.000920221878907  0.00054183597292  0.00367989329875  0.00536729473326  0.00370077666397  0.00418936146421   0.0036534706046  0.00311109085835  0.00356330501601  0.00352520983993  0.00312450256445  0.00350801173698  0.00350642904635   0.0031341431745  0.00350526393629
5.43268756578e-05 0.000263267719658 0.000385400947442  0.00081750118909   0.0010061491517 0.000875951494509 0.000793037006958  0.00072515875101 0.000676025485672 0.000625402891255 0.000575427973341 0.000516375043064 0.000452069814066 0.000394737747857 0.000313577924577  0.00054537769436  0.00341954212973  0.00500544846017  0.00375002973303  0.00444720047973  0.00405814398284  0.00357304493267  0.00395487250332  0.00393662742379  0.00355862124257  0.00388958170499   0.0038686934555  0.00354653896597  0.00386395858376
6.32292821586e-06 0.000142472002911 0.000547710646389  0.00110625551822  0.00143666118546  0.00147235760294  0.00141070065256  0.00129830647302  0.00119574028124  0.00108978010503  0.00100699978975 0.000918135002001 0.000815634235168 0.000758551378207 0.000699913558776 0.000913793174324  0.00350900568593  0.00520727552097  0.00453029956506  0.00519617245499  0.00497066274869  0.00457063001077  0.00488631385649  0.00485996649036  0.00456223291779  0.00482725215911  0.00482450526565  0.00456208258068   0.0048060616649
2.76781680581e-05  0.00020890975605 0.000702278297008  0.00129052252199  0.00163151784275  0.00168136944474  0.00161510425102  0.00151917219802  0.00142723365399  0.00133663366915  0.00126747392918  0.00119775594825  0.00112209937168  0.00104758900176  0.00100222799089  0.00118235706074   0.0034099859949  0.00503040516756  0.00469825788703  0.00557476984744  0.00516996860034  0.00460745267863  0.00493340415019  0.00490610537883  0.00460839835273  0.00487405482304  0.00486015231708  0.00459471038344  0.00485667088098
5.52299617762e-05 0.000417943035019  0.00136267971319  0.00223455480194  0.00263503974551  0.00265941226854  0.00258659769693  0.00250131506148  0.00240995291452  0.00233185834438  0.00224934510421  0.00218961435092  0.00215268360808  0.00210992107481  0.00206091600126  0.00211171198443  0.00358475501122  0.00476009469643  0.00494231492657  0.00524818517437  0.00518188144864  0.00476921962228  0.00509098692426  0.00506273519087  0.00476675337884  0.00502906261873  0.00502013797724  0.00475895222845  0.00500442885163
5.61776631699e-05 0.000676156354734  0.00217070692432  0.00346062346242  0.00395470665526  0.00386624514111  0.00373643473869  0.00363053336721  0.00353145196678  0.00345075037516  0.00336869541844  0.00330421008283  0.00325671876713  0.00320551414474  0.00314794955628  0.00317022388107    0.003896764379  0.00460564846403  0.00502897505978   0.0049464848518  0.00491799811387  0.00453989160543  0.00488106738624   0.0048581486668  0.00454653343656  0.00482239634822  0.00481777993827  0.00455772670044  0.00480077140586
1.52961061252e-05 9.50596559725e-05  0.00042630567661  0.00100653387412  0.00143035067895   0.0015243297374  0.00147177593912   0.0013755609505  0.00130218951149  0.00123905863307  0.00121924963207  0.00120400998912  0.00119325474658  0.00121834127162  0.00123514077758  0.00105371858768 0.000638548478519  0.00388958773221  0.00409282451506    0.006304474878  0.00484081415284  0.00375880561381  0.00416539031408  0.00413754114622  0.00376031021346  0.00408224166587  0.00405686533332  0.00375797993463  0.00406167766715
 1.6773285622e-05 8.31400191221e-05 0.000301765332942 0.000789413320146  0.00108051536853  0.00101406873702  0.00090775418121 0.000749929900369 0.000621412260328 0.000493054491699 0.000402244130135 0.000307333166493 0.000209281409352 0.000186721836235 0.000171834107101 0.000172690506776 0.000950617504662  0.00336290945777  0.00333968032262  0.00529857135425  0.00451631299066   0.0035599207529  0.00401180328909  0.00395115517181  0.00354493444626  0.00390391893746  0.00389027099331  0.00352960603757  0.00384961551771
2.52535464289e-05 3.36673243892e-05  0.00028876873647 0.000840179306076  0.00114745404407  0.00109592298147 0.000987075898345 0.000861336006908 0.000746635783909  0.00063768476734 0.000548622707242 0.000462685840562  0.00037613733486  0.00032662556809 0.000286011962882 0.000265209956136  0.00126839794486  0.00329024801072   0.0034576085336  0.00545534764871  0.00494232042602  0.00420799439021   0.0046009258038  0.00456133175116    0.004197122673  0.00450166899631  0.00448589878969  0.00419815239795  0.00447363209747
1.87363281761e-05 0.000137986214579 0.000519301230849  0.00107825541876  0.00146058191755  0.00155279856983   0.0015059951541  0.00141847494576  0.00132617159812  0.00123942411454  0.00115859920978  0.00108862047589  0.00102885656906 0.000971109174719 0.000921050328908  0.00088044131704  0.00137271072385  0.00323381365003  0.00394327483199   0.0055302018314  0.00534047923607   0.0044566142505  0.00483150544838  0.00478620198546  0.00444621958636  0.00475694752006  0.00474481382729  0.00445683111053  0.00471808771932
5.18589147553e-05  0.00051937528938  0.00165557085389  0.00269561546998   0.0031691350615  0.00316706299088  0.00306516886145  0.00296064910621  0.00285522159905  0.00276438940586   0.0026787418366  0.00261196327865  0.00256061722566   0.0025046480862  0.00245860175484  0.00241910980693  0.00266294563186   0.0038690393439  0.00520267917448  0.00561877453959  0.00562727379116  0.00502191529879  0.00537707854688  0.00535155334871  0.00503757457529  0.00529238469567  0.00528106905891  0.00503266974348    0.005265757393
5.19320937518e-05  0.00101036514284  0.00310682493965  0.00498493813437  0.00571478902098  0.00550782383449   0.0053065789886  0.00513001570924  0.00498399551689  0.00485933210914  0.00475604866802  0.00466549102788  0.00458824068679  0.00452155187837  0.00446533440921  0.00441908306093  0.00444308266983  0.00489037714118  0.00643443448889  0.00614498548218  0.00634088792647  0.00576960672417  0.00608876688454  0.00606517706407  0.00578764522909  0.00602304199692  0.00601093629746   0.0058018856827  0.00599938838417
6.02414302533e-06  0.00027773424904 0.000977821619053  0.00175821252133  0.00232883317819  0.00251647002769  0.00251018392785  0.00245576073943  0.00239548821953  0.00233017537709  0.00228478780306  0.00223455876616  0.00217502768248  0.00214945593294   0.0021164039251  0.00207291619034  0.00196399207381 0.000751104577893  0.00313640409076  0.00721618131293  0.00776372938098  0.00534792280688  0.00565941059811  0.00560563697482   0.0052954766955  0.00555476681871   0.0055284248479  0.00527275596035  0.00550364592132
2.62563514198e-06 0.000168875772875 0.000675991170533  0.00132842787953  0.00185756664773  0.00204534064619  0.00203631206388  0.00192710215489  0.00181825550614  0.00170351012096  0.00160759714877  0.00151017308585  0.00140745488885  0.00133850002581  0.00126906579904  0.00119890616575  0.00111762636246  0.00156431513758  0.00390008739629  0.00557910944159   0.0063869348203  0.00503454746874  0.00550874169325  0.00530942851866  0.00497546444252  0.00524624365114  0.00523566570477  0.00498050964374  0.00521122948928
3.57322030758e-06 0.000109539133546  0.00049815605128  0.00108126645535  0.00161486965929  0.00183197501559  0.00181334463174  0.00173467620205  0.00163539681257  0.00153986632267  0.00144574165035  0.00136777956063  0.00130737114434  0.00120409579924  0.00116690108274  0.00112030868286  0.00108535439734  0.00152637638592  0.00230670463437  0.00516473134582  0.00592203833266  0.00493245015969  0.00543872347816  0.00528140323308  0.00493144203404  0.00521255709805    0.005194032956  0.00493306404252  0.00517073096597
2.82730706556e-06 0.000832784337198  0.00261073256359  0.00426839381633  0.00509464336296  0.00511377782244  0.00500082724298   0.0048596216093  0.00472675234206  0.00460460610126  0.00450088398284  0.00440732385552    0.004320163169  0.00428391917488  0.00420426930989  0.00414421934358  0.00407800306733  0.00421950332197  0.00516686456101  0.00613593593296  0.00659638851513  0.00605473559544  0.00648354970788  0.00639004544503  0.00611454699767  0.00634565460403  0.00632968839712  0.00611609283202    0.006307762701
