             0 0.428253915609 0.707106781187              0              1              1              0              1              1              0              1              1              0              1              1              0              1              1              0              1              1              0              1              1              0              1              1              0              1
             0 0.428253915609 0.707106781187              0              1              1              0              1              1              0              1              1              0              1              1              0              1              1              0              1              1              0              1              1              0              1              1              0              1
             0 0.428253915609 0.707106781187              0              1              1              0              1              1              0              1              1              0              1              1              0              1              1              0              1              1              0              1              1              0              1              1              0              1
             0 0.117220217521 0.707106781187              0              1              1              0              1              1              0              1              1              0              1              1              0              1              1              0              1              1              0              1              1              0              1              1              0              1
             0 0.117220217521 0.707106781187              0              1              1              0              1              1              0              1              1              0              1              1              0              1              1              0              1              1              0              1              1              0              1              1              0              1
             0 0.117220217521 0.707106781187              0              1              1              0              1              1              0              1              1              0              1              1              0              1              1              0              1              1              0              1              1              0              1              1              0              1
             0 0.117220217521 0.707106781187              0              1              1              0              1              1              0              1              1              0              1              1              0              1              1              0              1              1              0              1              1              0              1              1              0              1
             0 0.117220217521 0.707106781187              0              1              1              0              1              1              0              1              1              0              1              1              0              1              1              0              1              1              0              1              1              0              1              1              0              1
             0 0.117220217521 0.136773650639              0              1              1              0              1              1              0              1              1              0              1              1              0              1              1              0              1              1              0              1              1              0              1              1              0              1
             0 0.117220217521 0.136773650639              0              1              1              0              1              1              0              1              1              0              1              1              0              1              1              0              1              1              0              1              1              0              1              1              0              1
                0    0.117220217521    0.136773650639 2.50457600133e-16    0.990602326108                 1                 0                 1                 1                 0                 1                 1                 0                 1                 1                 0                 1                 1                 0                 1                 1                 0                 1                 1                 0                 1                 1                 0                 1
                0                 0    0.136773650639 2.58808672662e-16    0.990602326108                 1                 0                 1                 1                 0                 1                 1                 0                 1                 1                 0                 1                 1                 0                 1                 1                 0                 1                 1                 0                 1                 1                 0                 1
                0                 0    0.136773650639 2.64731722695e-16    0.990602326108                 1                 0                 1                 1                 0                 1                 1                 0                 1                 1                 0                 1                 1                 0                 1                 1                 0                 1                 1                 0                 1                 1                 0                 1
                0                 0    0.136773650639 2.71219858537e-16    0.990602326108                 1                 0                 1                 1                 0                 1                 1                 0                 1                 1                 0                 1                 1                 0                 1                 1                 0                 1                 1                 0                 1                 1                 0                 1
                0                 0    0.136773650639 2.73887230285e-16    0.990602326108                 1                 0                 1                 1                 0                 1                 1                 0                 1                 1                 0                 1                 1                 0                 1                 1                 0                 1                 1                 0                 1                 1                 0                 1
             0              0 0.136773650639              0 0.990602326108              1              0              1              1              0              1              1              0              1              1              0              1              1              0              1              1              0              1              1              0              1              1              0              1
             0              0              0              0 0.990602326108              1              0              1              1              0              1              1              0              1              1              0              1              1              0              1              1              0              1              1              0              1              1              0              1
             0              0              0              0 0.990602326108 0.990602326108              0              1              1              0              1              1              0              1              1              0              1              1              0              1              1              0              1              1              0              1              1              0              1
             0              0              0              0 0.707106781187 0.990602326108              0              1              1              0              1              1              0              1              1              0              1              1              0              1              1              0              1              1              0              1              1              0              1
             0              0              0              0 0.707106781187 0.990602326108              0              1              1              0              1              1              0              1              1              0              1              1              0              1              1              0              1              1              0              1              1              0              1
             0              0              0              0 0.707106781187 0.990602326108              0              1              1              0              1              1              0              1              1              0              1              1              0              1              1              0              1              1              0              1              1              0              1
             0              0              0              0 0.707106781187 0.990602326108              0              1              1              0              1              1              0              1              1              0              1              1              0              1              1              0              1              1              0              1              1              0              1
             0              0              0              0 0.136773650639 0.990602326108              0              1              1              0              1              1              0              1              1              0              1              1              0              1              1              0              1              1              0              1              1              0              1
             0              0              0              0 0.136773650639 0.990602326108              0              1              1              0              1              1              0              1              1              0              1              1              0              1              1              0              1              1              0              1              1              0              1
             0              0              0              0 0.136773650639 0.707106781187              0              1              1              0              1              1              0              1              1              0              1              1              0              1              1              0              1              1              0              1              1              0              1
             0              0              0              0 0.136773650639 0.707106781187              0              1              1              0              1              1              0              1              1              0              1              1              0              1              1              0              1              1              0              1              1              0              1
             0              0              0              0 0.136773650639 0.707106781187              0              1              1              0              1              1              0              1              1              0              1              1              0              1              1              0              1              1              0              1              1              0              1
             0              0              0              0 0.136773650639 0.707106781187              0              1              1              0              1              1              0              1              1              0              1              1              0              1              1              0              1              1              0              1              1              0              1
             0              0              0              0              0 0.136773650639              0              1              1              0              1              1              0              1              1              0              1              1              0              1              1              0              1              1              0              1              1              0              1
             0              0              0              0              0 0.136773650639              0              1              1              0              1              1              0              1              1              0              1              1              0              1              1              0              1              1              0              1              1              0              1
             0              0              0              0              0 0.136773650639              0 0.990602326108              1              0              1              1              0              1              1              0              1              1              0              1              1              0              1              1              0              1              1              0              1
                0                 0                 0                 0                 0    0.136773650639 2.96878808928e-16    0.990602326108                 1                 0                 1                 1                 0                 1                 1                 0                 1                 1                 0                 1                 1                 0                 1                 1                 0                 1                 1                 0                 1
               0                0                0                0                0   0.136773650639 2.9807245411e-16   0.990602326108                1                0                1                1                0                1                1                0                1                1                0                1                1                0                1                1                0                1                1                0                1
                0                 0                 0                 0                 0    0.136773650639 3.04384548524e-16    0.990602326108                 1                 0                 1                 1                 0                 1                 1                 0                 1                 1                 0                 1                 1                 0                 1                 1                 0                 1                 1                 0                 1
             0              0              0              0              0              0              0 0.990602326108              1              0              1              1              0              1              1              0              1              1              0              1              1              0              1              1              0              1              1              0              1
             0              0              0              0              0              0              0 0.990602326108              1              0              1              1              0              1              1              0              1              1              0              1              1              0              1              1              0              1              1              0              1
             0              0              0              0              0              0              0 0.990602326108 0.990602326108              0              1              1              0              1              1              0              1              1              0              1              1              0              1              1              0              1              1              0              1
             0              0              0              0              0              0              0 0.707106781187 0.990602326108              0              1              1              0              1              1              0              1              1              0              1              1              0              1              1              0              1              1              0              1
             0              0              0              0              0              0              0 0.707106781187 0.990602326108              0              1              1              0              1              1              0              1              1              0              1              1              0              1              1              0              1              1              0              1
             0              0              0              0              0              0              0 0.707106781187 0.990602326108              0              1              1              0              1              1              0              1              1              0              1              1              0              1              1              0              1              1              0              1
             0              0              0              0              0              0              0 0.136773650639 0.990602326108              0              1              1              0              1              1              0              1              1              0              1              1              0              1              1              0              1              1              0              1
             0              0              0              0              0              0              0 0.136773650639 0.990602326108              0              1              1              0              1              1              0              1              1              0              1              1              0              1              1              0              1              1              0              1
             0              0              0              0              0              0              0 0.136773650639 0.990602326108              0              1              1              0              1              1              0              1              1              0              1              1              0              1              1              0              1              1              0              1
             0              0              0              0              0              0              0 0.136773650639 0.707106781187              0              1              1              0              1              1              0              1              1              0              1              1              0              1              1              0              1              1              0              1
             0              0              0              0              0              0              0 0.136773650639 0.707106781187              0              1              1              0              1              1              0              1              1              0              1              1              0              1              1              0              1              1              0              1
             0              0              0              0              0              0              0 0.136773650639 0.707106781187              0              1              1              0              1              1              0              1              1              0              1              1              0              1              1              0              1              1              0              1
             0              0              0              0              0              0              0 0.136773650639 0.707106781187              0              1              1              0              1              1              0              1              1              0              1              1              0              1              1              0              1              1              0              1
             0              0              0              0              0              0              0              0 0.136773650639              0              1              1              0              1              1              0              1              1              0              1              1              0              1              1              0              1              1              0              1
             0              0              0              0              0              0              0              0 0.136773650639              0 0.990602326108              1              0              1              1              0              1              1              0              1              1              0              1              1              0              1              1              0              1
                0                 0                 0                 0                 0                 0                 0                 0    0.136773650639 1.94879721908e-16    0.990602326108                 1                 0                 1                 1                 0                 1                 1                 0                 1                 1                 0                 1                 1                 0                 1                 1                 0                 1
                0                 0                 0                 0                 0                 0                 0                 0    0.136773650639 1.92038756055e-16    0.990602326108                 1                 0                 1                 1                 0                 1                 1                 0                 1                 1                 0                 1                 1                 0                 1                 1                 0                 1
               0                0                0                0                0                0                0                0   0.136773650639 1.9142257588e-16   0.990602326108                1                0                1                1                0                1                1                0                1                1                0                1                1                0                1                1                0                1
                0                 0                 0                 0                 0                 0                 0                 0    0.136773650639 2.91599579929e-16    0.990602326108                 1                 0                 1                 1                 0                 1                 1                 0                 1                 1                 0                 1                 1                 0                 1                 1                 0                 1
             0              0              0              0              0              0              0              0              0              0 0.990602326108              1              0              1              1              0              1              1              0              1              1              0              1              1              0              1              1              0              1
             0              0              0              0              0              0              0              0              0              0 0.990602326108              1              0              1              1              0              1              1              0              1              1              0              1              1              0              1              1              0              1
             0              0              0              0              0              0              0              0              0              0 0.707106781187 0.990602326108              0              1              1              0              1              1              0              1              1              0              1              1              0              1              1              0              1
             0              0              0              0              0              0              0              0              0              0 0.707106781187 0.990602326108              0              1              1              0              1              1              0              1              1              0              1              1              0              1              1              0              1
             0              0              0              0              0              0              0              0              0              0 0.707106781187 0.990602326108              0              1              1              0              1              1              0              1              1              0              1              1              0              1              1              0              1
             0              0              0              0              0              0              0              0              0              0 0.707106781187 0.990602326108              0              1              1              0              1              1              0              1              1              0              1              1              0              1              1              0              1
             0              0              0              0              0              0              0              0              0              0 0.136773650639 0.990602326108              0              1              1              0              1              1              0              1              1              0              1              1              0              1              1              0              1
             0              0              0              0              0              0              0              0              0              0 0.136773650639 0.990602326108              0              1              1              0              1              1              0              1              1              0              1              1              0              1              1              0              1
             0              0              0              0              0              0              0              0              0              0 0.136773650639 0.990602326108              0              1              1              0              1              1              0              1              1              0              1              1              0              1              1              0              1
             0              0              0              0              0              0              0              0              0              0 0.136773650639 0.707106781187              0              1              1              0              1              1              0              1              1              0              1              1              0              1              1              0              1
             0              0              0              0              0              0              0              0              0              0 0.136773650639 0.707106781187              0              1              1              0              1              1              0              1              1              0              1              1              0              1              1              0              1
             0              0              0              0              0              0              0              0              0              0 0.136773650639 0.707106781187              0              1              1              0              1              1              0              1              1              0              1              1              0              1              1              0              1
             0              0              0              0              0              0              0              0              0              0 0.136773650639 0.707106781187              0              1              1              0              1              1              0              1              1              0              1              1              0              1              1              0              1
             0              0              0              0              0              0              0              0              0              0              0 0.136773650639              0              1              1              0              1              1              0              1              1              0              1              1              0              1              1              0              1
             0              0              0              0              0              0              0              0              0              0              0 0.136773650639              0 0.990602326108              1              0              1              1              0              1              1              0              1              1              0              1              1              0              1
                0                 0                 0                 0                 0                 0                 0                 0                 0                 0                 0    0.136773650639 2.83370497998e-16    0.990602326108                 1                 0                 1                 1                 0                 1                 1                 0                 1                 1                 0                 1                 1                 0                 1
                0                 0                 0                 0                 0                 0                 0                 0                 0                 0                 0    0.136773650639 2.78949043385e-16    0.990602326108                 1                 0                 1                 1                 0                 1                 1                 0                 1                 1                 0                 1                 1                 0                 1
                0                 0                 0                 0                 0                 0                 0                 0                 0                 0                 0    0.136773650639 2.77248627969e-16    0.990602326108                 1                 0                 1                 1                 0                 1                 1                 0                 1                 1                 0                 1                 1                 0                 1
                0                 0                 0                 0                 0                 0                 0                 0                 0                 0                 0    0.136773650639 2.79944756185e-16    0.990602326108                 1                 0                 1                 1                 0                 1                 1                 0                 1                 1                 0                 1                 1                 0                 1
             0              0              0              0              0              0              0              0              0              0              0              0              0 0.990602326108              1              0              1              1              0              1              1              0              1              1              0              1              1              0              1
             0              0              0              0              0              0              0              0              0              0              0              0              0 0.990602326108 0.990602326108              0              1              1              0              1              1              0              1              1              0              1              1              0              1
             0              0              0              0              0              0              0              0              0              0              0              0              0 0.707106781187 0.990602326108              0              1              1              0              1              1              0              1              1              0              1              1              0              1
             0              0              0              0              0              0              0              0              0              0              0              0              0 0.707106781187 0.990602326108              0              1              1              0              1              1              0              1              1              0              1              1              0              1
             0              0              0              0              0              0              0              0              0              0              0              0              0 0.707106781187 0.990602326108              0              1              1              0              1              1              0              1              1              0              1              1              0              1
             0              0              0              0              0              0              0              0              0              0              0              0              0 0.707106781187 0.990602326108              0              1              1              0              1              1              0              1              1              0              1              1              0              1
             0              0              0              0              0              0              0              0              0              0              0              0              0 0.136773650639 0.990602326108              0              1              1              0              1              1              0              1              1              0              1              1              0              1
             0              0              0              0              0              0              0              0              0              0              0              0              0 0.136773650639 0.990602326108              0              1              1              0              1              1              0              1              1              0              1              1              0              1
             0              0              0              0              0              0              0              0              0              0              0              0              0 0.136773650639 0.707106781187              0              1              1              0              1              1              0              1              1              0              1              1              0              1
             0              0              0              0              0              0              0              0              0              0              0              0              0 0.136773650639 0.707106781187              0              1              1              0              1              1              0              1              1              0              1              1              0              1
             0              0              0              0              0              0              0              0              0              0              0              0              0 0.136773650639 0.707106781187              0              1              1              0              1              1              0              1              1              0              1              1              0              1
             0              0              0              0              0              0              0              0              0              0              0              0              0 0.136773650639 0.707106781187              0              1              1              0              1              1              0              1              1              0              1              1              0              1
             0              0              0              0              0              0              0              0              0              0              0              0              0              0 0.136773650639              0              1              1              0              1              1              0              1              1              0              1              1              0              1
             0              0              0              0              0              0              0              0              0              0              0              0              0              0 0.136773650639              0 0.990602326108              1              0              1              1              0              1              1              0              1              1              0              1
                0                 0                 0                 0                 0                 0                 0                 0                 0                 0                 0                 0                 0                 0    0.136773650639 2.78964796073e-16    0.990602326108                 1                 0                 1                 1                 0                 1                 1                 0                 1                 1                 0                 1
                0                 0                 0                 0                 0                 0                 0                 0                 0                 0                 0                 0                 0                 0    0.136773650639 2.74646926387e-16    0.990602326108                 1                 0                 1                 1                 0                 1                 1                 0                 1                 1                 0                 1
                0                 0                 0                 0                 0                 0                 0                 0                 0                 0                 0                 0                 0                 0    0.136773650639 2.72415753484e-16    0.990602326108                 1                 0                 1                 1                 0                 1                 1                 0                 1                 1                 0                 1
                0                 0                 0                 0                 0                 0                 0                 0                 0                 0                 0                 0                 0                 0    0.136773650639 1.82378636708e-16    0.990602326108                 1                 0                 1                 1                 0                 1                 1                 0                 1                 1                 0                 1
             0              0              0              0              0              0              0              0              0              0              0              0              0              0              0              0 0.990602326108              1              0              1              1              0              1              1              0              1              1              0              1
             0              0              0              0              0              0              0              0              0              0              0              0              0              0              0              0 0.990602326108 0.990602326108              0              1              1              0              1              1              0              1              1              0              1
             0              0              0              0              0              0              0              0              0              0              0              0              0              0              0              0 0.707106781187 0.990602326108              0              1              1              0              1              1              0              1              1              0              1
             0              0              0              0              0              0              0              0              0              0              0              0              0              0              0              0 0.707106781187 0.990602326108              0              1              1              0              1              1              0              1              1              0              1
             0              0              0              0              0              0              0              0              0              0              0              0              0              0              0              0 0.707106781187 0.990602326108              0              1              1              0              1              1              0              1              1              0              1
             0              0              0              0              0              0              0              0              0              0              0              0              0              0              0              0 0.707106781187 0.990602326108              0              1              1              0              1              1              0              1              1              0              1
             0              0              0              0              0              0              0              0              0              0              0              0              0              0              0              0 0.136773650639 0.990602326108              0              1              1              0              1              1              0              1              1              0              1
             0              0              0              0              0              0              0              0              0              0              0              0              0              0              0              0 0.136773650639 0.990602326108              0              1              1              0              1              1              0              1              1              0              1
             0              0              0              0              0              0              0              0              0              0              0              0              0              0              0              0 0.136773650639 0.990602326108              0              1              1              0              1              1              0              1              1              0              1
             0              0              0              0              0              0              0              0              0              0              0              0              0              0              0              0 0.136773650639 0.707106781187              0              1              1              0              1              1              0              1              1              0              1
             0              0              0              0              0              0              0              0              0              0              0              0              0              0              0              0 0.136773650639 0.707106781187              0              1              1              0              1              1              0              1              1              0              1
             0              0              0              0              0              0              0              0              0              0              0              0              0              0              0              0 0.136773650639 0.707106781187              0              1              1              0              1              1              0              1              1              0              1
             0              0              0              0              0              0              0              0              0              0              0              0              0              0              0              0 0.136773650639 0.136773650639              0              1              1              0              1              1              0              1              1              0              1
             0              0              0              0              0              0              0              0              0              0              0              0              0              0              0              0              0 0.136773650639              0              1              1              0              1              1              0              1              1              0              1
             0              0              0              0              0              0              0              0              0              0              0              0              0              0              0              0              0 0.136773650639              0 0.990602326108              1              0              1              1              0              1              1              0              1
                0                 0                 0                 0                 0                 0                 0                 0                 0                 0                 0                 0                 0                 0                 0                 0                 0    0.136773650639 2.72185974316e-16    0.990602326108                 1                 0                 1                 1                 0                 1                 1                 0                 1
               0                0                0                0                0                0                0                0                0                0                0                0                0                0                0                0                0   0.136773650639 2.6951454036e-16   0.990602326108                1                0                1                1                0                1                1                0                1
                0                 0                 0                 0                 0                 0                 0                 0                 0                 0                 0                 0                 0                 0                 0                 0                 0    0.136773650639 2.70048329858e-16    0.990602326108                 1                 0                 1                 1                 0                 1                 1                 0                 1
             0              0              0              0              0              0              0              0              0              0              0              0              0              0              0              0              0              0              0 0.990602326108              1              0              1              1              0              1              1              0              1
             0              0              0              0              0              0              0              0              0              0              0              0              0              0              0              0              0              0              0 0.990602326108 0.990602326108              0              1              1              0              1              1              0              1
             0              0              0              0              0              0              0              0              0              0              0              0              0              0              0              0              0              0              0 0.990602326108 0.990602326108              0              1              1              0              1              1              0              1
             0              0              0              0              0              0              0              0              0              0              0              0              0              0              0              0              0              0              0 0.707106781187 0.990602326108              0              1              1              0              1              1              0              1
             0              0              0              0              0              0              0              0              0              0              0              0              0              0              0              0              0              0              0 0.707106781187 0.990602326108              0              1              1              0              1              1              0              1
             0              0              0              0              0              0              0              0              0              0              0              0              0              0              0              0              0              0              0 0.707106781187 0.990602326108              0              1              1              0              1              1              0              1
             0              0              0              0              0              0              0              0              0              0              0              0              0              0              0              0              0              0              0 0.136773650639 0.990602326108              0              1              1              0              1              1              0              1
             0              0              0              0              0              0              0              0              0              0              0              0              0              0              0              0              0              0              0 0.136773650639 0.990602326108              0              1              1              0              1              1              0              1
