  0.0012293940267 0.000948062256432  0.00283980146556 0.000431278168328  0.00389237511194  0.00391982612527 4.37511574765e-05  0.00394591797529  0.00395341776294 2.33714936781e-05  0.00396441801432  0.00396887238756 2.02631033129e-05  0.00397585294791  0.00397810061515  2.3213831234e-05  0.00398312759648  0.00398405316388 2.51377146734e-05   0.0039867650793  0.00398774274966 2.59899452239e-05  0.00398923440641  0.00399013651199 2.60846864433e-05  0.00399107086185  0.00399159128255 2.62461266166e-05  0.00399250160127
 0.00125041897186  0.00132032082335  0.00321235831276 0.000370982132365  0.00389177823939  0.00392075349892 8.47637040332e-05  0.00394519703553   0.0039535257819 5.19004416706e-05  0.00396387725322  0.00396832846683 3.45542723371e-05  0.00397522164019  0.00397749832012 3.26887082536e-05  0.00398237049411  0.00398334106696 2.88496559038e-05  0.00398606721231  0.00398703407583 2.67450884979e-05  0.00398861409317  0.00398946715739 2.61688486273e-05  0.00399029750629  0.00399084190907 2.55939377973e-05  0.00399152734107
 0.00129663653513  0.00159833686895  0.00344465015735 0.000245596008527  0.00396811803169  0.00393157684707 0.000187814090341  0.00395125643626  0.00395713782846 0.000105405782963  0.00396600835911  0.00397034364286 6.09675265362e-05  0.00397582631064  0.00397800257752 5.08869666169e-05  0.00398232867117  0.00398343381608 3.91073641026e-05  0.00398595968887  0.00398705476853 3.14006893828e-05  0.00398824601608  0.00398924837057 3.03980731061e-05  0.00399010455519  0.00399061956844  2.8245263636e-05  0.00399121280648
0.000549945424094  0.00153855289529  0.00343133060276 0.000305058994378  0.00421730452129  0.00395188822087 0.000382238326682  0.00396023991818  0.00396473731548 0.000228567192099  0.00396847420962  0.00397237502211 0.000113090199242  0.00397584223751  0.00397842224593 8.92331201513e-05  0.00398278469323  0.00398310386947 5.91314398486e-05  0.00398545459684  0.00398630470246 3.99825993039e-05  0.00398768318979  0.00398853446041 3.53023563199e-05  0.00398916848189  0.00398979384282  3.1805695523e-05  0.00399055953429
 0.00131760876269 0.000915914567662  0.00289546431698 0.000511212146312  0.00431663829091  0.00397904199642 0.000709420183679    0.003984918083  0.00398506351979 0.000485690181147  0.00398473487651  0.00398357444769 0.000299466440938  0.00398174878976  0.00398064795516 0.000212915754115  0.00398161808841  0.00398146975066 0.000128403938924  0.00398288112517  0.00398392603352 7.03960516602e-05  0.00398505196006  0.00398600237733 5.40816019314e-05   0.0039868334623  0.00398769419879 4.26183900099e-05  0.00398819009096
 0.00169140602398  0.00117719266143  0.00291420478113  0.00095948984858  0.00511569141047  0.00441949785232  0.00125206393748  0.00411952797154  0.00410832724654 0.000950462980787  0.00408686537333  0.00406917908419 0.000649216118115  0.00404000046248   0.0040348068607  0.00050705533284  0.00400951134309  0.00400950326968 0.000308555166722  0.00400465095238  0.00400203351465 0.000161695408739  0.00400091531745  0.00399947971102 0.000109529116712  0.00399841966356  0.00399880358862 7.68301854788e-05  0.00399802979342
0.000609956617208 0.000430135915846  0.00189432136544  0.00124659844547  0.00553810911242  0.00469104031296  0.00168903253809   0.0041773019159  0.00416370085912  0.00139856348842    0.004153288988  0.00413229716609  0.00110066202583  0.00409993173486  0.00409213320284  0.00095906354826  0.00404554763037  0.00404860575545  0.00073290146537  0.00402519768598  0.00401545814218 0.000444454604737  0.00400718109685  0.00399742851597  0.00032217287661  0.00399639569725  0.00399403936875 0.000236920548378     0.00399533799
0.000416548852261 0.000357081988374  0.00181879665935  0.00160878234869  0.00603996184769   0.0061256912127  0.00237586595982  0.00442279871928  0.00433723444981  0.00196462464715  0.00432286873238  0.00430954744146  0.00171053912843  0.00426808179808  0.00425896729646  0.00158667937283   0.0041991361612   0.0041993664309  0.00139213351058  0.00416539220044  0.00415201400925  0.00118270955967  0.00414310017613  0.00412726289405  0.00109654693284  0.00412514498299  0.00411310328485  0.00103422545295  0.00411047173467
0.000458762266124 0.000501863662735   0.0017057928054  0.00174942097678  0.00581481860428  0.00623817518563  0.00304415415684  0.00501094606397  0.00470375861044  0.00287882943245  0.00475015825091  0.00478355695742  0.00291753415086   0.0048370449751   0.0048501674688  0.00293350222447  0.00490089592961  0.00490344924221  0.00295662887786  0.00492889103545  0.00493887605635  0.00298393408339   0.0049489272194  0.00496448921947   0.0029980603308  0.00496822276738  0.00497747382341   0.0030122402199  0.00497840048744
0.000133452368444 0.000597384534824  0.00169081279708   0.0023414400667  0.00513650247432  0.00533797249414  0.00345073914574  0.00499945073456  0.00502478361916  0.00351335906048  0.00507861705601  0.00511897265692  0.00356772506954  0.00518684773101  0.00520546770267  0.00359261107093  0.00527543760967  0.00528087400845  0.00363206865835  0.00531776092271  0.00533305819549  0.00367570177457  0.00534943227822  0.00536933581037  0.00369435931158  0.00537653253572  0.00538567359666  0.00370645541085  0.00539069597571
0.000284659237836 0.000938687474246  0.00213682567707  0.00162706071629  0.00535367315674  0.00548306904119  0.00372229822148  0.00510644832492  0.00504406498811  0.00364921942054  0.00508526177836  0.00510506853087  0.00361078379165  0.00514110048861  0.00515458672631  0.00359726494169  0.00517724958682   0.0051856853396  0.00357532508863  0.00519814167615   0.0052031430722  0.00355124582901  0.00521310660392  0.00521573531675  0.00354242567877  0.00522368007932  0.00522606729395  0.00353604565918    0.005232653263
0.000109510636428 0.000353720027478  0.00108155189837 0.000720101886415  0.00541650459832  0.00630856043522  0.00410087202848  0.00555857422133  0.00530352275032   0.0040111466286  0.00526656816403  0.00530767003492  0.00403453718878  0.00537700551202  0.00539945597015  0.00404837744532  0.00546672988047  0.00547734716498  0.00407362034948  0.00551967119055  0.00553637589613  0.00410366102128  0.00555746732488  0.00557584705003  0.00411462949335  0.00558859916899   0.0055987468519  0.00412243611697  0.00560887363544
5.38628901269e-05 0.000363869689716   0.0010481710798 0.000927533908094  0.00461974387358  0.00593087564633  0.00393667650029  0.00555721806671  0.00510946608562  0.00369867079058  0.00494626422349  0.00499495080639  0.00373581585065  0.00508024056318  0.00510859982746  0.00375518030576  0.00518830148135  0.00520231628978  0.00378585116621  0.00525138792306  0.00526980689486  0.00381445891236  0.00529505010689  0.00531405291899  0.00382453311045  0.00533074279873  0.00534237561581  0.00383305554194  0.00535632677269
8.95753214755e-05 0.000397740074385 0.000771876018167 0.000978296255621  0.00398784283621  0.00550414863919  0.00369111409776  0.00539277465284  0.00490646843685  0.00329350665632  0.00457368642457  0.00461021347048  0.00326258265383  0.00467207245744   0.0046963753874  0.00324693455381  0.00473735941531  0.00475503585529  0.00322437887108  0.00478468844268  0.00479781362317  0.00320363044956  0.00482134541007  0.00483125786732  0.00319534611172  0.00485000441826  0.00485820606158  0.00319057705633   0.0048725481626
5.64858386366e-05 0.000330845852437  0.00107755544608  0.00191811964498  0.00348217651685  0.00488327255166   0.0035993332346  0.00514921709457   0.0049599426768  0.00351433771697  0.00467346687459  0.00470672663637  0.00347509780065  0.00476781780226   0.0047935073616   0.0034605601429  0.00483828248301  0.00485725902025  0.00344087268035  0.00488896931857  0.00490272510799  0.00342011471907  0.00492820682191   0.0049381234968  0.00341343940227  0.00495915978685  0.00496817552699  0.00340795518665   0.0049850360104
8.85458040157e-05  0.00017625924593  0.00071036985138 0.000648610060213   0.0037000837262  0.00552234606506  0.00413528467122  0.00557274793735  0.00528802671932   0.0038990168499  0.00490541699219  0.00493452405462  0.00384721119817   0.0049908213739  0.00501572549401  0.00382981084795  0.00505785837147  0.00507753869957  0.00381068085071  0.00511282412652  0.00512885848185  0.00379765147263  0.00515666650131  0.00516952252307  0.00379341893117  0.00519152573047  0.00520087911671  0.00378876924982  0.00521902255008
0.000455762783275 0.000344719948552 0.000923994703909 0.000700184731951  0.00410812129979  0.00577051763938  0.00465588878843   0.0057669117121  0.00569070277126  0.00459568835714  0.00543359207046  0.00545347006696  0.00455996568642  0.00550452340853    0.005527571153  0.00454138098082   0.0055678830393  0.00558710333395  0.00452337108347  0.00561892099152  0.00563271174967  0.00450540033776  0.00565890035434  0.00566867250522  0.00449830364145  0.00569074416889  0.00570013844258  0.00449448823968  0.00571856955443
2.57851108941e-05 0.000167135153995  0.00101944468569  0.00148434740889  0.00369400289031  0.00553038821483  0.00491391697042  0.00578944000012  0.00548260042978  0.00466922512117  0.00539095412631  0.00545589069875  0.00471833217329  0.00557431150168   0.0056130703698  0.00475366889789  0.00573255251954  0.00575263763047  0.00480578636221  0.00582344543696  0.00585124062969  0.00485075877581  0.00588979423903  0.00591847055039  0.00486564754342  0.00594414804848  0.00596063800451   0.0048742890427  0.00598254862497
9.10184404347e-05 9.19055069954e-05 0.000619306735304  0.00112320282261  0.00321472550376  0.00480930812749  0.00455806729115  0.00556422686431  0.00541725452916  0.00433223916116  0.00512233707023  0.00507186732341  0.00424970876509   0.0051232373205  0.00515179035117  0.00423416093519  0.00519844444646  0.00522215163566  0.00421577402158  0.00526445085091  0.00528418186854  0.00420489280743  0.00531985287474   0.0053369354427  0.00420272518943  0.00536650976066  0.00538068201095  0.00420260431537  0.00540441131656
0.000237829948219 0.000137715151926 0.000688477528073  0.00118143091861  0.00258640843781  0.00421725079043  0.00430902456896   0.0049959941186  0.00494489339325  0.00425229437255  0.00494794188581   0.0050002697131  0.00428007657595   0.0050981541865  0.00513630496806  0.00429728308967  0.00523384909381  0.00525855676244  0.00432250388603  0.00532224697259  0.00534897596209  0.00434450338444  0.00539110246145  0.00541704995528  0.00435257236159  0.00544856963142  0.00546680991829  0.00435864931284  0.00549235954821
0.000398316862063 0.000329709031541 0.000911458939084  0.00131030489381  0.00212562732042  0.00337724105079  0.00381172347123  0.00411747708527  0.00404600893484  0.00362924968643  0.00425836483748  0.00438074878428  0.00361032315555  0.00449828037215  0.00454365495197  0.00363880905967  0.00466859395496  0.00469706194778  0.00368725620942  0.00478229475673  0.00481806758903  0.00373821027494  0.00487091057825  0.00490840263956  0.00375807650827  0.00494605946214  0.00496978522315  0.00377142439885   0.0050003590702
0.000152597071213 0.000159859967736 0.000872609349745  0.00128951229877  0.00165855630276  0.00264746557224  0.00315959842188  0.00359158202613  0.00355945632966  0.00276331982336  0.00363460943055  0.00365131048298  0.00262844027112  0.00371257244156  0.00374908336447  0.00259387728178  0.00380467799493   0.0038398655544  0.00255335128038   0.0038933720809  0.00391871386837   0.0025149919829  0.00396831658625  0.00398696593036  0.00250065603277  0.00403040784146  0.00404849287233  0.00249183184838  0.00408537972974
0.000410259804207 0.000330531736941 0.000489506367615 0.000901537940885 0.000443852674706  0.00341129403962   0.0032870191053  0.00571978136207  0.00520700115477  0.00328646115192  0.00418610024643   0.0039319567168   0.0030066331911  0.00396672095977  0.00399380590129  0.00295013875683   0.0040122946452  0.00404493101362  0.00287863713621  0.00407773673714  0.00409510026365  0.00282375216742  0.00412514393742  0.00414428783122  0.00277769971119  0.00418449918877  0.00419651902443  0.00275677452214  0.00423172003785
 0.00014889242961 0.000276410398172 0.000391762887616 0.000990061250082 0.000762272641853  0.00371399055539  0.00404128673781  0.00605839127629  0.00571705317364  0.00444663458144  0.00517518141594  0.00505171452618  0.00441664052288   0.0050940891673  0.00511630724789  0.00439122188613  0.00515845931341   0.0051837057239  0.00436725627415   0.0052242440975  0.00524451769199  0.00433093276834  0.00529758229268   0.0052994448679  0.00434196911891  0.00533289049089  0.00534707313918  0.00433725155944  0.00537640517998
7.49852430564e-05 0.000324360147031  0.00102746209846   0.0014661381309  0.00131856042666  0.00349683327951  0.00405756676391  0.00594878285941  0.00571396969206  0.00481730180122  0.00543831034625  0.00539314642265  0.00488045159944  0.00546919601821  0.00550907860983  0.00491954367091  0.00564412356921  0.00566703665468  0.00498749134804  0.00575823204005  0.00579598951362  0.00505797175668  0.00584879708516  0.00589206879083  0.00508583821035  0.00592823269814  0.00595506386224  0.00510567517411  0.00598476988436
0.000441596443927 0.000259504773892 0.000679202991669  0.00117362699469  0.00161076706533  0.00306718892362  0.00409697511357  0.00541556397176  0.00542083572893  0.00454922929422  0.00516103861541  0.00512201683953  0.00456680258073  0.00515252355846  0.00518180757365  0.00456349927008  0.00523579936688  0.00526045136074  0.00455342356994  0.00530682458029  0.00532870746581   0.0045441543015  0.00537010737216  0.00539001055347  0.00454152705429   0.0054255818009  0.00544323826301  0.00454139814546  0.00547341833617
0.000147408107674 0.000347056583457  0.00123637406056  0.00169734442177   0.0022254688441  0.00326712710306  0.00468729688575  0.00476995463467  0.00478925199471  0.00447864554118  0.00481467727816  0.00489980616054  0.00444285971967  0.00501061248501  0.00503874323137  0.00444456783077  0.00510579567107  0.00513112205638  0.00444517843221  0.00518521360718  0.00520578399688  0.00444353093075  0.00525234652718  0.00527255088706   0.0044419859763  0.00531018930651  0.00532798943053  0.00444084526717  0.00536055368243
 3.9603044281e-05 0.000178722739197 0.000973803540463   0.0018525323305  0.00209503154488  0.00281965410744  0.00447862547501  0.00410314586206   0.0042170295492  0.00394234697845  0.00429637527956  0.00442468923275  0.00392828303005   0.0045305864396  0.00456531453883   0.0039423492175  0.00465205796392  0.00467993372621   0.0039599145576  0.00474873329433  0.00478304564186  0.00397861324394  0.00483210319395  0.00486341532855   0.0039864841034  0.00490552607547  0.00492792404525  0.00399077061642  0.00496364713293
 0.00033249700126 6.75491292973e-05 0.000529875552255  0.00103143421648   0.0012126994731 0.000844567415593  0.00236542730511   0.0047994580993  0.00529661416014  0.00350411384564  0.00433330128139  0.00402960863538  0.00329864405934   0.0039673790421   0.0039983146178  0.00329018089439  0.00405936641793  0.00409011441636  0.00327288214456  0.00414417409453  0.00417114509635  0.00325453522176  0.00422392135797  0.00424779597298  0.00324941111616  0.00429479062205  0.00431632013084  0.00324678519361  0.00435784231485
8.03643172371e-05 0.000138454103539 0.000235139727657  0.00070616179812 0.000806662818582 0.000171730424092  0.00232769240632   0.0049588736889   0.0056092446016  0.00379395201853  0.00471043204393  0.00430318573897  0.00351652480853  0.00412587825925  0.00415077678854  0.00348818103089  0.00419120829442  0.00422077637606  0.00345853988687  0.00426474598175  0.00428726340414  0.00342763375603  0.00433245161583  0.00435028502116  0.00341093856526  0.00439433185023  0.00441125178942  0.00339919435784  0.00445057714394
7.32297636854e-05 0.000237587002508 0.000347920991231  0.00082400848731 0.000891039346758 0.000870650181171  0.00310203410503  0.00496818180143  0.00569754299267  0.00438048801883  0.00512710398585  0.00490425269358   0.0043195427456  0.00481634950692  0.00484108380714  0.00430782642471  0.00488587685599  0.00491023646239  0.00429808600145  0.00496062940968  0.00498458997495  0.00429227422827  0.00503198585967  0.00505307391933  0.00429487401143  0.00509356626083  0.00511421603302  0.00429684065096  0.00514949593487
2.77468365775e-05  0.00027957896198 0.000739581046813  0.00114770907501  0.00123739443806  0.00123874056752  0.00191610905373  0.00461477454821  0.00543857924875  0.00445541094187  0.00519362650082  0.00502436274781  0.00444953595785  0.00493195435211  0.00495740116491  0.00448475748133  0.00505366629208  0.00507706133534  0.00452224607471  0.00514793847345  0.00517905965534  0.00455562629854   0.0052288161027   0.0052618009538  0.00456786191107   0.0053016680683  0.00532543173796  0.00457632681705  0.00535947041295
8.03399234167e-05 0.000146731273992 0.000711062757158  0.00139395579617  0.00160024509224  0.00173719192092  0.00263615556913  0.00433111564972  0.00496674490994   0.0045512057706  0.00488136193187  0.00488101003007  0.00452387515387  0.00496606339122  0.00498570134604  0.00452324966087  0.00503744950982  0.00505818930899   0.0045205910769  0.00510142584553  0.00512295119427  0.00451165793337  0.00516366255375  0.00518251839398   0.0045073032561  0.00522102447865  0.00523883962349  0.00450563549515  0.00527437816989
3.90580335168e-05 8.04137553214e-05  0.00109369173146  0.00171285620463  0.00202236513546  0.00242692098436  0.00348043829925   0.0039330430281  0.00438585715654  0.00423581329976  0.00441802794752  0.00449251150099  0.00417805701795  0.00462598617101  0.00464790368322  0.00417649195729  0.00470778378108  0.00473160237848  0.00418354364686  0.00478889143264  0.00481585658763  0.00419385908393  0.00486311003606   0.0048901723527  0.00419783659392  0.00493150789221  0.00495312114964   0.0042001613788  0.00499102112764
6.94756337527e-05 0.000110233918156 0.000760775644378  0.00127326217115  0.00152906653322  0.00153978709842  0.00144045415066  0.00294385510543  0.00411807555024  0.00340511969957  0.00418423688807  0.00403225783614  0.00338165330448  0.00391763574748  0.00394134628074  0.00339240298829  0.00401027002464  0.00403624819337  0.00340717978351  0.00410655906328  0.00413896259568  0.00343044077528  0.00419683385273  0.00423302267238  0.00344264647904  0.00428241290516  0.00431085204267  0.00345271884619  0.00435356000385
1.13259880295e-05 0.000138782772075 0.000365650108203 0.000964381420917 0.000904447972861 0.000737143409195 0.000517661760296  0.00355241503072  0.00508128503955  0.00405598095755  0.00504534475416  0.00465549435292  0.00371495978455  0.00419498322333   0.0042011776551  0.00367932188143  0.00419409352866  0.00421788403434  0.00362330614532  0.00423237412593  0.00424259419699  0.00355204291592  0.00427880328029  0.00427893689351  0.00352061075232  0.00432070391595  0.00433201017011  0.00349843550707  0.00437177390446
5.80778562425e-05 0.000193133755352 0.000304455195137 0.000902935601027  0.00106690406354 0.000955577755078 0.000693927517134  0.00332826450886  0.00493172318873   0.0043055084898  0.00524910570261  0.00499535849788  0.00419721247489  0.00462121523095  0.00463407756278  0.00419611097464  0.00468755298433  0.00470708659454  0.00420744567346  0.00475982352659  0.00478516261147  0.00421904265503  0.00483092971771  0.00485738150365  0.00422335314237  0.00489755184674  0.00491784821367   0.0042241814597    0.004955874223
0.000107796152443 0.000272793451957 0.000331856162728 0.000847243295096 0.000982726368147   0.0007990304754 0.000828056213607  0.00294831557323  0.00451317521997  0.00431985183983  0.00536723116409  0.00499802502555   0.0042830692387  0.00469567191662  0.00470936678853  0.00429997945064  0.00477202888511  0.00479053991099  0.00432232733614  0.00484838170537  0.00487598654945  0.00434648725114  0.00492241725799  0.00495143807937  0.00435448760651  0.00499222133001  0.00501501117875  0.00436055666043  0.00505056005122
9.84290326525e-05 0.000131092685766 0.000900008885588  0.00129155795687  0.00143189429262  0.00133594792401  0.00129337190297  0.00282143648138  0.00440815773389   0.0045246289719  0.00517837234168  0.00506639563783   0.0044453242636  0.00487016558353  0.00485274069023  0.00445721603641  0.00486751032694  0.00488390452509  0.00443719753071  0.00491063812997  0.00492376044026  0.00440669001862  0.00495541173786  0.00496750042827  0.00439693028704  0.00500477962215  0.00501913845966  0.00438904762947  0.00505603700852
0.000135613456366 0.000252087944914  0.00129803049223  0.00199980953794   0.0022656542142  0.00236918631235  0.00247743655975  0.00338752431113  0.00417569207453  0.00482568967996  0.00453291026184  0.00453517043946  0.00441888974604  0.00472006968013  0.00475361569035  0.00437978550694  0.00482102767624  0.00483714244879  0.00441367174595   0.0049043390853  0.00493809052837  0.00446700741696  0.00499187277547  0.00503131297206  0.00448729646888  0.00506962508217  0.00509922253349  0.00450730466727  0.00513274254898
6.32356019012e-05 0.000106254752223 0.000853476005084   0.0017042180298   0.0019403848598   0.0019652428426  0.00200346652276  0.00209269778972  0.00321964754099   0.0038123331016  0.00449243080211  0.00433104667972  0.00384822354534  0.00427320819791  0.00428508622806  0.00387373642535  0.00433727720537  0.00435511077751  0.00388937272128  0.00440203836246  0.00442518823757  0.00389764597616  0.00446965947979  0.00449576445906  0.00390197772466    0.004539017026  0.00456025306058  0.00390124511129  0.00460141984896
5.48440496266e-05 8.24716108437e-05  0.00044947634908  0.00102371261341  0.00110920308344  0.00082624417585 0.000948841466628  0.00024614217265  0.00354453178981  0.00360630549506  0.00570222801447  0.00510308365414  0.00369543865026  0.00418620384044   0.0040616456624  0.00361307915292  0.00407078376141  0.00408714384881  0.00359443440421  0.00411380909013  0.00412981462559  0.00356754812491  0.00416782179593     0.00418123532  0.00355507907015  0.00422284348516  0.00424006143893  0.00354611903436   0.0042805604921
2.29152452087e-05 0.000262692693529   0.0002780618797 0.000721661937659 0.000811942630712 0.000628568850697 0.000651639328524  0.00043154644945  0.00320535559262  0.00329180088066  0.00538512673692  0.00506593418234  0.00397438298454  0.00447323407723   0.0043247762888  0.00389553289725  0.00428526284399  0.00429925105561  0.00383644146862  0.00429617378344  0.00429967954367  0.00376532219302  0.00432670122742  0.00432457502733  0.00373759264138  0.00436144424481  0.00437117194605  0.00371778066981  0.00440751382024
0.000110707425935 0.000221299106636 0.000563379675712 0.000936751198247  0.00103136653971 0.000784760092921 0.000792243910949 0.000622222058615  0.00284317299766  0.00335753871971  0.00584593463403   0.0055734203623  0.00425595896379  0.00473935795525   0.0046062583197   0.0042384047571  0.00467183652249  0.00468372887063  0.00429327974133  0.00475799792479  0.00479292699905  0.00436376624947  0.00484351034215  0.00488847972775  0.00439158166746  0.00492812683312  0.00495803691014  0.00441217550278  0.00499589057991
5.47558718177e-05 0.000150398240341 0.000608413649222  0.00119804558803  0.00132875923067  0.00122966344449  0.00120111986371   0.0012491565732   0.0029230045083  0.00393253382787  0.00476683803854  0.00473723984387  0.00410884004059  0.00453855610973  0.00449788801489  0.00411964689144  0.00451614153065  0.00452653713932  0.00412348528174  0.00455800508793  0.00457571102041  0.00412295848968  0.00461190325306  0.00463253310398   0.0041246736642  0.00466950809944  0.00468845736031  0.00412428565688  0.00472301806745
6.51349393322e-05 0.000136065239284   0.0010462127513  0.00173419687759  0.00198788486222  0.00197279500796  0.00193638536981  0.00222154077253  0.00319266820063  0.00469681881022   0.0044655717779  0.00442105907412  0.00425731022841  0.00445825532238  0.00451123401465  0.00414242660008  0.00453323067619   0.0045424763142  0.00415358053457  0.00458384792571  0.00460300199144  0.00416968297117  0.00464031513041  0.00466349856956  0.00417426673639  0.00469975320233   0.0047200992504  0.00417745350428  0.00475497944154
0.000183102100465 0.000281657718406  0.00128255030415  0.00189656946576  0.00212268598936  0.00222266672913  0.00222042454976  0.00238704410274  0.00259630992193  0.00453055018894    0.004157098296  0.00431770882548  0.00398831942846   0.0043105854029  0.00434039977141  0.00396132084695  0.00435256447685  0.00436105662812  0.00395805702625  0.00438167155986  0.00439706809609  0.00394996482547  0.00443036210176  0.00444603191209  0.00394538479131  0.00448144900531   0.0044988505734  0.00394285009845  0.00453442900472
8.61445283706e-05 0.000193447448169  0.00047415422589 0.000888426129419  0.00103023468062 0.000899254541339 0.000919083884943 0.000892952125866 0.000540271265152  0.00240715129528  0.00518881059347  0.00557269621778  0.00386729284201  0.00446566469105  0.00419030964682   0.0037122674588  0.00412261945044  0.00412900461578  0.00370883076692  0.00414895377353  0.00416209306519  0.00369604175698   0.0041940368844  0.00420893966105  0.00369099258817  0.00424563033273  0.00426128470795  0.00368535876206   0.0042989311563
6.76253096242e-05 0.000205060933719 0.000130363852841 0.000594467926729 0.000648392543437 0.000407441493514 0.000619384538146 0.000878833926914 0.000161433444966   0.0023345529004  0.00514400203431  0.00572169026498  0.00399367549171  0.00470104779387  0.00431970458093  0.00375926290565  0.00414204647631  0.00414730838064  0.00373308584955  0.00415824455372  0.00417021018499  0.00371499993847  0.00420073626218  0.00421551643159  0.00371054400405  0.00425156202551  0.00426926675505  0.00370848647681   0.0043051550278
4.65212177002e-05 0.000158378010436 0.000411308790394 0.000892009956765  0.00105242107951 0.000912957932546 0.000910088859071 0.000708612974004  0.00082122821391  0.00140511908611  0.00447983542999  0.00527069070314  0.00398544364142  0.00464244308148  0.00441993834705  0.00395055604762   0.0043455622766  0.00434746037602  0.00396642677733  0.00437648187599  0.00438760465754  0.00396690236538  0.00441551813024  0.00443001777115  0.00396398778841  0.00446316446372  0.00447895388142  0.00396085375612  0.00451381550924
5.97644945696e-05 0.000343189407066 0.000711428338386  0.00114437568553  0.00134695922997   0.0011549737995  0.00106804867032 0.000879811508815  0.00128890470802  0.00193050381308  0.00452131187442  0.00530467226864  0.00439793220169  0.00502180951418  0.00483588696094  0.00440693492897  0.00474710448112  0.00474824532732  0.00440171773093  0.00476472328792  0.00478050076983  0.00441085164408  0.00480948121108  0.00483056561063  0.00441687008707  0.00486112858664  0.00488053245757  0.00442207628521  0.00491031191325
6.61416232782e-05 0.000135120417687 0.000858815162887  0.00152734290661  0.00178731956207   0.0018487827912  0.00181610742845   0.0018144416799  0.00204371677976   0.0030349593934  0.00447433712039  0.00515014912199  0.00472472182812  0.00511948801702  0.00506428222792  0.00473884634078  0.00505849190104  0.00506368552798  0.00475071190443  0.00508767047506  0.00510151227197  0.00476669103799  0.00512815215211  0.00514968741264  0.00477414472768  0.00517700557939  0.00519396934125  0.00477911028867  0.00522302920369
8.47013207789e-05 0.000123645817507  0.00135918214847  0.00230858117505  0.00259777781655  0.00258104722434  0.00251493055949  0.00267219172202  0.00281419052451  0.00372043468509  0.00404580011519  0.00457220904167  0.00445183912782  0.00466291918263  0.00468567379804  0.00437897881129  0.00472117678325  0.00471732334455  0.00438271434043   0.0047299571582  0.00474314335497  0.00438997549869  0.00476843051756  0.00478408060767  0.00439267278084  0.00481294971261  0.00482916578316  0.00439454203938  0.00485895177291
0.000108492239175 0.000155332966229 0.000756334406221  0.00120891140133  0.00142350377741  0.00139903444018  0.00134746278761   0.0012260695566  0.00114528729546 0.000852959080328  0.00332090556844  0.00507108087938   0.0040001193046  0.00479554239807  0.00441038865556  0.00378547323091  0.00419984921571  0.00419383023213  0.00382268615977  0.00421703137001  0.00422621421247  0.00383552220429  0.00425235043005  0.00426846670267  0.00383631764075  0.00429865642066  0.00431467561719  0.00383556857691  0.00434646858285
4.34807522569e-05 0.000115727074046 0.000353388881048 0.000777300949915 0.000904310106353 0.000759553250559  0.00077699777995 0.000764067390168 0.000919221558761  0.00039756866784  0.00329259903831  0.00515315681704  0.00407869566729   0.0050943333751  0.00464262167043  0.00376094648491  0.00412759586894  0.00412030806428  0.00373738382747  0.00411740922327  0.00412086572414  0.00371643341931  0.00413886039696  0.00414561976723  0.00370757203732  0.00417495447673  0.00418845107084  0.00370348509468  0.00422064106953
0.000144531566754 0.000240801668515 0.000144697605257 0.000641070615483 0.000752781642545 0.000498400140044 0.000517957934853   0.0005520949314 0.000836382802965 0.000388823727821  0.00295176975816  0.00476688866003  0.00408778544144  0.00535698398555  0.00482062635242  0.00388010349157  0.00428520004719  0.00427889770735  0.00391599538378  0.00429845959408  0.00431210145528  0.00394413695927  0.00433626708357  0.00435844958871  0.00395124009679  0.00438589467739  0.00440294843599  0.00395406519527  0.00443294114974
4.05875535909e-05 4.44359916195e-05 0.000502867922134    0.000999714499   0.0011554928071   0.0010397892037  0.00100389085472 0.000805391706204 0.000711736107635 0.000895817704906  0.00294459431235  0.00441962220002  0.00409460632244  0.00495363351815  0.00472358254702  0.00402462116296  0.00436977460794     0.00434768004  0.00397987408492   0.0043182728741  0.00431198182421  0.00393602795606  0.00432595735377  0.00432393198941  0.00392215453816  0.00434835841278  0.00435703094818  0.00391234312359  0.00438538447304
 1.8884252116e-05 0.000106867926721  0.00072253099837  0.00128081108931  0.00153089559068   0.0015486103889   0.0015189027648   0.0014562034473  0.00140051583068  0.00149011986192  0.00298150944997  0.00428610903686  0.00457277093248  0.00490139568503   0.0048127092891  0.00443464236231  0.00478858073702  0.00477545709304  0.00445167172151  0.00478090588908  0.00479146150173  0.00446758117397  0.00480761641188  0.00482393874062  0.00447410108619  0.00484767426112  0.00486437351457  0.00448037945279  0.00489070054708
7.14955781341e-05 0.000150499410656  0.00123959025853   0.0019243106676  0.00225725607115  0.00238302232575  0.00235527825778   0.0024470951164  0.00250123899559  0.00258491074809   0.0030650749676  0.00409637412934  0.00472735932071  0.00471542131229  0.00464533640547  0.00434988747672  0.00467200201044  0.00466816773264  0.00434594794744  0.00467626081526  0.00468458596213  0.00436230540968  0.00470299011041  0.00472130591089   0.0043709842577  0.00474378318944  0.00475915230649  0.00437702728398   0.0047866793115
7.65072766412e-05 0.000170861171747 0.000951926020527  0.00158915006139  0.00192797322309  0.00198029012218  0.00192098391779  0.00186239423226  0.00181403984057  0.00182792435579  0.00221533249282  0.00317816824622  0.00379310109325  0.00457600698525  0.00435097446884  0.00378677621187  0.00418443203834  0.00416164708503  0.00378133203386  0.00412684282714  0.00411678118561  0.00373286362882  0.00411811441482  0.00410803725132  0.00370984245725  0.00412854172584  0.00413197985288  0.00369204849308  0.00415696931396
6.12864048239e-05 0.000120601831504 0.000345620121706 0.000803654551183 0.000981866607426 0.000799509122718 0.000637122667998 0.000465324674768  0.00069649310429  0.00106822985703 0.000233221625384  0.00350911377607  0.00389374213153  0.00629160057645   0.0054948007197  0.00404887237641  0.00448879265184  0.00437720698024  0.00402989648026  0.00440793510658  0.00442448171163  0.00409799614092  0.00444846729542  0.00448016775418  0.00412207249135  0.00450356071725  0.00452508502824  0.00413801408881   0.0045524067443
0.000199500994863 0.000175335938156 0.000275837353352 0.000714831897251 0.000864566741811 0.000807025579328 0.000921418928822 0.000919534452397 0.000960539890557 0.000952494718825 0.000175888032298  0.00311403803441  0.00322674343331  0.00585424611232  0.00541729092067  0.00398657009407  0.00444301952341   0.0042950180125  0.00392720238576  0.00427708116207  0.00427754491403  0.00392788580827  0.00428742255373  0.00429813169221  0.00392632662835  0.00431728041165  0.00433171016911  0.00393213933063  0.00435675582235
 0.00020778279431 0.000130493430615 0.000343061381968 0.000777246258287 0.000957259510469 0.000859820556294 0.000814432104519 0.000648825455049 0.000545105554534 0.000417044911364  0.00112577955013  0.00293545093437  0.00360006576184  0.00515227518431  0.00506548679804  0.00410938368033  0.00456799250935  0.00444139714781    0.004074847674  0.00439096913306  0.00437604379885  0.00402408518224  0.00437069621059  0.00435588229224  0.00400309802509  0.00437171550777  0.00437149061098  0.00398113514635   0.0043928101275
  4.863878132e-05 5.15489644911e-05 0.000756709424116   0.0012645487415  0.00147360530649  0.00147756050118  0.00145222055413  0.00136246365756  0.00130260202914  0.00124513133077   0.0014653835757  0.00301278107478   0.0042333917429  0.00502494580304  0.00499620508055  0.00441613957635  0.00479655827724  0.00476601504448  0.00443628840305  0.00476024750397  0.00476689612943  0.00446790522421  0.00477927784824  0.00480001119163  0.00448303989071  0.00481782638587  0.00483311089367  0.00449409764518  0.00485625994473
0.000166576032204  0.00017793386097  0.00115410624172  0.00181682436147  0.00213058293116  0.00222915561465  0.00216803725409   0.0022007889491  0.00221050352687  0.00230594788754  0.00248311076734  0.00302639322897   0.0049382344495  0.00484274423542  0.00492387075571   0.0044809929476  0.00482370617142  0.00481028936758  0.00447992254914  0.00479427725734   0.0047942790554  0.00449615032536  0.00480107141778  0.00481462675359  0.00450473405633    0.004831273377  0.00484655946057  0.00451186115918  0.00486556249578
3.24871184431e-05 0.000227178627041  0.00136957434652  0.00218437401454  0.00263316287143  0.00270885896542  0.00262748302588  0.00261993654171  0.00260055167442  0.00262809684806  0.00263592566714   0.0028689495248  0.00475075154688  0.00424566493677  0.00444135265422  0.00410946131471  0.00440009171937  0.00443389219483   0.0040679392618  0.00440797893279  0.00440178847691  0.00407033149132  0.00440117641913  0.00440409437648  0.00406794536469  0.00441743036234  0.00442496885384  0.00406661243832  0.00444666131213
0.000235025839503 7.19905890744e-05 0.000286531944156 0.000733417558481 0.000917344336919  0.00076171062364 0.000704279913992 0.000645084446463 0.000774222801063 0.000970608360039  0.00110421069871 0.000126046365661  0.00222583934768  0.00522508944761  0.00568720529144  0.00380234130109  0.00432179324388  0.00404279976324  0.00362862341889  0.00400198528542   0.0039926897663  0.00364593656536  0.00397032470223  0.00399137748437  0.00362185823392  0.00400504497138  0.00401314536168  0.00361981307895   0.0040350615573
 0.00013304276189 0.000140073644096 0.000339598976217 0.000761145264516  0.00091420844855 0.000769052200492 0.000751616671709 0.000646423966897  0.00063584929916 0.000617108981174 0.000685939848502 0.000267370863065  0.00257508281245  0.00506946391779  0.00565185366996  0.00410385382152  0.00473681033624  0.00446503228379  0.00401501625372  0.00435635608878  0.00434563340802  0.00398771203931  0.00435839607574  0.00433823447607  0.00400321203452   0.0043489847853  0.00435521822961   0.0039985442048  0.00437353299708
0.000176884353174 7.36485274774e-05  0.00041337861562 0.000869529240204  0.00103301255829 0.000877246296552 0.000807790242469  0.00058687679375 0.000421020852705 0.000255495896673 0.000304642738211 0.000731227011469    0.001124831438   0.0046795643217  0.00572455230619  0.00427039942762  0.00499246166725   0.0046012511492  0.00408506540725  0.00443392980139  0.00442810994883  0.00410334268779  0.00442617034346  0.00443686514524   0.0041133617856  0.00444853251962  0.00445909874901  0.00411918671383  0.00447809367003
4.78185882309e-05  8.8176394311e-05 0.000498874584089 0.000961479251498  0.00115216009948  0.00107971869908  0.00103425592337 0.000888493878065 0.000824334325144  0.00077230922457 0.000789991825458 0.000786906302582  0.00160402141468  0.00438585962818  0.00522664850021  0.00422851304329  0.00490896897527  0.00469058500118  0.00422067341713  0.00453992686756  0.00452248666853  0.00419666632346  0.00450989111638  0.00450209463413  0.00418667310444  0.00450962043782  0.00451414697554  0.00418165304766  0.00453101904814
0.000119937120759  0.00011983881455 0.000999512424355  0.00161639521961  0.00191569458819  0.00198468519646  0.00192619045639  0.00188587546717  0.00182883130024  0.00181093476481   0.0018169433882  0.00214229995755  0.00305003194286  0.00420088886746  0.00469886446183  0.00436020534458  0.00466807647268   0.0046472256248  0.00428725274836  0.00461655898101  0.00460430226868  0.00428785568025   0.0045939041039  0.00459527303427  0.00428466092876  0.00460152595292  0.00460243284523   0.0042850112039  0.00461844675739
3.80873076583e-05 0.000257522934081  0.00140997229435  0.00222177065082  0.00267263759689  0.00276477043249  0.00267776273302  0.00270216955362  0.00270114751178  0.00278411222004  0.00279143225619  0.00289002696252  0.00407105774366  0.00390904416705  0.00444869443441  0.00433674869188  0.00456487931536  0.00458846889308  0.00427058597774  0.00461253474704  0.00459772708769  0.00427856246033  0.00458422676484  0.00458345562767  0.00428108261419  0.00458866236812  0.00459863393016  0.00428215046059  0.00461180175529
0.000229128035123 5.22102718683e-05 0.000494273666526 0.000917564041007  0.00114863040801  0.00112737984336  0.00108210281428 0.000943475643175  0.00085903205908 0.000774302858684 0.000789070116556 0.000800446026127 7.51681606788e-05  0.00361155795147  0.00559660520198  0.00440947333889  0.00527168471797  0.00462301607102  0.00396263777409  0.00433713738774  0.00432632784957  0.00399138130413  0.00431611081248  0.00432598180435  0.00400320105087   0.0043314358891  0.00434165821822  0.00400712969655  0.00435427564301
6.65015505495e-05 4.61778918325e-05 0.000359387745006  0.00080209311775 0.000971297809707 0.000853782653935 0.000834843575135 0.000761161537747 0.000791659623162 0.000837480867361 0.000912377226969 0.000932532373206 0.000375443994579  0.00329142402054  0.00511736923724  0.00420032553306  0.00539782493003   0.0047910544048   0.0038696447503  0.00423658055985  0.00421258956614  0.00385358857007  0.00418858853984  0.00417799527404  0.00384465059794  0.00417910875154  0.00417817062904  0.00383570576603  0.00419163395306
6.43227992457e-05 8.29698155923e-05  0.00033276736705 0.000748814130288 0.000916810528325 0.000803018499089 0.000775835969602 0.000600660049584 0.000524535976793 0.000465464041672 0.000514773721813 0.000598757651025 0.000581665791535  0.00284134956846  0.00466009637172  0.00401137503789  0.00547369589647  0.00478715840883  0.00368665754192  0.00406364710976  0.00403540491869  0.00365451057911  0.00400690414398  0.00399787942757  0.00364831202355  0.00399860895732  0.00400206581781  0.00364699699442  0.00401516104736
0.000100506070946 8.29296426363e-05 0.000354040669653 0.000778948525413 0.000999227008902 0.000979345583038  0.00094073638441 0.000777823754809    0.000653346258 0.000526351058415 0.000477297792797 0.000435318075845 0.000470298419449  0.00272214406295  0.00438400497506  0.00416704594133  0.00510883816505  0.00485044345969   0.0042209588877  0.00459098626797  0.00457410919384  0.00424862955518  0.00455698610501  0.00456369775693  0.00426033445619   0.0045650868975  0.00457361029755  0.00426879721072  0.00458416361604
0.000107340223001 0.000180128106429  0.00111020876539  0.00172712921935   0.0020237171115  0.00210026026156  0.00203959147508  0.00197416143487  0.00190065569662  0.00186287458575   0.0018382707217  0.00186599917319  0.00206475286299   0.0032608034778  0.00435704728989  0.00476917585954   0.0048573479755  0.00475515317186  0.00439322891054  0.00472478318608  0.00469590355769   0.0043636783908  0.00466479808087  0.00465142067529  0.00435510504162  0.00464785005259  0.00464656115467  0.00434962169489  0.00465597761685
8.20849100515e-05 0.000348485993876  0.00160604849201  0.00243150537854  0.00283881625817  0.00298340415094   0.0029106755838  0.00297399805697  0.00297138002502   0.0030393368319  0.00302870641912  0.00313096629673  0.00333112162598  0.00369016414173  0.00426589530031  0.00512213388395  0.00468903201777  0.00463354981438  0.00440718317897  0.00475056905879  0.00472563590206  0.00439718417593  0.00469647613799  0.00469237936145    0.004399450934  0.00468894697499  0.00469218124314  0.00440076262503  0.00469922949063
7.66736439924e-05  0.00016149714714 0.000582074802607 0.000996437820808   0.0012235593765  0.00121175942672  0.00117723933765  0.00106129748342 0.000979400484382 0.000881383436765 0.000808463590568 0.000720676495213 0.000704488239428 0.000786013305017  0.00357357110628  0.00398990847624  0.00610027101258  0.00538222556928  0.00426678497877  0.00466500238377  0.00464100917912  0.00430791788495  0.00461277099921  0.00461119670259  0.00431278651887  0.00460470421765   0.0046053973616  0.00431147396329  0.00461287783427
1.81157883331e-05 3.33342515296e-05 0.000345804728925 0.000790113859539 0.000984135932866 0.000871075865046 0.000807899804271 0.000675595951002 0.000715390554356 0.000819715031208 0.000961981587868   0.0010477872141  0.00102836201068 0.000229134483001  0.00343240828467  0.00342367998845  0.00636324333296  0.00573028710734  0.00401485649575   0.0044284810145  0.00434550450079  0.00400004033079  0.00428448879402  0.00430067862494  0.00397876356587  0.00429394686842  0.00429568894962   0.0039820966234  0.00430222797379
7.30052785622e-05 0.000108608802175 0.000454295103863 0.000856575193552  0.00104337026304 0.000987087774863 0.000896943509445   0.0008524867726 0.000828965470376 0.000791750262185 0.000799814548293  0.00082325426453  0.00101416657395 0.000412322732862  0.00291039320044  0.00312294112847  0.00556567552946  0.00535785682352  0.00384159712345  0.00432707198202  0.00417422881477  0.00375239203822  0.00414932716314  0.00411229644913  0.00377229253372   0.0041005747526  0.00409778003459   0.0037675188361  0.00410317801065
8.29732275538e-05 0.000111340654204 0.000531633460112 0.000948105001913  0.00113062633085  0.00106098662434  0.00111349408822 0.000921357762946 0.000830609577359 0.000718787284205 0.000662594926768 0.000561461745945 0.000417289063122  0.00105037145302  0.00278992064605  0.00364870708718  0.00520760298949  0.00512400789067  0.00418470160555  0.00465637348291  0.00454634402588  0.00417269707765  0.00449579529896   0.0044750524923  0.00416234576719  0.00446139894526  0.00445582254979  0.00415459456754  0.00445776816715
3.64934025458e-05  0.00010806224733 0.000879700581918  0.00142778821058  0.00168040261752  0.00174768055994  0.00171616014327  0.00167802394025  0.00162617608753  0.00159371110304  0.00154247417453  0.00152838468067  0.00158391947515   0.0019906458942  0.00316105894824  0.00475367474735  0.00488670241098  0.00496885470481  0.00436109423557  0.00476928935006  0.00473108358991   0.0043724167197  0.00468405147776  0.00467180315879  0.00437358710021  0.00466002260065  0.00465854436277  0.00437274921668    0.004660253347
7.70018922458e-05 0.000382646411519  0.00153690727793  0.00231165979055  0.00275537030624  0.00293453382643  0.00286900380804  0.00296145424252  0.00297095224117  0.00305857224532  0.00306761001804  0.00320310702687  0.00343769356363  0.00350500121329  0.00381804049408  0.00584488763094  0.00476350666456  0.00479963537202   0.0045718312388  0.00478715315876  0.00483856104031  0.00450009782583  0.00478466776368  0.00479383472532  0.00449339720244  0.00477886942724  0.00478438845142  0.00451139060682    0.004787536222
0.000135972363567 0.000209501529344 0.000800911014726  0.00130424207032  0.00160951106448  0.00165199265244  0.00160758745816  0.00150325071531  0.00144518968408  0.00138837073723   0.0013303389869  0.00121903991412  0.00109500242925  0.00108148244166  0.00105706442996  0.00298179096189  0.00539519296573  0.00585016538547  0.00428122526287  0.00482503420921   0.0046600631111  0.00427200251869  0.00461689605511  0.00459327361988  0.00429133332524  0.00457680909299  0.00457019388521  0.00428059962334  0.00456952853585
6.29301721751e-05 0.000101584915533 0.000278750352377 0.000721226868484 0.000951030272757 0.000844217317004  0.00075181564616 0.000579889953789  0.00061245903014 0.000755318066133 0.000942089502706  0.00106195245622  0.00112733461608  0.00115388236661 0.000364127960873  0.00210764593392  0.00553920336305  0.00628036083284  0.00420377425077  0.00472425222217  0.00435456006949  0.00394380408706  0.00429711715276  0.00430239674259  0.00397172744069  0.00428876161967  0.00429621000745  0.00399115699255  0.00429711848603
8.41250486917e-05 6.03805353367e-05 0.000373653778801 0.000768364664228 0.000948002263992 0.000857393585188 0.000866442382195 0.000801566976655 0.000834644545207  0.00085543313798 0.000894416305462 0.000890111468001 0.000864856074807 0.000797435462474 0.000549514772981 0.000843197262639  0.00474488785425  0.00565498148843  0.00397257207571  0.00467572512359  0.00423345477707  0.00368404817233  0.00406377626825  0.00402250173049  0.00365974849301    0.003994339622  0.00398004451914  0.00364497063238  0.00397607951024
2.55804920396e-05 7.46226097252e-05 0.000414801458902 0.000847043484397  0.00104428143872 0.000992039246909 0.000955334520781 0.000823594081369 0.000740661323076 0.000642747187751 0.000597009752385 0.000532673151046 0.000467190917759 0.000458231308515 0.000810686058419  0.00133680021028  0.00457201256464  0.00541309978268  0.00423738653664   0.0049735971632  0.00473853050885  0.00426972183896  0.00460988188588  0.00459142428984  0.00427295886759  0.00456854134015  0.00456444574822     0.00427499582  0.00456088747931
4.54401291506e-05 0.000151920316389 0.000827148190214  0.00131164232264  0.00158212332599  0.00167036524738  0.00164625411331  0.00160014655565  0.00153570801063  0.00147847841761  0.00141399220997  0.00137657745016  0.00136891830785  0.00133798658194  0.00174154080914    0.002673979384  0.00428516507204  0.00494390386742  0.00430472606352  0.00485353203939  0.00475508496688   0.0043420222403  0.00468001867503  0.00466167628807  0.00434496341007  0.00463697802543  0.00463352781512  0.00434878607819  0.00462765257787
6.66967656453e-05 0.000319152099381  0.00149789577347  0.00232659944121  0.00279100477678  0.00294936174174   0.0028658993145  0.00292053410768  0.00290210363845  0.00296503707217  0.00296058175261   0.0030807978161  0.00331395074838   0.0033512158497  0.00350214084911   0.0046095138111  0.00459944182626  0.00487175089131  0.00480041645996  0.00481005105061  0.00484343047059  0.00451089164745  0.00483965556792  0.00481035422855  0.00450053234085  0.00478156688381  0.00477070022977  0.00449362584204  0.00476473178086
9.69227605368e-05 0.000210690399786  0.00102198740405  0.00164718928965  0.00204311701415   0.0021293253433  0.00205537113816  0.00195928841572   0.0018999897374  0.00187603049836  0.00187166574821  0.00183913202811  0.00173867602001  0.00160583415441   0.0015146742603  0.00132603585943  0.00348431250795  0.00524468178359  0.00445184600996   0.0052501175372  0.00502360833485  0.00454010400583  0.00487736274446  0.00486899095156  0.00455787185106  0.00484123756277  0.00483684733689  0.00456717837625  0.00483102398485
9.43940186135e-05 6.56366064589e-05 0.000289577480687 0.000706019084127 0.000954278310127 0.000889345426717 0.000768389536288 0.000524341367752 0.000409909367238 0.000509895934941  0.00077635839694  0.00103979338124  0.00124649791853  0.00131943803605  0.00126894806759 0.000642540534151  0.00334307488891  0.00523567859672  0.00417780805977  0.00539868291121     0.00449455186  0.00366485302724  0.00407894103326  0.00406136835896  0.00368120061182  0.00402680837044  0.00402509187905  0.00369241412545  0.00401393132429
3.25974870847e-05 8.13094909181e-05  0.00033756699733 0.000748312786025 0.000909340532868 0.000763890368016 0.000742436889186 0.000674428044701 0.000746288101292 0.000822077108894 0.000894062540111 0.000914562659734 0.000929740338271  0.00090347546797 0.000900963234504 0.000664888828317  0.00297639370605  0.00464504285122  0.00376643991628  0.00526368726869  0.00437496574243  0.00343409759334  0.00387981157282  0.00382729816653  0.00340856377558  0.00377816473482  0.00375708679534   0.0033965340638  0.00374225348654
3.38101839465e-05 0.000149199749011 0.000442909713048  0.00084970996145  0.00102049237422 0.000918636059036 0.000891143999773 0.000751875000121 0.000683423812229 0.000599524137528 0.000567303749134 0.000500900235043 0.000434090268949 0.000426523119913 0.000435109250294 0.000326056257951  0.00279843327736   0.0045454870307  0.00406701473962  0.00526690943424  0.00482812165665  0.00409005176506  0.00448232968906  0.00444148606385  0.00408387888118  0.00440121131451  0.00438469867897  0.00407543372259  0.00437299068615
1.85378355063e-05 0.000108659865533 0.000659076205685  0.00113623272809   0.0014284120467  0.00150810333124   0.0014751942352  0.00141819166668  0.00135144373332  0.00129327260019  0.00123134494901  0.00118863127808  0.00116225545453  0.00111756346369   0.0010852058642  0.00125491019555  0.00298199965455  0.00441825939234  0.00452140802521  0.00528692501302  0.00504978877799  0.00445144145007  0.00482172373894  0.00479559215218  0.00445629141011  0.00475528011601  0.00474742317745  0.00446143368022  0.00473276373138
6.56003990976e-05 0.000316837668218  0.00147056583981    0.002235163057  0.00264756613164  0.00284020217459  0.00277649372207  0.00285089892797   0.0028316700958  0.00288426261934  0.00284538304452  0.00294012552161  0.00317788246594  0.00320921218395  0.00332797323289  0.00348550374861  0.00427078960018  0.00484015021891  0.00562127772492  0.00508856119262  0.00503800669536   0.0047362923868  0.00509039057009   0.0050591233257  0.00473453858739  0.00501813101373  0.00500624629839  0.00473502075546  0.00499242378087
0.000143750705752  0.00028246583232  0.00122352180264  0.00195141660595  0.00240365515622  0.00249985232817   0.0024047378881  0.00230238729363  0.00223507086061  0.00221215215895  0.00223183072348  0.00225127760035  0.00221425689899  0.00212580536222  0.00196013392842  0.00179101534675   0.0016351172213  0.00351470745153  0.00422424030447  0.00585060908489  0.00542122967926  0.00462104262606    0.004988740462   0.0049703036346  0.00463404144711   0.0049269759583  0.00491739365241   0.0046404867097  0.00490139974573
4.28659930537e-05 5.48133855649e-05 0.000282757859635 0.000731177371988  0.00102770459113  0.00100643385481 0.000926827406008 0.000718584721445 0.000522827075935 0.000313920176381 0.000289735520009 0.000451566351646 0.000692776369366 0.000891279469758 0.000999870288996 0.000972663147894 0.000613955389805  0.00331945538247  0.00300815260762  0.00624721603103  0.00551455043758  0.00358565598316   0.0040372039907  0.00398744629297  0.00355196463828  0.00392551098582  0.00390218808971  0.00354303883426  0.00387959213672
4.98055131545e-05 5.15369755667e-05 0.000298223402903 0.000708045183336 0.000918723416258 0.000818720309596 0.000756035767868 0.000590701232279 0.000556771742197 0.000578564232276 0.000678161394689 0.000756996892612 0.000834308728044 0.000878599991125  0.00092305571127  0.00101249066971  0.00086442694728   0.0030484981604   0.0028262342745  0.00579591267233  0.00539774319462  0.00348401640897  0.00400881592082    0.003898339339  0.00343645639735  0.00383002066491  0.00380674056933  0.00343169631204  0.00378075844747
4.54441411085e-05 6.59090431315e-05 0.000321197658674 0.000728037050414 0.000932770633795 0.000863103745216 0.000841753329075  0.00074462095634 0.000733978241745 0.000722529670931 0.000747551816248 0.000744197060682 0.000732031222873 0.000716137996467 0.000671710637583 0.000636249031203 0.000753467440854  0.00279237492142  0.00328319440925  0.00558689844473  0.00546784253297   0.0040989574392  0.00460973046078  0.00452724183819  0.00412703213781  0.00446861697266  0.00445685220545  0.00413860945174  0.00443453589814
7.12316093279e-05 9.68157642529e-05 0.000683267111786  0.00114598565457   0.0014115882261  0.00147252514613  0.00144537717053  0.00137110102706  0.00130146744107   0.0012296674736  0.00116423494997  0.00109597583304  0.00103341909631 0.000985669781762 0.000943192107144  0.00092786242408  0.00143210952442  0.00294054447345  0.00430365573711  0.00513833196016  0.00527071444458  0.00432702660359  0.00482040479235   0.0047310340392  0.00434045811378  0.00466725521092  0.00464431275974  0.00433375832011  0.00461905312697
4.94807856948e-05 0.000295507895822  0.00137270356232  0.00212176566165  0.00254624466761  0.00272538383287  0.00266411737222  0.00272851574791  0.00270280254862  0.00274349982593  0.00269330240005  0.00276811506765  0.00298164927435  0.00299754477271  0.00310674766106   0.0033155254293  0.00377359753689  0.00434894080419  0.00626937147856  0.00528358108522  0.00527223843075  0.00499349222831  0.00523417550153   0.0052689469168  0.00491234400088  0.00520787938339  0.00518635590445  0.00490740064298  0.00516220534357
0.000161544088717 0.000368833993771  0.00151365600239  0.00244269123689  0.00301749316107  0.00311584681172  0.00299386611971  0.00293247520944  0.00287362236775  0.00286507467962  0.00288027629286  0.00294108576514  0.00298893972471  0.00297976985128  0.00288607372797  0.00270583969269  0.00249309956885  0.00248220521877  0.00425726476398  0.00531350354588  0.00579612045163  0.00483914385813  0.00532483835519  0.00520524773137  0.00484030767835  0.00514638522982  0.00513328642256  0.00485077627516  0.00510906373925
6.77398993604e-05 7.90753074246e-05 0.000212896436918 0.000743663438098  0.00101731401624 0.000876903682553 0.000764723115738 0.000614510893375  0.00050227736279 0.000384148273027 0.000242470100835 0.000129454114194 0.000328653540509 0.000601816457776 0.000879103099362  0.00111394967358      0.0012785906 0.000623602009017  0.00194870700928  0.00565022166966  0.00667223328544  0.00427137871462  0.00468107349731  0.00427570952392  0.00380837918073  0.00420035786883  0.00419283923149  0.00384046911218  0.00416268637069
6.16233685768e-05  5.5682117922e-05 0.000375107214303 0.000774717066795  0.00104349209749  0.00104362015193 0.000995384524689  0.00079543495519  0.00065493539764  0.00056042934435 0.000663144542668 0.000806518782419 0.000957299628968  0.00107878971272  0.00111586815127  0.00106992966126  0.00103676556392 0.000718036799498  0.00219921384987  0.00472312599247  0.00554149313344  0.00362872142196   0.0043725910788  0.00395735876174  0.00342465775619  0.00384760427864  0.00379401244728  0.00338496298688  0.00375023304933
7.66867056378e-05  4.6893779626e-05 0.000321645435569  0.00072103949154 0.000925255274715 0.000845722329239  0.00082060317718 0.000745925514613 0.000766178936186 0.000791369019317 0.000834690874504  0.00083917117908 0.000823151092796 0.000804024539528   0.0007752219453 0.000738693739795 0.000696736229088 0.000745693957458 0.000967972522009  0.00458950250958  0.00559420435517  0.00409995646109  0.00486295585031  0.00459933972703  0.00412774376676  0.00450292600793  0.00448405579494  0.00414206223552  0.00444879980926
4.54395888703e-05 0.000205852006962  0.00081089030882  0.00128510374029  0.00157751951955   0.0016683487859  0.00164691813566  0.00158648753089  0.00152227804528  0.00145531003356  0.00138335339383  0.00131153941317   0.0012514647954  0.00118455358345   0.0011365057703  0.00111520302847  0.00115221778565  0.00165574438311  0.00254952546993  0.00442933392502  0.00521097029995  0.00442879975827  0.00506762813384  0.00494686374954  0.00451904317283  0.00486699252544  0.00483560886976  0.00451316734425  0.00479981779208
0.000112490575472 0.000346372641866  0.00153629532763  0.00241022286621  0.00294669385971  0.00318336436924   0.0031170190214  0.00322717517883  0.00320825177224  0.00326484201501  0.00319955780803  0.00328513936532  0.00352131122821  0.00351200797498   0.0035976186942  0.00378251242533  0.00411985169157  0.00434995647981  0.00543839570442  0.00540741225327  0.00546051903103   0.0053858341509  0.00526109133558  0.00526867186171  0.00485890164694   0.0051884908373  0.00515605752258   0.0048482680629   0.0051179390498
0.000167309507771 0.000431680173354  0.00152624459688  0.00239157030694  0.00294379518303  0.00306427152998  0.00295349140426  0.00285733433009  0.00276962332177  0.00272256712605  0.00271123716769  0.00274406315812  0.00278380872544  0.00280747949194  0.00277499318494  0.00266010819707  0.00245149870278  0.00228464606649  0.00204272219792  0.00354644194911  0.00529280240727  0.00472139712453   0.0055060399392  0.00530053607983  0.00479368769649  0.00513982722877  0.00512169252806  0.00481190792429  0.00508506667733
9.45419416693e-05  0.00016043878281 0.000239074995273  0.00068943883384 0.000943231670105 0.000824549604529  0.00072083364283 0.000595891692579 0.000543352696143 0.000512391743606 0.000473176000251 0.000397034043877 0.000358042716857 0.000397632463203 0.000634104473281 0.000941947164752   0.0012508580071  0.00143827385876  0.00109288818269  0.00351003501864  0.00546265393832  0.00426031557463  0.00554441554321  0.00433170408216  0.00341453561134  0.00388973648304  0.00385060207818  0.00341702877541  0.00379639719814
6.06512938851e-05 4.68789779474e-05   0.0002648235549 0.000685629927008 0.000985115257914  0.00100699575037 0.000943459008405 0.000737562486963 0.000509361360152 0.000242084420917 0.000187217935066 0.000431920865744 0.000723327536151  0.00091530005976  0.00106108869476  0.00116338508426  0.00125884341237  0.00122063303456 0.000989704396734   0.0030238634719  0.00471626247709  0.00367132549061  0.00520466434247  0.00430533183038  0.00339154701651   0.0038759294421  0.00382293113458  0.00337410851959  0.00376347077481
7.49412678846e-05 7.51182506069e-05 0.000339329563324 0.000736159033393 0.000972741607069 0.000919023619233  0.00086330228889 0.000700712320964 0.000629874187722 0.000589664713166 0.000640850791298 0.000681987680215 0.000723068040616 0.000760671029588 0.000766756643261  0.00074870142237 0.000729918191219 0.000666959924314 0.000505886595966  0.00279148228384  0.00465536135084  0.00405179828777  0.00564235404234  0.00489213848685    0.004091398858  0.00451653830313  0.00447959248289  0.00409616314427   0.0044273501305
1.52399722349e-05 0.000191974736886 0.000735543595301  0.00118498719021  0.00150106052441  0.00161578662115  0.00159996006794  0.00156110217875  0.00151067703799  0.00146526800918  0.00140587070799  0.00135545045748  0.00131964701319  0.00125243527435  0.00119406890391  0.00114963376312  0.00113369731225  0.00109293271534  0.00126303922597   0.0031196542234  0.00442332163561   0.0045431777011  0.00530530099606  0.00506731410492  0.00448386253946  0.00488281893187  0.00484132859291  0.00447896003443  0.00478828166438
0.000144557605485 0.000381126511537  0.00155300736205  0.00244935432249  0.00299854824358  0.00322964926686  0.00315967272861  0.00325260219453  0.00322323100123  0.00326766528209  0.00318837011574  0.00325267541524  0.00347423978539   0.0034345324324  0.00349195364579  0.00365688106988  0.00402154909623  0.00414117830492  0.00434991872325  0.00530605546328  0.00566287332594  0.00655740172877  0.00549935624909  0.00545304075155  0.00509998695322  0.00546322620216  0.00543439903026  0.00511101712002  0.00538763552718
0.000140047461262 0.000528903795744  0.00177533173503  0.00277065316393  0.00337389989554  0.00345550109501   0.0033411764554  0.00320407814101   0.0030789344438  0.00296280213604  0.00290204435805  0.00285974367823  0.00280140658773   0.0028290699727  0.00282218847346  0.00274730778541  0.00253544223071  0.00236567844388  0.00220665126223  0.00197175317103  0.00377456527898  0.00465406897646  0.00617476206045  0.00576167398235  0.00507550381261  0.00545159610788  0.00543042778243  0.00510244200656  0.00538190420647
7.38196398149e-05 0.000132686964768 0.000295926758554 0.000760838975969 0.000911359866061 0.000678949925233  0.00052800250055 0.000401967761813 0.000350308903706 0.000360476053556 0.000406657921297 0.000428984542562 0.000399458886627 0.000318631466283  0.00031349663177 0.000506245354433 0.000799809166638  0.00105700187432  0.00122336299634 0.000676013514496  0.00338447852058   0.0031069740834  0.00646785130324  0.00559873984031  0.00353613677179  0.00403676812273  0.00397218564959  0.00349451389305  0.00389651323046
