0.000309076062083 0.000569946592813  0.00045358048705   0.0019376597704  0.00344039641062  0.00441152832154  0.00460192469614  0.00420242928115  0.00322646732341  0.00284455884383  0.00276253351565  0.00283251919258  0.00302072272017  0.00300741093317  0.00304484527291  0.00312716470613  0.00327576257818  0.00327268682835  0.00330356762158   0.0033809727277  0.00341605949705  0.00345540533578  0.00346295479955   0.0035087978769  0.00351595115854  0.00353030512626  0.00356021501821  0.00356585300583  0.00356454455083
0.000181024513506 0.000102112274848  0.00116908767694  0.00286102383586  0.00408066825284  0.00481249837501  0.00487963636104  0.00443620641876  0.00343510788845  0.00255294015245  0.00227664953205  0.00234095592681   0.0025378919345  0.00251583787823  0.00255900865009  0.00266776731824  0.00285971784992  0.00286467471305  0.00289758279536  0.00303328910052  0.00310937580764  0.00317377556886  0.00317387944472  0.00329824089128  0.00330197586953  0.00332354373828  0.00338474108009  0.00339364305096  0.00339994408633
0.000247748676439 0.000443569701404  0.00181775652272  0.00299200971721  0.00373693018196  0.00412515956885  0.00408524273698  0.00377085781454   0.0031090169104  0.00228939765195  0.00167765023603  0.00171234766069   0.0018330197327  0.00180938381958  0.00182630855112  0.00186981980478  0.00196835488493  0.00195643475824  0.00197456384967  0.00204222204554  0.00207296176111  0.00210193903629  0.00210468942162  0.00215060387665   0.0021409320868   0.0021506897986  0.00217062553283  0.00217095788703  0.00217716150556
0.000187789943515 0.000669033994987  0.00142246286205  0.00166119819695  0.00169282375535    0.001614942118   0.0014254507258  0.00117340934655 0.000831834318849 0.000413967671044 0.000282812548439 0.000755722228821  0.00102169198678  0.00102382182794  0.00103683958601  0.00104252043104  0.00103576616146  0.00104833532302  0.00105693612711  0.00107575313882  0.00107719239922  0.00107397799731   0.0010548804453  0.00105681089303  0.00107143800527  0.00105356879667  0.00106315493602  0.00106759593493  0.00106740277738
0.000190211287866  0.00239274344081  0.00261102317599 0.000642856071609 0.000471095650008  0.00105138986822  0.00142372748712  0.00166870105534  0.00180546006471  0.00186031128059  0.00183744622629  0.00170991774103  0.00163178840022  0.00167253056911  0.00169768447724  0.00172694186258   0.0017606871972  0.00177259838583  0.00177632830279  0.00177901438743  0.00178813323648  0.00181193305184  0.00180859925177  0.00180770969677  0.00179834095739  0.00181912892357  0.00184047784205  0.00183483056652  0.00182327597663
0.000188361312992 0.000516626590422  0.00111393183637  0.00142088357574  0.00075617982045 0.000338432336337   0.0011242897201  0.00174735073176    0.002135296309  0.00230788388557    0.002296850643  0.00207953579882  0.00193612451642   0.0019618980321  0.00198239162997  0.00200040232582  0.00201767878111  0.00201020682341  0.00201451426737  0.00201160472894  0.00201614052542  0.00200578688465   0.0020285144517  0.00204464997779  0.00204190233246  0.00204425412007  0.00202777985178  0.00203112843887  0.00204402749719
0.000189806649784 0.000353741649193 0.000873237043245 0.000945955504918 0.000693515431405 0.000288053493124 0.000409799882125 0.000837877008194  0.00119228773947  0.00146871356322  0.00167500774687  0.00196181768557  0.00217543309683  0.00219262005208  0.00220709787304  0.00221633941645  0.00222750129332     0.00223225133  0.00224845485251   0.0022702587771  0.00227601365041  0.00228144615422  0.00227848080456  0.00227641835918  0.00227991954051  0.00227476487693  0.00228229680853  0.00228099705022  0.00228662060218
 0.00026735007276 0.000598986195419  0.00100026045825 0.000157842034988 0.000613341301607 0.000980362811928  0.00116448180681  0.00137364788907  0.00159451229468  0.00183246582167  0.00205036422507  0.00224668680447  0.00235460168934  0.00236411451452  0.00236762478334  0.00237107129939  0.00237001130823  0.00237367445972  0.00237173919543  0.00236813129183  0.00236895448964   0.0023786417174  0.00235878106979  0.00237241648776  0.00237008197811   0.0023686129339  0.00236393682448  0.00237148981533   0.0023539361174
0.000234631571015 0.000204901388525  0.00116012462846  0.00158620175956 0.000921157221509 0.000346141991877 0.000925789592424  0.00147399362623  0.00182583865487  0.00208461557654  0.00227857010138  0.00248004072926  0.00262569033969  0.00262377168965  0.00262560959828  0.00263298200414  0.00263879800483  0.00263661590579  0.00264616689106  0.00264637180566  0.00263840622937  0.00262390288008  0.00262659699883  0.00263481092943   0.0026461226697  0.00264947386183  0.00266323558787  0.00265933819523    0.002672980673
0.000253233631323 0.000260273037625  0.00193686177315  0.00100331816836 0.000601743861113 0.000943342441844  0.00103567610517  0.00125928270665  0.00156972027126  0.00194013273222  0.00231922733843  0.00273162083048  0.00296889411645  0.00297050529092  0.00297509484806    0.002971147825  0.00297019113134  0.00296775236646   0.0029527466638  0.00295133379064   0.0029533066071  0.00294899050183  0.00294845956896  0.00294512281398  0.00293928051361  0.00293257644543  0.00291842282329  0.00291590426074  0.00290877887304
0.000292836473204   0.0017346378656  0.00264959486408  0.00350785850117  0.00426246327006  0.00357142034861  0.00271568161105  0.00207805205521  0.00198061172301  0.00227754944394  0.00277699322308  0.00335284404601  0.00377400606889  0.00392532294373  0.00393185646708  0.00393143766048  0.00391651798994  0.00391829826394   0.0039151606534  0.00389374667434  0.00388492490886  0.00387419668875  0.00387036471236  0.00385783433973  0.00387139228977  0.00387207168367  0.00385862585925  0.00385229395612  0.00385454151291
0.000237223142102 0.000953482766015  0.00301538215833  0.00395811374448  0.00368340636081  0.00334101169596  0.00305158585728   0.0029409128627  0.00295495342845  0.00313457239483  0.00338101998717  0.00371620610916  0.00402930043195  0.00410885169777  0.00413228499214  0.00417411890047  0.00425124695299  0.00424809491361  0.00425902641649   0.0043144331068   0.0043307334711  0.00436563606955  0.00436359421719  0.00437324082994  0.00437739063303  0.00439292584602  0.00440851267927  0.00440971321715  0.00438875705373
0.000347167108051 0.000591983716584  0.00429200475885  0.00464723484634  0.00252530089727   0.0018328286665  0.00277278363351  0.00374939176636  0.00441727951818  0.00473141796694  0.00477557005407  0.00464082159231  0.00435812280767  0.00419833872636  0.00419959077226  0.00419023941804  0.00415745519474  0.00415399813077  0.00415678124963  0.00414484995806  0.00415359159707  0.00413280708837  0.00413950643115  0.00413908811388  0.00412887041713  0.00412322804812  0.00410937795934  0.00410681118231  0.00412642768833
0.000281185191851  0.00158322066237  0.00631757283167  0.00717124937283  0.00589539540352  0.00509080669329  0.00437000010788   0.0038852971068  0.00365558868287  0.00364461214844   0.0037458092447  0.00389114066159  0.00407701266457  0.00418215258072  0.00417338709181  0.00417619107731  0.00418669786824  0.00419476781509   0.0041971670519  0.00420313422806   0.0042017348882   0.0042142269887  0.00420212443538  0.00423005455695  0.00423505190736  0.00423628584478  0.00425052095999  0.00425674378921  0.00427500862986
0.000288040953444 0.000637878833649  0.00305079858317  0.00236265858773  0.00208730315919  0.00297189707407  0.00381266530951  0.00444662860512  0.00475847350637  0.00486092601284  0.00484916552628  0.00485287569065  0.00490219540303  0.00491339928432  0.00492196389151  0.00494239541453  0.00495985667387  0.00495446978127  0.00495147336119  0.00494807858506  0.00494779227177  0.00494177784262   0.0049403316523  0.00493021166776  0.00493717423726  0.00493350075426  0.00495059385671  0.00495573452769  0.00493750337311
0.000589261400403 0.000743230811266  0.00226582782216  0.00282095633083  0.00252627515472  0.00276367307118  0.00315165820124  0.00360539324701   0.0040305531547  0.00439345894086  0.00460940072498  0.00467907643921  0.00456880478367  0.00445870145921   0.0044599833434   0.0044594024899  0.00448567464941  0.00449276849001  0.00449750193501   0.0045231437139  0.00454917005023  0.00456081424087  0.00457158729808  0.00458675380674  0.00458265759459  0.00459394629189  0.00459439526117  0.00460143476167  0.00460555061459
0.000160386514891  0.00144913781201  0.00444921021651  0.00409817896057   0.0046840959201  0.00436818352554  0.00389993776596  0.00341536147506   0.0034184067996  0.00365283243875  0.00400816528635  0.00432801539708  0.00472960195393  0.00501916491448  0.00500718685756  0.00497424609044  0.00491359357702  0.00490088251029  0.00491011908881  0.00487718305061  0.00483618292927  0.00481828911489   0.0048294044832  0.00480858774517  0.00481493984587  0.00482135054019  0.00481657550134  0.00481987159489  0.00481428575466
0.000206192786324  0.00108886683848  0.00312775048718   0.0042363594877  0.00466337276328  0.00509852045309  0.00495499952464   0.0047917236549  0.00469835846206  0.00469945498167  0.00474126107096  0.00496270187657  0.00541348843079  0.00589082199334  0.00607599761366  0.00608775470934  0.00611422522573  0.00612745708473  0.00611181560963  0.00612143917709  0.00615049216576  0.00616257176701  0.00616479833523  0.00617098939838  0.00617556884206  0.00617835563026  0.00618294886855  0.00618941301877  0.00620901105633
0.000167251115499 0.000950527271362  0.00280359107377  0.00429668815951  0.00564971194903  0.00619529741178  0.00630706250802  0.00651664046319  0.00664850857967  0.00667313570366  0.00658516809668  0.00651182284517  0.00651877646782  0.00636313445232  0.00627459789001  0.00632732455436  0.00643158569293  0.00642997348013  0.00647203454617  0.00655649950601  0.00659430699668   0.0066398619019  0.00663784341161  0.00672069763768  0.00672464973214  0.00674170956522  0.00678751396637  0.00678924682401  0.00678815342578
0.000216474473761 0.000704627486561    0.001635671019  0.00271476196517  0.00355725281016  0.00445793295423  0.00565114369713  0.00654110019888  0.00705144290397  0.00727395984854  0.00722020819708  0.00694936792334  0.00643732412599  0.00600907252247  0.00591627853807  0.00590777144434  0.00589676826184  0.00590234734272  0.00589727532001  0.00589396312223  0.00589884249555  0.00590004852394  0.00592229517667  0.00591781062134  0.00593166530793  0.00592523022144  0.00592473884899  0.00594444809215  0.00596117069772
0.000173860420949 0.000884770155426  0.00241489390634  0.00357048851244  0.00406777105077  0.00408642888199  0.00431614667828  0.00467451698482  0.00499420032689  0.00523922146548  0.00538170815292  0.00547681442035  0.00554854668992  0.00557068492522  0.00557633624011  0.00558237671196  0.00560113397726  0.00561092439213  0.00562816698816  0.00563857467864  0.00564581241177  0.00566044225466  0.00567123106379  0.00566301581802  0.00567666253664   0.0053981725455  0.00445729984289  0.00417364286863  0.00408379196462
0.00019705429412  0.0013028856853 0.00352161253885 0.00621355969751 0.00714061377985  0.0058851867458  0.0052829318092 0.00499298295644 0.00491939826635 0.00488762202494 0.00496695588373 0.00505094271648 0.00517250786148  0.0054255386922 0.00548136921687 0.00543883926271 0.00536793516082  0.0053784558836 0.00537131457015 0.00440879149041 0.00375439800254 0.00359706540706 0.00355820790899 0.00350146353722 0.00349663096791 0.00349205655341 0.00347231960685 0.00347104894515 0.00346956838631
0.000179830022833 0.000753890488764  0.00215471900968  0.00328000989774  0.00407252866904  0.00442270580211  0.00471842469423  0.00501745923445  0.00521633464415  0.00538571426233  0.00550060750015  0.00565573087774  0.00587381934513  0.00600974020606  0.00606206561427  0.00608141243984  0.00477519351745  0.00452239355006  0.00448612376418  0.00450230383536  0.00451514697168  0.00452898635343  0.00452699403868  0.00455248744764  0.00455304440218   0.0045557026597  0.00456816196606  0.00456940073843  0.00456940865105
0.000204262328618 0.000661179000742  0.00191974421602   0.0032639526806  0.00413962693044  0.00455575618804  0.00481679377113    0.005142652663  0.00543985024641  0.00571920501549  0.00591072041918   0.0060646153239  0.00618166414088   0.0059818579166  0.00467680116389  0.00451741961364   0.0045145976094  0.00450408269226  0.00450137701431  0.00452276072872  0.00452950035725  0.00452762696031  0.00453063207558   0.0045414077009  0.00454869537392  0.00454413306121  0.00454682575651  0.00455104778597   0.0045482018018
0.000185875338788  0.00075259904746  0.00206125168234  0.00301793865959  0.00366895943363  0.00408855573539    0.005051513504  0.00576162945831  0.00601072529998  0.00607792076836  0.00608876899709  0.00613494160918  0.00494273818047  0.00462231065828   0.0045825020093  0.00457043686279  0.00456558905391  0.00455276212297  0.00454788235851   0.0045436119934  0.00453999454877  0.00454419208245  0.00454176167367  0.00454134789556  0.00453306975412   0.0045395328226  0.00453635461095  0.00453148383345  0.00453358178695
0.000193577278808 0.000720040625146  0.00201114458148  0.00323216704362  0.00422257107407  0.00432576698164  0.00413953504325  0.00435814515702  0.00460287220158  0.00487280507276  0.00492978659445  0.00386446388998  0.00373550178615  0.00372708218766  0.00373877849115  0.00375124913996   0.0037620381299  0.00376234541982   0.0037604492484   0.0037618603004  0.00376634408971  0.00376430710715  0.00376465977045  0.00377759512083   0.0037739653327  0.00377785439821  0.00379139140205  0.00378964485721  0.00379037950428
0.000177257446256 0.000709405977907  0.00207924419096  0.00316688213926  0.00389521660224  0.00388864560686  0.00406734288995   0.0044710042128  0.00476521640702  0.00449302019232  0.00376624093675  0.00365274766138    0.003611690982   0.0036106991736   0.0036059748381  0.00359462909788  0.00355584259609  0.00355413821381   0.0035421327324  0.00351410406177  0.00349486074925   0.0034800626102  0.00348012636615  0.00345105394688  0.00345456003714  0.00344600587562  0.00342898492541  0.00343192575126  0.00343109610697
0.000193492499428  0.00071358354427  0.00192398631871  0.00272322234102  0.00310633415951  0.00325871488898  0.00330641424455  0.00349646397224  0.00354377284965  0.00296451021006  0.00280723595422  0.00276997289604  0.00281538018256  0.00282936708236  0.00285022996195  0.00288196489926  0.00294314782838  0.00294413070406  0.00295489390986  0.00299604181546  0.00301586941907  0.00303436683263  0.00303197577084  0.00306149822788  0.00306259376016  0.00306622657456  0.00307379293666  0.00307221848184  0.00307113107501
0.000215638851702 0.000595693691749  0.00156050572085  0.00246685375052  0.00323372815398   0.0034737531404  0.00351535090265   0.0035448760297  0.00269261692823  0.00249281544052  0.00244767253205   0.0024094582779  0.00236161223917  0.00235394536555  0.00234869299539  0.00233186727819     0.00229385781  0.00229449457546  0.00228611992977  0.00225496895561  0.00223887029528  0.00222436917797  0.00222305790562  0.00220825531389  0.00221067280587  0.00220816340838  0.00220480731937  0.00220947498338  0.00220862604306
0.000215210098982 0.000663010579728  0.00176029881112  0.00239393729962  0.00284470071296  0.00311948427295  0.00335845661041  0.00309989175581  0.00285489701733   0.0027643361224  0.00268532971766  0.00259939394802  0.00251525092564  0.00245629151322  0.00246303648334  0.00246347370447   0.0024639848066  0.00246705816077   0.0024659436014  0.00246262863542  0.00246523972001  0.00247003608742  0.00246000567598  0.00246164022935  0.00245843612935  0.00245900091418  0.00245995251698  0.00245693967947  0.00245905087746
0.000192956007431 0.000729144460108  0.00199299767883  0.00279079100651  0.00320429802041  0.00342454973854  0.00360892158266  0.00318850553978  0.00312730307096  0.00309789292319   0.0030533192291  0.00300554254748  0.00296104066596  0.00290810373243  0.00287695893728  0.00287955512173  0.00289223963545  0.00289436133519  0.00289883848736  0.00291035111829  0.00290910520425  0.00290969761387  0.00291755397291  0.00291834476093  0.00291837041435  0.00291948106616  0.00292266497226  0.00292399812599   0.0029246406235
 0.00018707908988 0.000800382767147  0.00218481179714  0.00303646412452  0.00341614380348  0.00366071012231  0.00366812870324  0.00321009514148  0.00317038915579  0.00314781509036  0.00314239846253  0.00312625607397    0.003096360862  0.00309774274641  0.00309302027181  0.00308456015576  0.00305432791489  0.00305692198652  0.00305283529996  0.00302982122619  0.00302696023133    0.003017214738  0.00301618019511  0.00300328769608  0.00300208459342  0.00300055626324  0.00299405668739  0.00299339838404  0.00299426597762
0.000198962307375 0.000676617469469  0.00178814908747  0.00251882721578  0.00277183149002   0.0029493101385  0.00270664986594  0.00254535282124  0.00258162143004  0.00263486359867  0.00265063428595      0.0026908733  0.00276373352552  0.00276913740577  0.00278908814482  0.00282154017015  0.00288583295386  0.00288744800254  0.00290221353698  0.00294221897534  0.00295460535287    0.002968107867   0.0029714164795  0.00299151669732  0.00299461664173  0.00300020542655  0.00301397457155  0.00300915071844  0.00300714483858
0.000214304928798 0.000655218852483  0.00179281270077  0.00247702875929  0.00269778641592  0.00272495228593  0.00235514988473  0.00218736540499  0.00217550082446  0.00220332327365  0.00224825632212  0.00226867545875  0.00225945327773  0.00225285588407  0.00223449342767   0.0022256854358  0.00220611198763  0.00220689673987  0.00220407456772  0.00219199803884  0.00218626423575  0.00217928797558  0.00217936851675  0.00217367152658   0.0021680532729  0.00216647803526  0.00216288300872  0.00216804267364  0.00216843328722
0.000360746434002 0.000470291984188 0.000866720141259  0.00101120349681 0.000861372844445 0.000910892956638 0.000994384945618  0.00116454238617  0.00133381282658  0.00144144491684  0.00147435482747  0.00141959587917  0.00126800652198 0.000960745688991 0.000603049990599 0.000557339133917 0.000675068246282 0.000667631714597 0.000699484086955 0.000759545463266 0.000808215649203 0.000827579665053 0.000834689189507 0.000875131737939 0.000895651072421 0.000898394812626 0.000903841465277 0.000932158917769 0.000932168647902
0.000319325808184 0.000380473494672 0.000802852230821  0.00113071466088 0.000926248143726   0.0005238158687    0.001176929312  0.00174442327959  0.00226172409746  0.00258140626999  0.00263971385088  0.00237214587288  0.00173899920673  0.00076275073539 0.000183130130202 0.000202837980581 0.000261772880518 0.000261113045474 0.000275213829867 0.000315656373265 0.000323084116618 0.000336097405463 0.000339468579087 0.000350868780104 0.000353780942643 0.000356704200835 0.000365179699851 0.000346491721655 0.000359131187823
2.74277765356e-05 0.000333082310268  0.00069281776179 0.000617691914639  0.00060166481923 0.000594882878087  0.00117647990074  0.00172532680611  0.00222661527664  0.00252440271897  0.00253165347901  0.00217338437071  0.00145092556407 0.000527921790839  0.00013582842548 0.000154080327651 0.000199556368511 0.000199390713509 0.000207862540312 0.000248108900393 0.000256312307713 0.000288101179637 0.000274097854916 0.000318007217164 0.000299031067444 0.000299705697441 0.000318246446731 0.000308531815647 0.000311613118514
8.32058799283e-05 0.000390543304292 0.000730676462616 0.000844091345385 0.000615664043738 0.000458681425262  0.00101157975946  0.00148107074383    0.001846650321  0.00198877453857  0.00183809939831  0.00133853807256 0.000494138024583 6.59176730573e-05 8.43995351674e-05 0.000107018492301 0.000166017503595  0.00017552605799 0.000176323138412 0.000209030536168 0.000220977365663 0.000231200946729 0.000233988479399 0.000256391456701 0.000265778180433 0.000265188861727 0.000280099368825 0.000285330149312 0.000279648945574
0.000138355144315 0.000780580187346  0.00103699713436  0.00116641795292 0.000928856545687 0.000342613477405 0.000665247461042  0.00117363424057  0.00156009675582  0.00173248948357  0.00162228709131  0.00117838801488  0.00044933905325 7.80766329466e-05 9.47548895287e-05 0.000117314251909 0.000143433082879 0.000135464086238 0.000145848395116 0.000167319384304   0.0001832014141 0.000183043821917 0.000191550652265 0.000213463619486 0.000206569285535 0.000220871767002 0.000230124691894 0.000232281673316 0.000222414292711
5.51493660922e-05 0.000512236845443   0.0008208054481  0.00100186482934  0.00082263413622 0.000441715192244 0.000885502966045   0.0013577846546  0.00171644377104  0.00183331266055  0.00159803177479 0.000948100041312 0.000262728097107 3.49376217641e-05 4.23560338496e-05 7.24447809259e-05 0.000107022302644 0.000109168259214 0.000116511488534  0.00014173300314 0.000151163990074 0.000187558741788 0.000174362029319 0.000196473632151 0.000189601869697 0.000195885453659 0.000203738972991 0.000203384433794 0.000203627154915
7.47576576729e-05 0.000397745361976 0.000707934258401 0.000896871205844  0.00070140445963 0.000504649679849  0.00111023490822  0.00148239523536  0.00179367900803  0.00181136121553  0.00142656883028 0.000553803303681   1.722637651e-06 5.58886938044e-06 1.89612872283e-05 3.82520209141e-05 7.31618440863e-05 7.28814499164e-05 8.49003254162e-05 0.000109278699609 0.000121306523139 0.000135015764075 0.000133875697695 0.000154593183921 0.000161015287982 0.000158706335841 0.000171658665748 0.000172992719705  0.00017095644014
 4.1621303003e-05 0.000458053966642 0.000775852485144  0.00104186972431 0.000913777130552 0.000594771123433  0.00110526534767  0.00153677196416  0.00187280345783  0.00190841742957  0.00150885601683 0.000598591131302 2.38822528231e-05  2.4536392891e-05 2.44484286771e-05 3.80480339558e-05 7.63428313625e-05 7.63041018733e-05 8.37456607233e-05 0.000107447508033 0.000124192213395 0.000122546298057 0.000128698147793 0.000139860165222  0.00013471264955 0.000141408732486 0.000145455894943 0.000147311055719 0.000145278297716
9.81659528302e-05 0.000424353286758   0.0010853875513  0.00185482762489  0.00260076011269   0.0034437287421  0.00311125939877  0.00276246695412  0.00261421624996  0.00218227819751  0.00114180402557 0.000238068644315 2.08726155702e-05 1.79536503044e-05 1.87363782757e-05 3.84213922685e-05 6.91133028612e-05 6.95986470288e-05 7.76340788073e-05 0.000100286493139 0.000112131819177 0.000115537858717 0.000117265978214 0.000126032799575 0.000124341925949  0.00012639045901 0.000129676466396  0.00013037539173 0.000131682231742
9.86532216734e-05 0.000470515150818 0.000785280195131  0.00103292341455 0.000982338449586 0.000840978340305  0.00120322273873  0.00151223636092   0.0015346602394  0.00122819067455 0.000562900358713 0.000136443379986 7.42192022612e-05 5.13810329934e-05 5.42235716383e-05  5.4339964675e-05 6.81321828854e-05 6.86838487598e-05 7.22185788042e-05 8.37076997476e-05 8.86896735083e-05 9.26625099461e-05 9.34611770679e-05 0.000101370907518 0.000104261034314 0.000106793636597 0.000108319837004   0.0001118760923  0.00011310835333
5.17649636293e-05 0.000434182661622 0.000871428983007  0.00134063893525  0.00154580566369  0.00127479934491   0.0009818603102 0.000832859743611 0.000802595679373 0.000737687688223 0.000351765981588  6.5923135312e-05 5.08434498038e-05 5.11681167379e-05 5.43475675439e-05 6.14024257687e-05 6.40113040695e-05 6.72170834651e-05 6.83180669929e-05 7.27356251933e-05 7.47499103015e-05 7.86816756938e-05 7.72810250405e-05 8.72291321341e-05 8.78629529337e-05 8.87481749122e-05 9.82888951058e-05 9.91798464681e-05 9.91205630324e-05
2.27895609523e-05 0.000370613882879 0.000707978068787  0.00100186221862 0.000919370576859 0.000484587377047 0.000919197310464  0.00141254521778  0.00155629030137  0.00140540274289 0.000617876600975 8.50990561733e-05 4.08595823007e-05 1.36561584026e-05 1.91336552778e-05 3.13846367392e-05 5.14668850684e-05 4.95522224934e-05 5.16950640865e-05  5.9792409136e-05 6.64075460563e-05 6.91898254384e-05 6.98361468052e-05 8.09020819814e-05 8.05605464679e-05 7.94174577406e-05 8.15040721352e-05 8.26280889827e-05 8.24219433769e-05
 2.0237661081e-05 0.000407737214447 0.000848565304615  0.00135355757379  0.00152156111513  0.00113841808562   0.0013544000072   0.0020480572234  0.00203325169674  0.00163568490064 0.000636935885025 7.41816562535e-05 3.58718233762e-05 1.72168643144e-05 1.45959379284e-05  2.2680585625e-05 3.73426310502e-05 3.78855627671e-05 4.20711691193e-05 5.07928740924e-05 5.71004408578e-05 6.27079389571e-05 6.32073253336e-05 6.87086725645e-05 6.75083470416e-05 6.90526948352e-05 7.09773764278e-05 7.22989860565e-05 7.26885317675e-05
3.36647016572e-05 0.000358913396676 0.000728096767314  0.00114167164665   0.0014494204129  0.00153176762143  0.00181631193605  0.00226259909323  0.00170875378995 0.000748475817138 0.000120025369582 3.77615428808e-05 6.18133690156e-06 4.15114146671e-06 1.79532923781e-06 1.18220596633e-05   2.821062163e-05  2.8000011468e-05 3.13376521547e-05 4.35209018946e-05 4.77514702954e-05 5.05058740579e-05  5.1161467685e-05 5.92745360635e-05   5.847844475e-05 5.87853283176e-05 6.30285299354e-05 6.04523066903e-05 5.98302757827e-05
1.81879016958e-05 0.000297652153569 0.000661805414267 0.000992877196938  0.00117283284229  0.00122880834603  0.00155392171232  0.00204825332928  0.00162155829463 0.000721731186862 0.000103882918636  3.0858465452e-05  6.4325187955e-06 4.77368477675e-06 7.31366608868e-06 1.42831887746e-05 2.82599923034e-05 2.77382784186e-05 3.01034474014e-05 3.95536889794e-05 4.30186407068e-05 4.66455854585e-05 4.74027298081e-05 5.23708470256e-05 5.07875667291e-05 5.16777512222e-05 5.36148335399e-05 5.71825745987e-05 5.77984541588e-05
7.86160215842e-05 0.000393655371883 0.000695279609005  0.00105948864501   0.0011421521526  0.00106174975283  0.00140887316914  0.00193732629621  0.00160331735193 0.000682945606341  7.6125589507e-05 2.25874673463e-05 3.40411589544e-06 4.30285983214e-06  6.3852861687e-06 1.08516884122e-05 2.07605211134e-05 2.07371971081e-05 2.27888013796e-05 2.93246523276e-05 3.25639709263e-05 3.58617210106e-05 3.70197420304e-05 4.35716578261e-05 4.28261161469e-05 4.52678441766e-05 4.94719718593e-05 4.91432705468e-05 4.90256446404e-05
5.80874353156e-06 0.000325385077491 0.000705476198857  0.00112836382234  0.00116670875175 0.000920957824674  0.00120604803256  0.00179860857474  0.00134409987281 0.000358657318385 2.25181673458e-05 4.24267925268e-06 5.68485537397e-06 6.05113661137e-06 7.63843209805e-06 1.11352264532e-05 1.69325718115e-05  1.6552929946e-05 1.81531924623e-05 2.36406300088e-05  2.7550147588e-05 3.03440076875e-05 2.99015219587e-05 3.44595401621e-05 3.46473018972e-05 3.49141584136e-05 3.64408955705e-05 3.66965502748e-05 3.71612852742e-05
3.98656360132e-05 0.000253730588567 0.000710011355102  0.00108921100061  0.00101314188295 0.000799730933031  0.00118270287777  0.00167665469298  0.00137468535605 0.000280542798799 2.00321629055e-05 6.45333584659e-06 3.27541164835e-06 5.04782402225e-06 5.69024207653e-06 8.60167563609e-06 1.62951948122e-05 1.64588704976e-05 1.79661848953e-05 2.28280342525e-05 2.48252316896e-05 2.64747342011e-05  2.6976353703e-05 3.05323047479e-05 3.03397339217e-05 3.12342130424e-05 3.25872962329e-05  3.3366944202e-05 3.32580565284e-05
3.35982429082e-05 0.000302587644356 0.000713406388559 0.000980572068253 0.000974303360547 0.000853000630816  0.00140390935812  0.00166452156562  0.00129905120566 0.000182076002887 1.84608815483e-05 6.17396515196e-06  1.8511255871e-06 2.46671464177e-06 3.22059427213e-06  5.7248399063e-06 1.15265274186e-05 1.16857410504e-05 1.28784745769e-05 1.64632409602e-05  1.9035917028e-05 2.13055602149e-05 2.13143076116e-05 2.48331550851e-05 2.50867631765e-05 2.56673658618e-05 2.73954677424e-05 2.74622215498e-05 2.75739656537e-05
6.07429765775e-06 0.000301882137794 0.000737053521567  0.00106964982308 0.000993671703075 0.000828119937845  0.00137402736297  0.00163531926569  0.00127245763335 0.000173847006849  2.1415530913e-05 1.03297289074e-05 3.25825597171e-06 3.08861351143e-06 1.27915579199e-06 3.95498925948e-06  1.0156647264e-05 1.02357420163e-05 1.16466087956e-05 1.57677945235e-05 1.76374175064e-05 1.87113555367e-05 1.90606530423e-05 2.10691248383e-05  2.1178613143e-05 2.20697415628e-05 2.31898839334e-05 2.39443067984e-05 2.39552515197e-05
3.56087504199e-05  0.00032095095799 0.000799819431808  0.00123599565614  0.00116098174202 0.000879069522331   0.0013855129597  0.00165047433876  0.00127327516355 0.000206343196948 1.83439548895e-05 7.73670969423e-06 1.88641193306e-06 2.53339404914e-06 1.08694047677e-06 1.65429836954e-06 6.26318697201e-06 6.16915272397e-06 7.15946135033e-06 9.94826341381e-06 1.14458475933e-05 1.30660073783e-05 1.29683000357e-05 1.77231444513e-05 1.75797582004e-05 1.82107797538e-05 1.99510912126e-05 1.97928316077e-05 1.99690682991e-05
6.63950715938e-05 0.000239612005059 0.000737038178011  0.00109140229666  0.00101321807294  0.00103056589424  0.00146406097504  0.00148652061563  0.00120509383264 0.000228625301282 2.23507860761e-05 1.68375926939e-05 8.09626419324e-06   7.185616562e-06 5.84138769785e-06  2.9619951615e-06 3.14866161698e-06 2.99717142638e-06 3.76751925965e-06 6.86178653015e-06 8.83055686696e-06 1.03763880483e-05 1.06432684748e-05 1.34437546261e-05 1.27170389389e-05   1.344181379e-05 1.51449247677e-05 1.55454181457e-05 1.55833448428e-05
3.32472218855e-05 0.000359355375251 0.000844449155102  0.00114123582933  0.00104129311683   0.0012492057244   0.0016326082415  0.00149675823356  0.00119334626031 0.000296265017275 1.50692819161e-05  1.6565168986e-05 1.06015248984e-05 1.08794421654e-05 9.27785524664e-06  6.2585558925e-06 1.33944774779e-06 1.78241807598e-06 1.40703578424e-06 4.77767573057e-06 7.47010533747e-06 9.20809777632e-06  8.9617446665e-06 1.09878964023e-05 1.08123302064e-05  1.0849938532e-05 1.07288360596e-05 1.14637200498e-05 1.15644147794e-05
5.69172382605e-05  0.00029722975259 0.000816502096559  0.00109321884597 0.000993102863615  0.00123804543729  0.00162918168306  0.00150387061764  0.00118958197904 0.000418983138988 1.61807423026e-05 1.64527672667e-05 1.11240685513e-05  1.1258808625e-05 1.01836459043e-05 7.42527637498e-06 2.91667134489e-06 2.71892092078e-06 1.76142818832e-06 1.22416462893e-06 2.72740101738e-06 4.30114732414e-06 4.36034050238e-06 6.55585049966e-06 6.59433206841e-06 7.11310016106e-06 8.16213739806e-06 8.11938280095e-06  8.1122693418e-06
3.54379874996e-06 0.000285904714444  0.00080667333878  0.00107228966157 0.000950489605335  0.00118647518217   0.0015851392541  0.00148968961599  0.00117661822675 0.000600087013115 1.61720891503e-05 1.17478981954e-05 8.55403829957e-06 8.94907208218e-06 8.18246965832e-06 6.30633792627e-06 3.36795884057e-06 3.27147518107e-06 2.62366247698e-06 6.55651092487e-07 6.28680679494e-07 1.92824710799e-06 2.00856377217e-06 4.13235288205e-06 3.83142439842e-06 4.14993995168e-06 5.25400659348e-06 5.48492291943e-06 5.72640980894e-06
1.83285824693e-05 0.000262831192252 0.000788742788034   0.0010512560508 0.000931598933476   0.0011274113805  0.00154303578685  0.00148243836397  0.00116053085123 0.000861466390125 2.22080121621e-05 1.54422780956e-05 1.27816378529e-05  1.2496891771e-05 1.14942855666e-05 1.00399700261e-05 6.30812069747e-06 6.45013761973e-06 5.66440159232e-06 3.04917229704e-06 1.80051415765e-06 5.60925311587e-07 5.41591103237e-07 1.80814401056e-06 1.81794166565e-06  2.2938110119e-06  3.2236140449e-06 3.58523920185e-06 3.55088762011e-06
3.17988139269e-05 0.000276087838716 0.000828984695067  0.00106881115821 0.000916196703084  0.00101814826944  0.00140627548631  0.00142469498465  0.00113412089482 0.000872713444673 3.52005713694e-05 1.46319783267e-05 1.23927307681e-05 1.16492492117e-05 1.14119544828e-05 9.42460631646e-06 5.99174878036e-06 5.64006487755e-06 5.12688737749e-06  3.7923967553e-06 2.97202530001e-06 2.39204252143e-06 2.32458114624e-06 1.43678414941e-06 1.43245041593e-06 1.20772969234e-06  8.8608674689e-07 9.31054315079e-07 9.59361708332e-07
 2.2232093941e-05 0.000271470540665 0.000797824196313  0.00107164395348 0.000957378400291 0.000896988401722  0.00119934656099  0.00133503430932  0.00113790711494 0.000915570337514 6.11011638545e-05 9.25444244899e-06 1.14995391926e-05 1.23561365487e-05 1.15196677578e-05 1.10468833468e-05 9.27648375349e-06 9.57207955786e-06 8.91997249876e-06 6.83839922925e-06 5.74218909937e-06 4.77862838219e-06 4.77267700523e-06 3.29045847577e-06 3.23437590144e-06 3.04425289287e-06 2.50769321411e-06 2.28260304358e-06 2.26659348454e-06
1.85873068336e-05 0.000306491231907 0.000817532565869  0.00112117424278  0.00101527472482 0.000818234954557  0.00101015889151  0.00120926353587  0.00109898480618 0.000938887510507 7.84778597054e-05  1.1293535492e-05 1.22183478273e-05 1.16495171345e-05 1.12391055811e-05 1.00369942086e-05 8.08243331719e-06 8.02032761388e-06 7.63311890955e-06 6.79769023314e-06 6.33088946451e-06 5.78750435061e-06  5.7270107982e-06 4.77676937341e-06 4.77267700523e-06 4.59110555927e-06 4.11728009285e-06 3.99629030034e-06 4.05322541061e-06
4.91783603371e-06 0.000177683235907 0.000722154514777 0.000981046320559 0.000785442370886 0.000859417891727   0.0013418830714  0.00143035886579  0.00118672686824  0.00086159350198 9.89810297877e-05 2.02441420083e-05 1.78947316875e-05 1.91248676081e-05 1.78817499322e-05 1.55853344269e-05 1.08033404425e-05 1.06406915745e-05 9.80506596856e-06  8.2254544762e-06 7.27671167816e-06 6.85649369571e-06 6.97603554838e-06 6.08434684523e-06 6.14146617801e-06 5.90133017896e-06 5.60410464933e-06 5.54523444666e-06 5.66512674722e-06
1.94068883864e-05 0.000223176398186  0.00074701286578 0.000935062885005 0.000754876473717  0.00096576813134  0.00152776323444  0.00159558180085  0.00129424002164 0.000897143217849 0.000166797448127 1.55253771821e-05 1.47279774466e-05 1.45644241229e-05 1.43917097288e-05  1.3286619691e-05 1.13798910257e-05 1.15942620115e-05  1.1184808013e-05 9.15280704041e-06 8.43484701292e-06 7.87142468415e-06 7.81122224099e-06 7.27214834216e-06 7.27396486233e-06 7.27361380556e-06 6.91824823787e-06 6.85921346023e-06 6.85558686776e-06
 1.8923774525e-05 0.000249600004344 0.000700744752533 0.000890633963903 0.000811419955212 0.000953806206719  0.00151131620104  0.00162002829217   0.0013005476311 0.000899828694963 0.000249704072891  8.7698623608e-06 1.88860592135e-05 1.91701501166e-05  1.7531796975e-05 1.58242867515e-05 1.23110350759e-05 1.22289880225e-05 1.13703183232e-05 9.12652026742e-06 9.15237035518e-06 8.96580716377e-06 9.12652026785e-06 8.52722773876e-06 8.64452309384e-06 8.46574822697e-06 8.16931615597e-06  8.1097370871e-06 8.10624538536e-06
1.55491039721e-05 0.000221115945203 0.000750077314203 0.000968260321428 0.000820858107465 0.000867992918462  0.00143965340349  0.00161764808971  0.00129425944709 0.000897280701103 0.000361507673961 4.99971951534e-06 1.32500795306e-05 1.48818079161e-05 1.45845931804e-05 1.42941187014e-05 1.40492311149e-05  1.4217925396e-05 1.43625242279e-05 1.42550539343e-05 1.29854023033e-05 1.21256362307e-05  1.2107998106e-05 1.10304933597e-05 1.10285607037e-05 1.08500510892e-05 1.03150913784e-05 1.03134229638e-05 1.01934834646e-05
2.47384580869e-05 0.000235496907616 0.000749919339044 0.000958743110831 0.000766789313872 0.000877215178852   0.0014767483563   0.0016052012296  0.00128113748749 0.000887112721124 0.000522590892549 9.04335990408e-06 2.13680648155e-05 1.98854257128e-05 1.94127453263e-05 1.82734164176e-05 1.68867649078e-05 1.67261997114e-05  1.6342036277e-05 1.55132753716e-05 1.51427254098e-05 1.45043420703e-05 1.43722684625e-05 1.28186021218e-05 1.26385742753e-05 1.25180485952e-05 1.19222699842e-05 1.17445352645e-05 1.18017290728e-05
4.30670075857e-05 0.000193741738867 0.000710170872094 0.000907057860695 0.000747813790185 0.000939234426931  0.00147854044778  0.00158146216606  0.00128933756302 0.000885614657507 0.000581493741297 1.30879551497e-05  2.3769328255e-05  2.5330500215e-05 2.50007293079e-05 2.40826319104e-05 2.17235196095e-05 2.15465479782e-05 2.09911034335e-05   1.904412707e-05 1.80920471303e-05 1.71331993634e-05 1.71771095668e-05 1.56252371221e-05 1.56215987749e-05 1.53203649403e-05 1.45446325496e-05 1.44268176095e-05 1.44254323439e-05
2.22184022282e-05 0.000235190599982 0.000717374044546 0.000875737148693 0.000757847862837  0.00107370575078  0.00151814055198  0.00155270708182  0.00131361997586 0.000891887226472  0.00058046787833 1.78748145881e-05 2.56936523989e-05 2.68898215081e-05 2.59573176744e-05 2.41471417081e-05 2.05846645733e-05 2.04435508817e-05  2.0220260768e-05 1.86134113903e-05 1.82799049765e-05 1.78497314778e-05 1.78956928299e-05 1.71135992586e-05 1.71715760164e-05 1.69301915315e-05 1.66305036866e-05 1.65718064004e-05  1.6690531168e-05
 1.9795991688e-05 0.000196834314006  0.00066167977612 0.000823675319529 0.000735714975189  0.00106414026585  0.00150544873587  0.00155957636481  0.00132172054985 0.000891373257097 0.000580821762394 2.77888065009e-05 2.45484235874e-05 2.75480059548e-05  2.6643125518e-05 2.45187416349e-05 2.07972085873e-05 2.15423014044e-05 2.10854958308e-05 1.88228268979e-05 1.82993600682e-05 1.77328138239e-05 1.74060935267e-05  1.6823826737e-05 1.66570189462e-05 1.66932382366e-05   1.704745593e-05 1.71074675926e-05  1.6929398037e-05
2.78842748039e-06 0.000176524233621 0.000711517451872 0.000900364438576 0.000761065991659  0.00104137605193  0.00148556071309  0.00157142010803  0.00133417861282 0.000893701587573 0.000582646267175 5.21721676812e-05 2.56659308079e-05 2.90587473323e-05 2.83247811409e-05 2.71922135898e-05 2.39841345938e-05 2.43317518819e-05 2.38474637591e-05 2.18299366869e-05 2.02391617492e-05 1.97611702962e-05 1.98848779908e-05 1.90937376639e-05 1.89673052198e-05 1.87812393723e-05 1.81268935812e-05 1.80608220909e-05 1.81810776937e-05
6.71180377789e-05 0.000352902505717 0.000739429395412 0.000906391126861 0.000844721378288  0.00105733250443  0.00146150678428  0.00159746034535  0.00137412727875 0.000910242068054 0.000595047292961 9.67750107564e-05 2.08753407781e-05 2.42258612501e-05 2.49602949358e-05 2.52577197047e-05 2.49752842999e-05 2.48451457343e-05 2.49706471925e-05 2.33599692023e-05 2.29086683739e-05 2.21655761993e-05 2.24595648151e-05  2.1014018835e-05  2.0766429534e-05 2.07437865583e-05 2.00874340617e-05 1.99085090254e-05 1.99086261342e-05
1.76815381544e-05 0.000199977509549 0.000670197078518 0.000828385431085 0.000758361358837 0.000962157684716   0.0013993610074  0.00159441027492  0.00137590923654 0.000901763139099 0.000591624905919 0.000144136062928 2.14640113409e-05 2.89208259909e-05 2.80975518212e-05 2.52561506528e-05  2.2631432104e-05  2.3639669962e-05 2.31376600775e-05 2.28883582102e-05 2.25770639963e-05 2.22723315176e-05 2.24117625545e-05 2.22461161731e-05 2.24809537782e-05 2.21771384367e-05 2.18771427374e-05 2.18160328195e-05 2.18758993741e-05
2.20307257095e-05 0.000303598499051 0.000783111440046 0.000983207650447 0.000840117195589 0.000943029053482  0.00134008936321  0.00160736446305  0.00140194954161 0.000905687968698 0.000600424470841 0.000219696380442 1.63369811282e-05  2.5654760952e-05 2.63219244834e-05 2.77507221477e-05 2.86769072133e-05 2.65955770699e-05 2.70341068605e-05  2.6822768963e-05 2.60475025551e-05 2.55727587966e-05 2.54012354839e-05 2.38586158271e-05 2.37836770493e-05 2.36092005984e-05 2.30697696706e-05 2.29490267432e-05 2.30085558008e-05
 1.0473469426e-05 0.000211570252134 0.000687763992108 0.000902078492022 0.000853083004808 0.000929898679991  0.00128451812869   0.0016367366336  0.00144190997337 0.000906387890183 0.000604115307221 0.000317725074995 1.45949820317e-05 2.72525031283e-05 2.77034838244e-05 2.54933735279e-05 2.33820166614e-05 2.43181662731e-05 2.39267178096e-05 2.46981116536e-05 2.45350096532e-05 2.44265668508e-05 2.45216480489e-05 2.46360542456e-05 2.49760220407e-05 2.49208411551e-05 2.46168084928e-05 2.39635876616e-05 2.36634240087e-05
7.91238734777e-06 0.000231874015795 0.000710956395812 0.000935916825108 0.000922457239066  0.00110799859035   0.0014179115758  0.00147995371789  0.00125946006256 0.000869306285756 0.000584650827814 0.000393314063099 1.52516378183e-05 3.28791499432e-05 3.51199314402e-05 3.51183313892e-05 3.25422811596e-05 3.16621537175e-05 3.05780684088e-05 2.78280172565e-05 2.64329337515e-05 2.54631154099e-05 2.57070253351e-05 2.39652601012e-05 2.34286110235e-05 2.33487882429e-05 2.25441912862e-05 2.31269142118e-05 2.29302291138e-05
9.86432229089e-06 0.000249195021975 0.000732265740712 0.000914210526573 0.000909645908708  0.00115982107049  0.00144568064685   0.0014170931099  0.00121768804207 0.000884674002405 0.000607405024649 0.000391735543353 2.08921786718e-05 4.29871515268e-05 4.09202160577e-05 3.65976857986e-05 3.10511082192e-05 3.23194021792e-05 3.17793836706e-05 2.78538059618e-05 2.68557125849e-05 2.55357039071e-05 2.55122197233e-05  2.3982723405e-05 2.41896475445e-05 2.41232127537e-05 2.34350548357e-05  2.3897374605e-05 2.37558721677e-05
 2.6839132369e-05 0.000254416385867 0.000741130845827 0.000925133998742 0.000904136595319  0.00112324549122  0.00141041898616  0.00140273368298  0.00121912192176 0.000904178227192 0.000626583810644 0.000404099327684 1.04333459752e-05 3.22803857596e-05 3.27451236486e-05 3.52438877477e-05 3.48234778896e-05 3.33678391495e-05 3.30215274162e-05 3.19318672333e-05 3.07876922652e-05  2.9512380808e-05  2.9342032359e-05 2.62738362683e-05 2.64458334673e-05 2.55813143209e-05 2.42185314006e-05 2.41481259551e-05   2.460488111e-05
2.79868995833e-05 0.000278974476611 0.000735699263086 0.000917535349014 0.000868410131214   0.0010954060976  0.00140540670381  0.00138536393192   0.0012045706179 0.000912175978502 0.000647884769789 0.000416695266288 2.69250386875e-05 2.89110016191e-05 3.04480412799e-05 2.96525163447e-05 2.65118143326e-05 2.69465969041e-05 2.74253425311e-05 2.83514435982e-05  2.8532455357e-05 2.87093097522e-05 2.86192308611e-05 2.85331985474e-05 2.86302304143e-05 2.87236415833e-05 2.88147002466e-05 2.90502331859e-05  2.9078916436e-05
9.23747057106e-06 0.000159982668681 0.000703042710748  0.00092477301479 0.000904617151657  0.00109751132598  0.00134066245298  0.00135482808616  0.00120707294571 0.000913237559117 0.000626526761515 0.000397690552902 4.51653995102e-05 3.34702902898e-05 3.60854090991e-05 3.12114527464e-05 3.00255525368e-05 2.93618976642e-05 2.90097853307e-05 2.84006124543e-05 2.79353813971e-05 2.80742661989e-05 2.80937160602e-05 2.75976947744e-05 2.73060190784e-05 2.73493105072e-05 2.58601914189e-05 2.58644713592e-05 2.67809355103e-05
2.84774620453e-05 0.000370083971168 0.000697551336442 0.000844043113642 0.000880913716787  0.00105182091742  0.00131039815355  0.00144932151029  0.00135767709888  0.00102890175497 0.000670403189444 0.000424397311455 8.65639258458e-05  2.4179317504e-05 2.87573282641e-05 3.21606502682e-05  2.7334736716e-05 2.70110114444e-05 2.85973263498e-05 2.83892110577e-05 2.84436157999e-05 2.78619081259e-05 2.76714884342e-05 2.74602324554e-05 2.78122299867e-05 2.80406478465e-05 2.69281093413e-05 2.76092782471e-05 2.87257287095e-05
2.67158253923e-05 0.000220698659296  0.00072284596837 0.000919301063676 0.000719475232117  0.00088034423317  0.00125422503664   0.0014168656793  0.00132997521429  0.00102824001756 0.000671122383937 0.000421458532381 0.000129091698621 2.60396124712e-05 3.22448946985e-05 3.38784278765e-05 3.76128221611e-05 3.75672445154e-05  3.4632300277e-05 3.18643135225e-05 3.10198979662e-05 3.00627926524e-05 2.97367596679e-05 2.89433528294e-05 2.91240555702e-05  2.9093005134e-05  3.0050968991e-05 3.02996014094e-05  3.1094267738e-05
6.85224995739e-06 0.000228637686216  0.00065302987207 0.000795148656179 0.000794226940936 0.000955036216178  0.00124436265496  0.00141323654359  0.00134371377252  0.00104293017075 0.000684645003925 0.000422117847683 0.000190114829549 2.62462592469e-05 3.38168322781e-05 3.51277100009e-05 3.53511843346e-05 3.43965549228e-05 3.44275750734e-05  3.3171688284e-05 3.22661033713e-05 3.26702819334e-05 3.26986892806e-05 3.12512558196e-05 3.09632217721e-05 3.05880771216e-05 2.97714050677e-05 2.96165517625e-05 3.04380355579e-05
6.86297679599e-06 0.000180782606854 0.000659282618248 0.000846793071938 0.000768287748541  0.00087312138228  0.00116073273128  0.00136892566744   0.0013265158924  0.00104574341775 0.000695393487153 0.000423634131993 0.000285145691744 2.35028718783e-05 3.45444646775e-05 3.41114891857e-05 3.00638716974e-05  2.9187911666e-05 2.91812525979e-05 2.82914191578e-05  2.7260496406e-05 2.77561238018e-05 2.76041105273e-05 2.77530876963e-05 2.82876989367e-05 2.77135479886e-05 2.87214035517e-05 2.84820406821e-05 3.03299254021e-05
 1.9302513465e-05 0.000174448723702 0.000618777000784 0.000782828131421 0.000746168357085   0.0008578797687  0.00114056806612  0.00135906909276  0.00133147271327  0.00106710080963 0.000710343877051 0.000436193940144  0.00029168414986 1.38877897238e-05 2.91999685173e-05 3.11170451008e-05 3.18945467739e-05 3.22197834565e-05 3.17029147759e-05 3.17578842968e-05  3.1641130716e-05 3.22431930544e-05 3.26720217996e-05 3.17024191798e-05 3.18217917025e-05  3.1907589623e-05 3.23458322219e-05 3.26106354959e-05  3.4259610305e-05
1.98504758906e-05 0.000199605031999 0.000648700753781 0.000822115059341 0.000777106248776 0.000848693999053  0.00109548701835  0.00132452413289  0.00131836812489  0.00107570576626 0.000730053375945 0.000442578593378 0.000291895033652 7.41909003756e-06 3.05243250443e-05  3.2336082001e-05 3.20508437126e-05 3.16136577378e-05 3.24873129503e-05 3.34119287194e-05 3.33201293033e-05 3.29925573204e-05  3.3118359581e-05 3.21801607619e-05  3.2174588492e-05 3.14947842329e-05 3.06745678438e-05 2.95158302587e-05 3.01326092517e-05
3.45208628889e-06 0.000174653577759  0.00061062230083 0.000746248013942 0.000654771276363 0.000679848525326 0.000945881485826  0.00127629399518  0.00133036829008  0.00111722948049    0.000715457998 0.000485880155969 0.000289281668991 3.04405127107e-05 3.67457744013e-05 3.34686788069e-05 3.20904060351e-05 3.15543934972e-05 3.06620214778e-05 2.90291634243e-05 2.81084407366e-05 2.87199926115e-05 2.90939667795e-05 2.78929995996e-05 2.84424721314e-05 2.78072277464e-05 2.74575639317e-05 2.70768491211e-05 2.85846532555e-05
1.95894374786e-06 0.000165210414152 0.000564617549412 0.000636640713953 0.000542041733865 0.000652343075933  0.00100542443465  0.00137874868305  0.00142829943636  0.00120598598527 0.000683022768595 0.000509789616851 0.000307334706837 5.71562067326e-05 3.44100405689e-05 3.25554901442e-05 3.18753221502e-05 3.16274895147e-05 3.15306636716e-05 3.15207598156e-05 3.18575674244e-05  3.1794762361e-05 3.26782193185e-05 3.09963781625e-05 3.16519885952e-05 3.06028822823e-05 2.94048657958e-05 2.89069046672e-05 3.06055522547e-05
 1.5941974038e-05 0.000155225993182  0.00055126285539 0.000628158990324 0.000553301154895 0.000690919138194  0.00106512744385  0.00143877396038  0.00149009664502  0.00125148654522   0.0006668915118 0.000500125176335 0.000282864021271 3.53294735979e-05 4.99944694572e-05 4.70046008098e-05 3.74368568186e-05 4.04356954706e-05 3.87764472335e-05 3.58729499315e-05 3.48235673173e-05 3.33733320304e-05  3.3394895242e-05 3.18948382049e-05 3.12076602345e-05 3.09873686687e-05 3.13702393849e-05 3.12009998207e-05 3.26558157117e-05
 1.3190725629e-05 0.000175947291835 0.000588789839702 0.000680239883455 0.000622029749963 0.000787331813116  0.00118625493176  0.00155452013229  0.00160673341492  0.00135191518503 0.000715784262299  0.00050606760763 0.000302478016666 6.97349621417e-05 4.59076362815e-05 4.99376943968e-05 4.86486916223e-05 4.67295781213e-05 4.61732360273e-05 4.06535343097e-05 3.83507054122e-05 3.56645028262e-05 3.46046448807e-05  3.3348389267e-05  3.2945442971e-05 3.29254332664e-05 3.29607218494e-05 3.15324098391e-05 3.27354093504e-05
1.20550343034e-05 0.000198266360333  0.00059987204237 0.000727614328012 0.000728614775804 0.000879781856835  0.00123328119845  0.00155616044546  0.00158473665916  0.00129919216244 0.000702506916114 0.000549561385991 0.000312700858022 0.000122304254568 2.56034661516e-05 3.78574886777e-05 4.15783909788e-05 4.06473691826e-05 4.07969179432e-05 4.08616583582e-05  4.0144557825e-05 4.04575746857e-05 4.07268363265e-05 3.85491657678e-05 3.98573389452e-05 3.86345501497e-05 3.80050106849e-05 3.75113226366e-05 3.79575018434e-05
6.87376279612e-06 0.000171996097673 0.000604005325213 0.000769964645868 0.000775737489857 0.000913615639045  0.00126706772467    0.001574127955  0.00158280702591  0.00126334971318 0.000694388522312 0.000552810568359 0.000328461456055 0.000184230773384 2.15860562929e-05  2.9598209451e-05 3.09270576062e-05 3.08804601857e-05 3.24268479498e-05 3.58333583905e-05 3.73816172376e-05 3.91949375819e-05 3.90183882647e-05 4.13360494493e-05  4.1224713505e-05 4.01584745999e-05 4.01708885203e-05 3.94309644144e-05 3.92910364313e-05
5.16989579625e-06 0.000218668935067 0.000647008588926 0.000814530837993 0.000841490932339  0.00096220496475  0.00129938863481  0.00156657061257  0.00153331146107  0.00119450347521 0.000706905895036 0.000588707159934 0.000334909003931 0.000231201747948 1.22775395167e-05 2.25251773787e-05 2.80618008513e-05 2.52569416713e-05 2.64020960609e-05  2.9742370505e-05 3.24529226198e-05 3.36111042322e-05 3.28808632574e-05 3.50100173981e-05  3.4819779661e-05 3.59786986425e-05 3.67133435377e-05 3.62685937324e-05 3.79306914184e-05
7.90304664199e-06 0.000190137260883 0.000633003872686 0.000820150107719 0.000841672247188 0.000963268914792  0.00118054976009  0.00138681831314  0.00144343812289  0.00125412985564 0.000795391071983  0.00050967584684  0.00036865118824 0.000193111488285 3.01737052095e-05  3.8863894623e-05 3.60287249181e-05 3.72367557839e-05  3.5454712696e-05 3.19767200719e-05 3.11263675921e-05 3.07461765258e-05  2.8724260006e-05 2.98700791748e-05 3.00725517037e-05 3.03481345201e-05 3.34642394144e-05 3.36441458636e-05 3.45686160945e-05
1.10286457422e-05 0.000230383310681 0.000613622863656 0.000742450021899 0.000736826274438 0.000841903431963  0.00109087281291  0.00135684956349  0.00145955283218  0.00129936175551 0.000855003529854 0.000568574342403 0.000424145282641 0.000209163509133 1.93885685881e-05  4.1249237619e-05 3.89856196319e-05 3.93512836834e-05 3.83296627966e-05 3.70892912103e-05 3.58120753454e-05 3.36728921856e-05 3.52339618574e-05 3.10880937183e-05 3.04802769598e-05 3.10096887922e-05 3.12799793656e-05 3.17718790682e-05 3.29363531414e-05
1.23449761156e-05 0.000211084405805 0.000585815672607  0.00071268219615 0.000710119721312  0.00081002678562   0.0010521007668  0.00133643855067  0.00145833525108  0.00131159615391 0.000871798475706 0.000535451058227 0.000417195227034 0.000216809265405 2.71921967984e-05  4.7838277272e-05 4.26384167986e-05 4.21086414698e-05  4.1159246686e-05 3.75830817366e-05 3.51217676987e-05 3.40276882073e-05 3.43960118233e-05 3.46447895907e-05 3.60681121503e-05 3.69695647013e-05 3.64946474092e-05 3.59543528687e-05 3.53248047392e-05
1.35328198985e-05  0.00019755276497 0.000611102573485 0.000768414870744 0.000745427329857 0.000831442642914   0.0010478499563  0.00131450774005  0.00143823236341  0.00129392683693 0.000849678961622 0.000558894377187 0.000455872807953 0.000216935429942 1.56342454798e-05 3.59386687855e-05 3.75315680131e-05 3.67185909605e-05 3.66978246944e-05 3.66826894767e-05 3.64737684789e-05 3.54982597414e-05 3.59361916147e-05 3.50699897133e-05 3.28100695882e-05 3.48596606964e-05 3.54920510691e-05 3.42266795234e-05 3.38973873455e-05
2.29218175726e-05 0.000228474171634 0.000582073535454 0.000720083839644 0.000762228271977 0.000856404129673  0.00105668130891  0.00131640808764  0.00145269178289  0.00132196156393 0.000883748572836 0.000545427922565 0.000451092492632 0.000232335282057 4.15087554457e-05  2.9876310434e-05 3.05319188408e-05 2.94186743882e-05 2.97663340042e-05 2.92999686594e-05 2.97050255993e-05 3.01249187515e-05 3.29814776438e-05 3.38410587061e-05 3.08122145352e-05 3.12802065205e-05 3.18325077269e-05 3.30123413732e-05 3.31853142087e-05
5.16183329257e-06 0.000228982955877 0.000592923310146 0.000745689149345 0.000808878871883  0.00091739774348  0.00110412058701  0.00134403146418  0.00147528740343  0.00134320343115 0.000891237961575  0.00053263029203 0.000440996324324 0.000233080057523 7.82053467134e-05 2.18231879459e-05 2.80435068302e-05 2.99259855252e-05 2.97030504251e-05 3.39634199793e-05 3.71810951408e-05 3.73104127582e-05 3.52446956848e-05 3.50042485859e-05  3.4763371142e-05 3.48863903317e-05 3.46335428634e-05 3.46558885083e-05 3.49537189577e-05
3.04860983591e-05 0.000227325303627 0.000596770146001 0.000781944187284 0.000864501749112 0.000982536735276  0.00115745340333   0.0013862367522   0.0015273198588  0.00141125968735 0.000966068965396 0.000539135262625 0.000457108427761 0.000261577307348 0.000130068844024 2.00117504699e-05 2.46587972083e-05 2.53231638091e-05 2.89017326015e-05 3.20067275464e-05 3.23474502488e-05 3.31927369868e-05 3.34448454997e-05 3.58250722547e-05 3.45837428689e-05 3.48654693534e-05 3.41546869443e-05 3.41914084301e-05  3.3898648292e-05
2.13008701636e-05 0.000242393845649 0.000607403456136 0.000809228370177 0.000914627787845  0.00104307688609  0.00119190851665  0.00137054380014  0.00149402185843  0.00137711358211 0.000932133617187 0.000538238934131 0.000462322703665 0.000258886442337 0.000182769918394  1.1207106109e-05 2.34858560008e-05 2.25562012313e-05 2.22244765294e-05 2.42310011788e-05 2.66692836284e-05  3.0893815896e-05 3.07876922583e-05 3.67165095615e-05 3.99924764107e-05 3.63230559771e-05 3.62155486904e-05 3.55062153588e-05 3.53584680077e-05
2.17372267416e-05 0.000239548588094 0.000600090404478 0.000806110378274  0.00091340443889  0.00100726344053  0.00106097874591   0.0011746911667  0.00132312847522  0.00126572407858 0.000896800774761 0.000573006894476 0.000463636577927 0.000279077814192 0.000204220442111 1.77442601475e-05 9.00146439692e-06 8.99966983639e-06 1.12251323319e-05 1.94017964545e-05 2.38137908334e-05  2.4315718096e-05 2.35502893876e-05 2.62613466983e-05 2.66658059453e-05 2.68738465842e-05 2.82981525538e-05 2.92295155465e-05 2.91392692928e-05
2.20208841292e-05 0.000243769725105  0.00057295059394  0.00077724643457 0.000880199145324   0.0009726342767  0.00102056036244  0.00113856365106  0.00130244898376  0.00126125604622 0.000904543973212 0.000567602148197 0.000462997952615 0.000281391810305 0.000199743536616 2.01462907385e-05 6.83920141916e-06 6.77999312603e-06 9.23760947251e-06 1.41430182969e-05 1.63615782439e-05 1.87092190943e-05 1.84299414478e-05 2.21551805601e-05 2.28683116028e-05 2.36695412288e-05 2.44685052679e-05 2.43972057447e-05 2.39822049221e-05
1.24649269758e-05 0.000246155961882 0.000626941629663 0.000860655720417 0.000989553588438  0.00109999527918  0.00113528421356  0.00118494608015  0.00129247626526  0.00122172800674 0.000837392918099 0.000526306586891 0.000470232624597 0.000263159143362 0.000186655574145 1.73236248676e-05 8.92424701098e-06 1.01567609446e-05 1.08812800523e-05 1.35327502338e-05 1.48505828527e-05 1.66986905431e-05  1.6104846582e-05  1.8539727497e-05 1.84611435617e-05 1.88939202697e-05 1.94659361711e-05 1.98811871182e-05 1.98962589866e-05
1.06273079439e-05 0.000253993575334 0.000618683443701 0.000878961289989  0.00105772109463  0.00121943640651  0.00126694787494  0.00125739640357  0.00130963100479  0.00121460514092 0.000814276590771 0.000511427302154 0.000447981680693 0.000269753922512 0.000191863909818 3.29367239053e-05 6.49875632054e-06 7.14776432983e-06 7.95829800817e-06 1.08678119656e-05 1.30236386469e-05 1.42949591559e-05 1.39506704911e-05 1.66984050563e-05  1.7111828114e-05  1.7321233093e-05 1.78362915844e-05 1.79926322902e-05 1.81944581639e-05
1.47238816957e-05 0.000225792922666 0.000608049333621 0.000880376452031  0.00107846974073  0.00125182474664  0.00125864219271  0.00117370740607   0.0012321136452  0.00119738411985 0.000890343745125  0.00054590547371 0.000440916528929 0.000252581526459 0.000146970960298 2.31991401845e-05 1.51332553635e-05 1.62378102716e-05 1.58767640142e-05 1.19127988126e-05 1.12929524453e-05 1.26700264239e-05 1.25868865365e-05  1.2959350645e-05 1.35575674726e-05 1.38709322106e-05 1.42131224892e-05 1.43760376504e-05 1.44976888548e-05
1.33916903943e-05 0.000249718663862 0.000572138165306 0.000779277497017 0.000882727229151  0.00096527924785 0.000878666511604 0.000844382494035  0.00109062422127  0.00121429973427  0.00100322158939 0.000681408829833 0.000463687074027 0.000310169630705 0.000130217644915 1.90885568471e-05 3.55397615321e-05 3.88174543281e-05  3.6202922067e-05 2.92619435403e-05 2.68516457784e-05 2.24266821737e-05 2.19421406845e-05 1.81385819162e-05 1.84274051779e-05 1.79644051068e-05 1.67548698872e-05 1.69469708055e-05 1.65903401664e-05
 6.8256710368e-06 0.000204923392265 0.000517100678871 0.000720771652618 0.000831374507255 0.000913863094813 0.000823149797839 0.000792400453131  0.00106039807786  0.00120308241111  0.00102363852821 0.000703767587315 0.000481683876329 0.000324679182063 0.000143807072357 5.62716046696e-05 4.03539769989e-05 4.21361168001e-05 4.19501162488e-05 3.60030298832e-05 3.34666307792e-05 3.02944806703e-05 3.01960072447e-05 2.57658442424e-05 2.60864989941e-05  2.4895341064e-05 2.15774782702e-05  2.1213397957e-05 2.09282392682e-05
9.97006284393e-06 0.000207862971817 0.000518019887068 0.000684585995401 0.000716014007569 0.000747492066099   0.0006018964025 0.000615522821955  0.00105201205733   0.0012941405911  0.00117516670992 0.000885225592387 0.000520524094818 0.000374664158631 0.000147297839806 0.000101939021647 3.40908882214e-05 4.40542158927e-05 3.98893883957e-05 3.53346956799e-05 3.34121803382e-05 3.16463353068e-05 3.06959289906e-05 2.68642810553e-05 2.77034067797e-05 2.78379216545e-05 2.55125286943e-05   2.620480518e-05  2.5790810812e-05
 1.1069795448e-05 0.000200759916462 0.000469256686207 0.000509144883154  0.00035433333763 0.000251578799857 0.000254008269665 0.000564914347299  0.00107008299103  0.00132496144231  0.00115723086116 0.000744935784597 0.000598081974264 0.000473265039131 0.000173106803328 0.000115793905699 2.68389817307e-05 3.38153264184e-05 3.32032002994e-05 3.19487182169e-05 3.37948248566e-05 3.30055275959e-05 3.28031691582e-05 3.20012593115e-05  3.3277522597e-05 3.24576161373e-05 2.92998247733e-05 2.92136077594e-05  2.8964438477e-05
1.31561778306e-05 0.000192282287347 0.000455289429439 0.000449883810256 0.000333761232872 0.000360119567177 0.000492814008432  0.00073582719302  0.00112339782391  0.00138487434441  0.00121900074144 0.000694428281202 0.000719089465739 0.000610585410477 0.000196365239508 0.000127030406886 1.67402019204e-05 2.80855128807e-05  2.9955461082e-05 3.11202998248e-05 2.95339683105e-05 3.13049915373e-05 3.09952783107e-05 3.20102227508e-05 3.24696849489e-05 3.44769239189e-05 3.38077399359e-05 3.36805933116e-05 3.39479194878e-05
1.83912869869e-05 0.000155387549753 0.000399146782556 0.000425125355003 0.000343616632837 0.000306852641921 0.000394733852137 0.000670711271248  0.00112722052567  0.00141054004685  0.00121881851093 0.000673527490853 0.000692540390469 0.000595755473937 0.000219792126512 0.000147284024059 1.37028890696e-05 2.33617644865e-05 2.53017616902e-05 2.91492515007e-05 3.07609920914e-05 2.99890432414e-05 2.92406535116e-05 2.90976336981e-05 2.96825894574e-05 3.08409545979e-05 3.00658023082e-05 2.96889211402e-05 3.00627446435e-05
1.43410570816e-05  0.00025054406863  0.00050189051292 0.000524740807588 0.000378781718862 0.000287494856207 0.000384864211493  0.00070594566526  0.00115833342211  0.00143243300956  0.00125800030382 0.000739605347287 0.000548713029378 0.000522457281756 0.000285424903483  0.00021076044431 6.37755534087e-05 3.79068149929e-05 2.49768556401e-05 2.57416340615e-05 2.68416318019e-05  2.6582678203e-05  2.6345121927e-05 2.62675309167e-05 2.65156648541e-05  2.7840298501e-05 2.59369639135e-05 2.67166642023e-05 2.65263606001e-05
5.05181565444e-06 0.000182760486702 0.000469065720259 0.000558153842445 0.000427673096509 0.000317869306074 0.000373185380905 0.000694378860266  0.00113447483233  0.00140705592069  0.00126597916703 0.000757683916619 0.000553012433706 0.000556635559303 0.000255300289733 0.000167155692644 3.14224125993e-05 8.77425230089e-06  9.8401752133e-06 1.74372194568e-05 1.95381782969e-05 2.10892760279e-05 2.13601006164e-05 2.39645697955e-05 2.34000426423e-05 2.53972140808e-05 2.49275049415e-05 2.52231590636e-05 2.55014948053e-05
 9.8547136815e-06 0.000158824653086 0.000424121178799 0.000530004951758 0.000494568952145 0.000400348097912 0.000387889007769 0.000647129245356  0.00113956005519  0.00144764037243  0.00131077265211 0.000757194098333 0.000503403427996 0.000540528711928 0.000321632683434 0.000223890751108 5.60345567804e-05 1.84948117907e-05 1.00257200661e-05  1.0217655853e-05 1.29524739963e-05 1.54992845792e-05 1.50664290721e-05 1.88384625982e-05 1.77653841016e-05 2.10936081981e-05 2.30854914269e-05 2.39180301742e-05 2.43711987675e-05
1.48092857314e-05 0.000192526705837 0.000438462958863 0.000561302327075 0.000553730251603 0.000498263928222 0.000508521505644 0.000734659576034  0.00125714411171  0.00160769470573  0.00149282783695 0.000905949737715 0.000496018935736 0.000709226474581 0.000542789806426 0.000276038585887 7.77149739936e-05 3.88372161441e-05 3.04809110427e-05 2.49253847403e-05 2.34286098067e-05 2.22090290263e-05 2.16448215913e-05 2.07747839615e-05 2.23577858744e-05 2.02239501746e-05 2.01469485581e-05 2.02099796932e-05 2.04529931856e-05
