4.67052725442e-05   0.0029636096439 0.000990753443258  0.00380335839512   0.0038568978611  0.00389342173435  0.00391088973467  0.00392785037022  0.00393807708046  0.00394736684657   0.0039526167517  0.00395858567663  0.00396515771679  0.00396783516386   0.0039708058975  0.00397386713754  0.00397747509288  0.00397872626209  0.00398052314407   0.0039823368479  0.00398358149902  0.00398480614467  0.00398541395754  0.00398682400286  0.00398742240909  0.00398780485408  0.00398874376314  0.00398940067914  0.00398960340851
2.82769965849e-05  0.00264292947531  0.00316776921998   0.0038081131211  0.00385560607274  0.00389434404528  0.00391162167926  0.00392715278581  0.00393802305738  0.00394705160458  0.00395183074843  0.00395782130589   0.0039645677983  0.00396698029093  0.00396997486262  0.00397300014293  0.00397647524295  0.00397776808671  0.00397935608974   0.0039814021973  0.00398271052621  0.00398394838817  0.00398477296655  0.00398593137642   0.0039864304661  0.00398705894393  0.00398778563641  0.00398833588939  0.00398869790777
7.64038777798e-05 0.000554038991374   0.0034121199993  0.00388103220938  0.00393499943029  0.00390760681198  0.00391864260242   0.0039342776997  0.00394226493418  0.00395099024279  0.00395420134995  0.00396004595331  0.00396589600793  0.00396770277982  0.00397055192645  0.00397337522884  0.00397646401325  0.00397785784096  0.00397957616198  0.00398125823386  0.00398268125163  0.00398378147358  0.00398432881144  0.00398563079999  0.00398622222787  0.00398677291461  0.00398746329853   0.0039878218301  0.00398827450092
0.000250133484047  0.00153989750842   0.0034109495862  0.00412988043241  0.00418704792852  0.00392998547699  0.00393465329145  0.00394352162621  0.00394990649051  0.00395405721477  0.00395630548394  0.00396181236768  0.00396815823596  0.00396754334216  0.00397075041246  0.00397322218559   0.0039767491052  0.00397731756591  0.00397889309195  0.00398052527576  0.00398169243398  0.00398260733547  0.00398351249976  0.00398466435506  0.00398508898704  0.00398557198714  0.00398637323393  0.00398690145632  0.00398735507837
 0.00136782310244 0.000897181397561  0.00287873739052  0.00422967139057  0.00428386342191  0.00395404301951  0.00395925029306  0.00396501138522  0.00396698807423  0.00396588425506  0.00396980276469  0.00397080362409  0.00396897104757  0.00397187532123  0.00397143539284  0.00397247322135  0.00397444703697  0.00397453723415  0.00397593276161  0.00397693900132  0.00397833491623  0.00397927682449  0.00397993261569  0.00398122468495  0.00398177863358  0.00398236038171  0.00398341932768  0.00398363411537  0.00398416201749
0.00156190101439 0.00131822991689 0.00297987957137 0.00473107918154 0.00511007658274 0.00441234784572 0.00414031071374 0.00410956277179 0.00409849894374 0.00408026815602 0.00407812446498 0.00406248814091 0.00403954562029  0.0040360341761 0.00403118325913 0.00402055240106 0.00400817080849 0.00400792166136 0.00400536170511 0.00400366246235 0.00400115826769  0.0039998006644 0.00400003564206 0.00399880964886 0.00399857440788 0.00399765985377 0.00399810249995 0.00399807715307 0.00399726968846
0.000287223278348 0.000443738991499  0.00188458876616   0.0046444324792   0.0054924475773  0.00464601658686  0.00415192834752  0.00414010109582   0.0041298994093   0.0041213576007   0.0041255653462  0.00410904360726  0.00408329700474  0.00408360262219    0.004077341837  0.00406383880202  0.00403635458507  0.00403966687656  0.00403244303323  0.00401846530377  0.00400925606737  0.00400319549333  0.00400155351967  0.00399252032415  0.00399309882872  0.00399171779637   0.0039896704179  0.00399113844751  0.00399114797508
0.000104775188782 0.000375275180052  0.00179703150768   0.0044536556842  0.00597976894109  0.00605571222748  0.00506235094514  0.00436536716458  0.00428520171298  0.00427230109331  0.00427999481878  0.00427289077047  0.00423375085352  0.00424105126958   0.0042343125604  0.00421785959478  0.00418298495406  0.00418364047184  0.00417756611252  0.00415361338727  0.00414152987427  0.00413307286916  0.00413391993905  0.00411977654749  0.00411819790681  0.00411808802447  0.00410668755055   0.0041058903371  0.00410428162569
0.000140938711369 0.000540783256256  0.00167290870907  0.00398096432786   0.0057483191262  0.00615547739513  0.00553064046024  0.00493361651016   0.0046358131535  0.00468269282955  0.00469390967582  0.00473483624782  0.00479376896551  0.00480036610629  0.00481662697043  0.00484136167851  0.00487786300889  0.00488118727368  0.00489063725095  0.00491164645659  0.00492340620768  0.00493395482565  0.00493532101659  0.00495291133849  0.00495329351364  0.00495744877117   0.0049676302012  0.00496869653461  0.00496910599458
0.000133452368444 0.000634431632147   0.0016508624841  0.00363316959373  0.00506796835794  0.00524950047441  0.00492501527806  0.00490578232978  0.00493661309934  0.00498473447002  0.00500366393698  0.00505180460822  0.00512081997072  0.00513250553308   0.0051549741289  0.00518688077441  0.00523599301425  0.00524299349544  0.00525630506484  0.00528580546257  0.00530334073426  0.00531878384132  0.00532257759392  0.00534477681059  0.00534810080693    0.005353675582  0.00536405187504  0.00536824942624   0.0053703765181
0.000284659237836 0.000946394055342  0.00209403947755  0.00404085720519  0.00526848705902  0.00536962002841  0.00512876055339  0.00498740876793   0.0049333561048  0.00496398458578  0.00498850170593  0.00501611673363   0.0050482096681  0.00506559338395  0.00508364171954  0.00510151497286   0.0051178449969  0.00512872871653  0.00513928261805  0.00514808573672  0.00515584144316  0.00516297666493  0.00516980520611  0.00517506691727  0.00518076636638  0.00518575917696  0.00518977920139  0.00519439639175  0.00519854937424
0.000109510636428 0.000377630412028  0.00104929426428  0.00294287721731  0.00530684250778  0.00616191613409  0.00572644837381   0.0054121883491  0.00517455888246  0.00513108343576  0.00515495764449  0.00520407129613  0.00526655218722  0.00528738014078  0.00531479492507  0.00534862449429  0.00539432246817  0.00540783967438  0.00542695288721  0.00545790319405  0.00547774330477  0.00549517868289  0.00550354751115  0.00552489321333  0.00553194306219  0.00554099917239  0.00555306382735  0.00555967608475  0.00556588954952
5.38628901269e-05 0.000377911732103  0.00105757220117  0.00242774262173   0.0045134446612  0.00576750908858  0.00583838416508  0.00537374816579  0.00494912709221    0.004780711434  0.00481050321383  0.00486763028753  0.00494202983008  0.00496809133816  0.00500212202746  0.00504305980938  0.00509528646361  0.00511293503418  0.00513664166981  0.00517089786798  0.00519300469655  0.00521256281647  0.00522404410433   0.0052464679782  0.00525623465285  0.00526746767829  0.00528144366834  0.00529090817438  0.00529891821718
8.95753214755e-05 0.000403513540148 0.000799187221089  0.00181323264731  0.00387563559579  0.00533180523025  0.00568117712891  0.00518094439514  0.00471385892887  0.00444082335497  0.00441345872522  0.00445835406361  0.00450358715845  0.00453545859564  0.00456589255424  0.00459467688455  0.00462056713916  0.00464260314615  0.00466321847002  0.00468205127513  0.00469939643162  0.00471529986261  0.00472988992023  0.00474364111539  0.00475553091277   0.0047677858594  0.00477877631042  0.00478863943626  0.00479757670748
5.64858386366e-05 0.000333795446733  0.00119279256652  0.00172601894558  0.00340008378766  0.00473670086047  0.00515958319788  0.00494633394971  0.00476596245142  0.00458534690697  0.00450851261963  0.00454910644013  0.00459165541874  0.00462415025419  0.00465570565308  0.00468558386377  0.00471365197109  0.00473700441582  0.00475862722044  0.00477845956471  0.00479646460622  0.00481312798087  0.00482908957707   0.0048428831137  0.00485734392309  0.00486957943458  0.00488149320615   0.0048926501859  0.00490307737968
8.85458040157e-05 0.000181709023222 0.000897723114687  0.00109855031281  0.00358392623354  0.00536158258081  0.00574350120182  0.00536494727882  0.00509127331892  0.00485084744588  0.00474185174946  0.00477687553716  0.00481311786859  0.00484506366754  0.00487522236405  0.00490305311374  0.00492926182047  0.00495312199386  0.00497591654451    0.004997735884  0.00501791494484  0.00503646747009  0.00505276741141  0.00506945376449  0.00508385216825  0.00509712611103  0.00510936577085  0.00512102580696  0.00513231040098
0.000455762783275 0.000340360871876   0.0010519472591 0.000827026177487  0.00400097441202  0.00563726939198  0.00569008379027  0.00558779267042  0.00551159398752  0.00537051191685  0.00528105507142  0.00530546394472  0.00533866047054  0.00536560570796  0.00539290404969  0.00541914999456  0.00544311129197  0.00546598003031  0.00548690252518  0.00550591161468  0.00552336342759   0.0055396032005  0.00555594193933   0.0055691383365  0.00558325144291  0.00559651429693  0.00560860453026  0.00562040823646  0.00563159670937
2.57851108941e-05 0.000168495135814   0.0011430004511  0.00177924321635  0.00364058326021  0.00541208783542  0.00599734099129  0.00560253019853  0.00531304784145  0.00523947225159  0.00523417758872  0.00530264532253  0.00540001889949  0.00543003759179  0.00547280831009  0.00552881809927  0.00560274390328  0.00562619111588  0.00565791138186  0.00570525741603  0.00573675301889  0.00576492344036  0.00578163275955  0.00581389772581  0.00582877363529  0.00584481814829  0.00586405400882  0.00587792513608  0.00589055251926
9.10184404347e-05 9.71447507599e-05 0.000796140242213  0.00154526967614   0.0032065762364  0.00471029606271  0.00545772035979  0.00535809518789    0.005214030764  0.00506538808253  0.00494675833432  0.00490372405865  0.00492649500533  0.00496075727502  0.00499270385704  0.00502107449864  0.00504747164041   0.0050747174805  0.00510054271036  0.00512486285693  0.00514833708455  0.00517071796084  0.00519082673053  0.00521155951931  0.00522947188966  0.00524709342454  0.00526428873917  0.00527949034634  0.00529326215575
0.000237829948219 0.000138478611678 0.000834204380409  0.00157483858554  0.00262898802388  0.00413168832078  0.00488420680299  0.00482047504059  0.00476788904502  0.00476645039207  0.00477502359289  0.00482862959946  0.00489969210172  0.00493202548851  0.00497322580245  0.00502174353471  0.00507916217007  0.00510703853351  0.00513842366373  0.00517840763052  0.00520877534897  0.00523675883929  0.00525746290153  0.00528706723333  0.00530530513934  0.00532436615226  0.00534561906789  0.00536184028062  0.00537635412002
0.000398316862063 0.000331256308046   0.0010638073757  0.00168442429431  0.00223623596622  0.00333414656948  0.00391225547622  0.00396558761227   0.0038945986494  0.00395729221122  0.00406774925068  0.00418398123326   0.0042712490516  0.00430726110971  0.00435579498802  0.00441448065903   0.0044902575665  0.00452206688203  0.00456126312101  0.00461606451457  0.00465597669998  0.00469257566801  0.00471616269494  0.00475794155825  0.00477905723782  0.00480204812202  0.00482921482291  0.00484868983697  0.00486561683423
0.000152597071213 0.000175427535491  0.00105980982569  0.00158198951216  0.00183080819679  0.00261289730802  0.00323536028762  0.00338785071412   0.0033418088921  0.00336276674627  0.00339728176654  0.00341379440756  0.00343507655618  0.00347794478847  0.00351759651381  0.00355250410781  0.00358059780606  0.00362021704075  0.00365500574629  0.00368279374387  0.00371273691053  0.00374128443959  0.00377134707679  0.00379448493849  0.00382144575024  0.00384632465964  0.00386850827643  0.00389116984671  0.00391303694434
0.000410259804207 0.000324588983085 0.000587752504148  0.00116265475332 0.000598626427446  0.00321891866799  0.00488713243988  0.00541266557395  0.00490095763259  0.00441966861465  0.00394194515045  0.00371350065941  0.00371064455164   0.0037479683562  0.00377682120945  0.00379584097362  0.00379924917918  0.00383552605577   0.0038631898412  0.00387510520338  0.00389615395898  0.00392939358931  0.00393335169925  0.00395663436996  0.00398258154386  0.00400444023874  0.00402000465197  0.00404096125316  0.00406228826988
 0.00014889242961 0.000299237295518 0.000537237729788  0.00124859157372  0.00103991813094   0.0035937024215  0.00521494296435  0.00581230228042  0.00547382027723  0.00522309494965  0.00498264864564  0.00488052642998  0.00490298215735  0.00492565233396  0.00494874859832   0.0049744100011  0.00499357921458  0.00502073939257  0.00504531352799  0.00506585976946  0.00508866161436  0.00509563849914  0.00514728276834  0.00515149392381  0.00517153437456  0.00519003681428  0.00520682778128  0.00522440707953  0.00524107445714
7.49852430564e-05 0.000346167053658  0.00112836518987  0.00169875895851  0.00154441285515  0.00344799269401  0.00508895293556  0.00574786488454  0.00551132970301   0.0053664970837  0.00526891096762  0.00523470293292  0.00528963363336    0.005313728019   0.0053539821819  0.00540923397832  0.00549287590527  0.00551695468379  0.00555305397924  0.00561268414517  0.00565276047375  0.00568955419288  0.00570986683222  0.00575598367621  0.00577428365133  0.00579633242365  0.00582558360189  0.00584348532766   0.0058593907252
0.000441596443927 0.000282989220106 0.000800586525759   0.0014248066213  0.00181016834166  0.00308253030534  0.00446133041113  0.00524005412177  0.00521542406206  0.00506087263532  0.00498637831482  0.00495642666815  0.00496394049204  0.00498891145705  0.00501775141731  0.00504635244231   0.0050721070119  0.00509761643836  0.00512274232758  0.00514661053595  0.00517017391516  0.00519336425204  0.00521531432112   0.0052373899811  0.00525724214084  0.00527712345223  0.00529702098344  0.00531487751836  0.00533144154082
0.000147408107674 0.000324016385369  0.00139840099383   0.0019820428459  0.00249195508563  0.00338359304578  0.00423891582394  0.00468417869148  0.00466840751676  0.00465650786603  0.00467420293825  0.00474480721733  0.00481866710402   0.0048445186513  0.00487161268729  0.00490290262591  0.00493828823023  0.00496405841116  0.00499034442043  0.00502017138586  0.00504216383565  0.00506676687573   0.0050918894421  0.00511408525882  0.00513551009142  0.00515557929799  0.00517546811159   0.0051941899907  0.00521211595077
 3.9603044281e-05 0.000185989286741  0.00114759413768  0.00212814173769  0.00242161314571  0.00301721453256  0.00359293931061  0.00402654683794  0.00408361963524  0.00409246231625  0.00414069525545  0.00425019628096   0.0043220275856  0.00434886509277  0.00438230630165  0.00442123596795  0.00446864445107  0.00449670667816  0.00452915712048  0.00456761138315  0.00460338194016  0.00463386340436  0.00465582881721  0.00468931741134  0.00471200781996  0.00473538247356   0.0047600263334  0.00478071646806  0.00480000422422
 0.00033249700126 6.55002619798e-05 0.000710475474803  0.00131551366115  0.00153979470817  0.00105586337077  0.00310225627472  0.00453863249337  0.00498768864472  0.00445257515197  0.00407813520262  0.00381073084497  0.00373472539661  0.00376115177817   0.0037905101989  0.00382127680979  0.00384931429981  0.00388012771669  0.00390928250182  0.00393539458567   0.0039636973811  0.00399170844651  0.00401995716321  0.00404589346114  0.00407207820739  0.00409740305256   0.0041213639626  0.00414503873558  0.00416783012622
8.03643172371e-05 0.000145904957072  0.00040865182467 0.000979690801977  0.00111420035861 0.000359678527781  0.00304425582912  0.00471208718062  0.00530958194457  0.00481761769334  0.00444569466287  0.00408047456834   0.0039148003818  0.00392966724284  0.00395260144236  0.00397479757773  0.00398935230533   0.0040187616836  0.00404429980806   0.0040626619713  0.00408579544834  0.00411061479606  0.00413338979602  0.00415265545078  0.00417787060591  0.00420047906001  0.00421932999461  0.00424107053755  0.00426301919213
7.32297636854e-05 0.000269616585006 0.000467787502085  0.00107850878783  0.00119550267395  0.00102090117193  0.00308323130184  0.00479255011272  0.00545657406104  0.00518087145361  0.00491364923566  0.00472303419202  0.00464188876318  0.00465144031036  0.00467394131343  0.00469451314594  0.00471505158345  0.00473869509745  0.00476327329341  0.00478846049367  0.00481265525029  0.00483472434556  0.00486144634303  0.00488352791912  0.00490503738986  0.00492648733887  0.00494864197557  0.00496825259636  0.00498700659973
2.77468365775e-05 0.000293853487784 0.000855283999856  0.00139804910938  0.00152966164179   0.0014254590782  0.00298212728219   0.0045017065675  0.00523827383003  0.00519310993882  0.00498634689841  0.00484236640933  0.00478095537917   0.0047729012609  0.00479692321755  0.00483565029171  0.00489077346824  0.00491308006314  0.00494180687611  0.00498324066337  0.00501445011485  0.00504371858321  0.00506494673486  0.00509893777383  0.00511887423183  0.00514058778807  0.00516562683367  0.00518487354175  0.00520214823158
8.03399234167e-05 0.000176504689014 0.000862645351424  0.00165696132821  0.00190264732792  0.00198704401848  0.00301155189847  0.00428391259264  0.00484549710024  0.00479759215127  0.00474472761699   0.0047420484869  0.00477606558322  0.00481157644238  0.00482896114412  0.00485009452458  0.00487631745624  0.00489537467569  0.00491568625504  0.00493655365192  0.00495757658495  0.00497749861219  0.00499808843692  0.00501717702859  0.00503731916794  0.00505693132234  0.00507560832753  0.00509477092722  0.00511325788952
3.90580335168e-05 7.66850794064e-05  0.00124285312387  0.00198087200568  0.00233331090894  0.00270590860134  0.00323409330796  0.00396580953886  0.00431862236032  0.00432937177157  0.00429361416909  0.00435054313772  0.00444263064723  0.00446265268223  0.00448237503839  0.00450863919555  0.00453755465932   0.0045597863251  0.00458417586274  0.00461465442618  0.00464082168173  0.00466574135717  0.00468773800113  0.00471501504955  0.00473597987227  0.00475735099757  0.00477979314405  0.00479981758174  0.00481964767046
6.94756337527e-05 0.000106986503506 0.000922877465033  0.00155365964875  0.00185192575153  0.00185656440448  0.00186333230328  0.00286425864362  0.00392355137245    0.004207398935   0.0039537490172  0.00382192217793  0.00374707554919  0.00372695386801  0.00374784248165  0.00377436382008  0.00381186792857  0.00383597690127  0.00386553438994  0.00390380171666  0.00393566346903  0.00396805792883   0.0039932564172  0.00403025507975  0.00405474449479  0.00408086561893  0.00411048703024  0.00413416293337  0.00415549872492
1.13259880295e-05  0.00014772947291 0.000520453118953  0.00117251431963  0.00119107130445  0.00100874723951 0.000661650515185  0.00339046457103  0.00483875478275   0.0052419968538  0.00477065068855  0.00441520624871  0.00412333907112  0.00401744196652  0.00402161743446  0.00402440615763  0.00400662040291  0.00402860737316  0.00404308270594  0.00403763932653  0.00404601959505  0.00405663317732  0.00408031080438  0.00407916708623   0.0041025473322  0.00412138543909  0.00413282818643  0.00415283437439  0.00417436026768
5.80778562425e-05 0.000217445904794 0.000465285563982  0.00118582026249  0.00137799517256  0.00123375759214  0.00105650169066  0.00322751177092  0.00474436810624  0.00529875580212  0.00500699998118  0.00477704792119   0.0045622954005  0.00446231509193  0.00447374089339  0.00449158550027  0.00452232528625   0.0045396133712  0.00456068780188  0.00458898025364  0.00461305267486  0.00463664078458  0.00465711258717  0.00468314606626  0.00470300309176  0.00472309601288  0.00474361490275  0.00476308558063  0.00478257061954
0.000107796152443 0.000282470534782 0.000487336848166  0.00112334739186  0.00129433719355  0.00109796043163  0.00127305928889  0.00290964383279  0.00437935848606  0.00525175394563  0.00511823940676  0.00478859368348  0.00461090522425   0.0045418664705  0.00455401614907  0.00457570453572  0.00461233565202  0.00462866359027  0.00465047471471  0.00468294261014    0.004709068096  0.00473428875789  0.00475334393595  0.00478184344145  0.00480090444445  0.00482197782136  0.00484480591591  0.00486349948334  0.00488082620716
9.84290326525e-05 0.000124099619558  0.00103137421096  0.00154443076881  0.00172594037959   0.0016240559532  0.00166249284535  0.00285754197944   0.0043252152277  0.00503108414554  0.00498650154328  0.00488149676012  0.00476952384674  0.00471935355684  0.00470421048409  0.00471213020034  0.00471347773502  0.00472773910719  0.00474155699195  0.00474947099703  0.00476054400772  0.00477066559599  0.00478947850632    0.004799997632  0.00481944636407  0.00483595322369  0.00484989421576  0.00486796842573  0.00488690735027
0.000135613456366 0.000233013658996  0.00144767074538  0.00226499235941  0.00257053185697  0.00266573130774  0.00283253870899  0.00353548355596  0.00421669443917  0.00449364178652  0.00444363899284  0.00444593098049  0.00452968018331  0.00457578854437  0.00460454676808  0.00462765957739  0.00466795581885  0.00468190730974    0.004705387108  0.00474529036451  0.00477751182999  0.00481076665475  0.00482834101354  0.00486735425164  0.00488414102172  0.00490421691527  0.00493361814894  0.00495469226523  0.00496743664035
6.32356019012e-05 0.000124791143164  0.00101835525386  0.00196760538181  0.00224870667615  0.00227877560079  0.00228283972288  0.00229593086764  0.00318908889607  0.00411853735351  0.00428421096951  0.00414810165845   0.0041249418235  0.00410972729505  0.00412096225749  0.00414162164715  0.00416934329195  0.00418463261266  0.00420301333538  0.00422664873927  0.00424766326151  0.00426932807938  0.00428865658577  0.00431347309357  0.00433319015559   0.0043548805012  0.00437560995058  0.00439319519704  0.00441545031123
5.48440496266e-05 8.95597935171e-05  0.00060637972276  0.00124480006937  0.00138776260707  0.00112582004378  0.00119990667635 0.000396869205323  0.00336300494061  0.00494933912406   0.0053939822854  0.00481224123463  0.00430784987838  0.00399273056786  0.00388904725223  0.00389177180961  0.00389320808733  0.00390721617717   0.0039201541879  0.00392783404635   0.0039411574806  0.00395599738402  0.00397499966527  0.00398636593566  0.00400718700305  0.00402574114538  0.00404203753043  0.00406159470505  0.00408185871992
2.29152452087e-05 0.000273699913382 0.000406673830487 0.000988675929745  0.00112375596359 0.000942724149563 0.000936253222739 0.000592050748224  0.00307711474671  0.00463787558217  0.00512155286869  0.00480848386422  0.00453213774913   0.0042872594992  0.00416393260284  0.00415045330375  0.00411845199691  0.00413022501602  0.00413433194092  0.00412020606163  0.00412062752648  0.00412361261033  0.00414300733369  0.00413801301467  0.00415658691116  0.00417221342135  0.00418052456555  0.00419764724842  0.00421567996037
0.000110707425935 0.000243364038379 0.000673320383723  0.00120572864741  0.00133999055976  0.00107608967856  0.00106209632135 0.000737383180516  0.00275163419674  0.00453390854141  0.00558283197216  0.00529826501043  0.00485075186717  0.00455596480343  0.00445429181006  0.00446883438475  0.00452082260903  0.00453077166001  0.00455322262536  0.00460154475899  0.00463462127013  0.00466614472063  0.00468171165721  0.00472571974803  0.00474128635889  0.00476283105202  0.00479193209906  0.00481059056208  0.00482832864467
5.47558718177e-05  0.00016589885167 0.000756700868474  0.00146906583461   0.0016407496438  0.00152794798057  0.00149020415083  0.00144798231124   0.0029388358202  0.00409758926045    0.004613134846   0.0045549695467  0.00444666569096  0.00437693616631  0.00434610215676  0.00434978058704  0.00436177033357  0.00437036541327  0.00438270277219  0.00439689607424  0.00441221451619  0.00442815690388  0.00444398021808  0.00446260038795  0.00447992977681  0.00449637506284  0.00451418259761  0.00453089703653   0.0045468674869
6.51349393322e-05  0.00013476150093   0.0011893174701  0.00199088798544   0.0022861178761  0.00227154860426  0.00222907005822  0.00245175208336  0.00330216971168  0.00407781308716  0.00440300431983  0.00432736992022  0.00429627726217  0.00433119653133  0.00436270812981  0.00436697122797  0.00438118859334   0.0043887338892  0.00440259732648  0.00442573259803  0.00444250141626  0.00446047184452  0.00447540909967  0.00449667184817  0.00451249192709    0.004529575183  0.00454856983459  0.00456514154868  0.00458131105727
0.000183102100465 0.000276192299445  0.00142981045327  0.00215392548607  0.00242884240806  0.00252998755395  0.00251923305219  0.00265149009688  0.00277081520883  0.00362947678162  0.00407247893152  0.00417302503833  0.00415895797475   0.0041618352125   0.0041839794119   0.0041910566234  0.00419556215652  0.00420259711575  0.00421021542721  0.00421819713042  0.00423104292504   0.0042445131088  0.00425959852175  0.00427279404217   0.0042881360748   0.0043046413002  0.00432029764537  0.00433665681918  0.00435346389034
8.61445283706e-05  0.00020346739984 0.000599588256908  0.00114798920714   0.0013439967541  0.00120998640623  0.00120890665433  0.00111900159819 0.000729022307586  0.00333348110911  0.00493635767361  0.00527143932824  0.00466665524048  0.00423935059306  0.00401145734391  0.00395469577906  0.00395743563079  0.00396264965227  0.00397053299295  0.00397766378234  0.00398813901793  0.00400026470026   0.0040150535765  0.00402738666976   0.0040446921265  0.00406005157612  0.00407400108752   0.0040914098887  0.00410899102464
6.76253096242e-05 0.000213738794673 0.000255508149622  0.00083983181476 0.000950326093527 0.000712329371786 0.000830302457369  0.00095975856929 0.000130841980447  0.00323903375899  0.00490689478586  0.00542703956545  0.00489229409675  0.00445716897215  0.00412932407448  0.00399734703463  0.00397868497041  0.00398289692932  0.00398749585744  0.00398900973463  0.00399835314333  0.00400940753665  0.00402392771839  0.00403607708617   0.0040519758603  0.00406807781225  0.00408393540836  0.00410062608137   0.0041169258525
4.65212177002e-05 0.000173998420175 0.000562983767551  0.00116449677392  0.00136413113747  0.00120382651809  0.00118592648102 0.000937476122663 0.000939503676093  0.00298016387207  0.00431818393854  0.00502663266897  0.00475132882838  0.00443007860535  0.00424669829254  0.00417798047877  0.00419069415399   0.0041918061497  0.00420213740301  0.00421728758156  0.00422620624027  0.00423644895753    0.004249399715  0.00426134234577  0.00427582941001  0.00429034385036  0.00430422786614  0.00431935713424  0.00433615158545
5.97644945696e-05  0.00034212061191 0.000836875796254  0.00136951064967  0.00159829440349  0.00140865612104  0.00132594697967  0.00111941786594  0.00141234011688  0.00300749985058  0.00441731594373  0.00511460466489   0.0050270722939  0.00482984465014  0.00467586117914  0.00461128510254  0.00460633787611  0.00460716161713  0.00461068259557  0.00462064874343    0.004634336984  0.00464798138459  0.00465900852296   0.0046779648218  0.00469042365147  0.00470459524107  0.00472223263427  0.00473600108329  0.00474879341964
6.61416232782e-05 0.000143233129952  0.00101879875092  0.00180629243951  0.00209922934597  0.00214824992548  0.00210802214803  0.00207842112975  0.00225337876338  0.00330189747906  0.00444881537305  0.00503437072882  0.00505265166602  0.00497191370219  0.00492417362567   0.0049234205685  0.00492783602439  0.00493321518386  0.00494000742621  0.00495456938713  0.00496658069834  0.00497951991404  0.00498920498575  0.00500870862101  0.00501905040292  0.00503211766829  0.00504723790224  0.00506037064668  0.00507310308131
8.47013207789e-05  0.00011618405376  0.00152150626163  0.00256399329649  0.00289229516975  0.00288642325193  0.00281734731228  0.00294221145205  0.00305438276784   0.0033134172152  0.00409248717543  0.00450890423634  0.00459670195121  0.00453924035934  0.00455086222876   0.0045817103546  0.00458169646289  0.00457874764224  0.00457999292325  0.00458847144235  0.00459971200859  0.00461067309246  0.00462105265231  0.00463432195939   0.0046464140896  0.00465897096811  0.00467321872287  0.00468639832805  0.00469941683068
0.000108492239175  0.00015552534036  0.00090340072696  0.00148016272924  0.00173959147328  0.00171573151915   0.0016625829665  0.00152217703031  0.00142434824974  0.00126444275506   0.0031845989465  0.00483133874329  0.00512280304392  0.00454472581288  0.00420908679877  0.00404951722879  0.00404283917282  0.00403711831003   0.0040437927683  0.00405966594137  0.00406713046075  0.00407878044432  0.00408858638032  0.00410225029928  0.00411467535121   0.0041277557381  0.00414151094907  0.00415532719398  0.00416936924287
4.34807522569e-05 0.000132656061704  0.00049254026824  0.00103624775991   0.0012249042763  0.00108358492848  0.00107833518835 0.000983798446627  0.00106366725242 0.000127629358267  0.00313709091089  0.00491961471186  0.00534258729204  0.00481704956537  0.00440486235449  0.00409653745928  0.00396773390447  0.00396164328383  0.00396070574464  0.00395679236031  0.00395846166067  0.00396203066632  0.00397193021615  0.00397577604923   0.0039879623513  0.00400039791435  0.00401150008641  0.00402518810414  0.00403960778901
0.000144531566754  0.00026145546453 0.000295114544363 0.000893759314778  0.00105065665513 0.000816615983398 0.000806747479574 0.000726075525773 0.000915213800994 0.000382434592686  0.00283126313078  0.00457316060229  0.00535551301944  0.00506857556832   0.0045736189321  0.00423550746283  0.00413157388215  0.00412648564591  0.00412819549383  0.00414593954686  0.00415812389162  0.00417220978844  0.00417849387228  0.00419863677196  0.00420941176064  0.00422159910914  0.00423646639981  0.00424942930474  0.00426239930435
4.05875535909e-05 5.71471393654e-05 0.000666307467008  0.00127848496549  0.00147322933752  0.00134871687578  0.00130630594492  0.00108283669736 0.000966889131144  0.00135155906265  0.00291661670994  0.00430519091139  0.00482563066679  0.00473029666749  0.00451989750928  0.00432936969262  0.00421780224985  0.00419757162092  0.00418658159224  0.00416726922906  0.00415938612488  0.00415821176308  0.00416941146671  0.00416451519395  0.00417495599032  0.00418438911718  0.00419051885399  0.00420187181866    0.004214689289
 1.8884252116e-05 0.000120174585032 0.000879246053234  0.00155624212997  0.00184395440299  0.00185233909592  0.00181561518369  0.00172641777655  0.00165249628682  0.00185757452154  0.00303745267726   0.0042414096541  0.00480276388588  0.00474711361631   0.0046665356079  0.00464145040766   0.0046505823549  0.00463880081768   0.0046361020792  0.00464577842676  0.00465541850292  0.00466280288818  0.00466856705406  0.00468290334581   0.0046918810136   0.0047025713367  0.00471728360833  0.00472870342121   0.0047396639556
7.14955781341e-05 0.000126595488528  0.00139755926407   0.0021933111946   0.0025681438883  0.00269349583212  0.00265948333118  0.00272232910464  0.00275252697048   0.0029168318944  0.00320095785745  0.00412666031702  0.00456405663967   0.0045806136791  0.00451581612181  0.00452717361624  0.00453032286765   0.0045302817985   0.0045327681858  0.00453885264061  0.00454671471183  0.00455614226837  0.00456237662354  0.00457887153111  0.00458682864609  0.00459729709444  0.00461058449782  0.00462243344849  0.00463410675001
7.65072766412e-05 0.000162823972215  0.00111592882053  0.00185931141978  0.00223552617322  0.00228771825971  0.00222645972128  0.00214964183028  0.00208471378399  0.00207534957242  0.00239365827963  0.00315098469368  0.00416624460433  0.00436323892458  0.00416107551638  0.00406820155648  0.00402383620266  0.00400539879798  0.00399260246293  0.00397169730551  0.00396048850263   0.0039526022804  0.00395847259161  0.00394543110544  0.00395469143697  0.00396136655592  0.00396199438583  0.00397122550521  0.00398232598567
6.12864048239e-05 0.000128743959935 0.000468410460282  0.00102928220782  0.00124849071667  0.00107958093876 0.000947998847362 0.000746379593824 0.000858301063579  0.00113560244036 0.000110082203181  0.00334233823579  0.00548854040412  0.00598628438255  0.00520880863018  0.00460959151272  0.00431690246561  0.00422786326441  0.00422958280227  0.00426308289554  0.00427987405287  0.00429700819761  0.00430201046041   0.0043325119545  0.00433996037252  0.00435199846972  0.00437167129881  0.00438378762403  0.00439492166493
0.000199500994863 0.000185870623391  0.00043586875186 0.000995579861102   0.0011924321312  0.00110603141548  0.00117536503967  0.00109417425238  0.00108652517169  0.00102356211422  0.00028590229398  0.00297886183432  0.00487565958289  0.00557611394411  0.00513195305537  0.00458742303191  0.00426141996462  0.00414209810642  0.00413193870091  0.00412800760874  0.00412856401981  0.00413190019265  0.00413652012438  0.00414543793002  0.00414909763551  0.00416060074286   0.0041728704689  0.00418304482564  0.00419358440302
 0.00020778279431 0.000130306062881 0.000511139725968  0.00105636119135  0.00127124085697  0.00116725353707  0.00111743371897 0.000928367070152 0.000809577119029 0.000662799241581  0.00118791201567  0.00289327327104   0.0043445805477  0.00494887409208  0.00483352416021  0.00461007087769  0.00439426532978  0.00429311300208  0.00427270581368  0.00424636650289  0.00423123625685  0.00422039815489  0.00422389841823  0.00420662307506  0.00421696830206  0.00421858996884  0.00421578882987  0.00422286987113  0.00423269622577
  4.863878132e-05 4.87011882647e-05 0.000918937062207  0.00154367198403  0.00179187032355  0.00178653514215  0.00175307697099   0.0016371474159  0.00155761917573  0.00147595878937  0.00163545926846  0.00304713894747  0.00430427128487   0.0048822862014  0.00482358841432  0.00469908674513  0.00465235719802  0.00462752876536  0.00462003102728  0.00462707672103  0.00463461492526  0.00464392033785  0.00464620828668  0.00466593631643    0.004671534654  0.00468048879268  0.00469396322593  0.00470475329014  0.00471314867698
0.000166576032204 0.000177428457578  0.00131847631034  0.00208696131081  0.00243938261191  0.00253754978956  0.00247318528482  0.00248231861944  0.00247081527461   0.0025374074854  0.00268331418612  0.00313951904584  0.00425422210854  0.00475101402587  0.00477706352031  0.00469989163793  0.00468435869941  0.00467270739118  0.00466201381625  0.00466249775482  0.00466348225751  0.00466803714374  0.00466983594401  0.00468233311303  0.00468745868266  0.00469594242834  0.00470948973608  0.00471548800089  0.00472468983382
3.24871184431e-05 0.000212348569482  0.00153541669498  0.00244996715826  0.00293718712839  0.00302348609759   0.0029421695148  0.00291541314327  0.00287797750139  0.00288176401364  0.00287194623568  0.00304224608602  0.00364963343721   0.0041718766838  0.00430181676267    0.004233175621  0.00425936948924  0.00428351644642  0.00426871474805  0.00426447669251  0.00425949374345  0.00425706586009  0.00425870412052  0.00426035627932  0.00426501522438   0.0042705476456  0.00427605211959  0.00428531397089   0.0042936634347
0.000235025839503 6.22904941432e-05 0.000456221368207 0.000996073258817   0.0012238960085  0.00109194095233  0.00103457252849 0.000921604933212 0.000970957953182  0.00109473203359  0.00119324471887  0.00025731357168  0.00311571799629  0.00498232575624  0.00538780867415  0.00468976694901  0.00410330874256  0.00387593093739  0.00385510011548  0.00384305616755  0.00383542500598  0.00385168138169  0.00381261996228  0.00383326289691  0.00383804800334  0.00384382673979  0.00384981282741  0.00385864293387  0.00386748252786
 0.00013304276189 0.000134260673164 0.000488069930924  0.00101954065702  0.00122293154922  0.00108344823872  0.00105206498826 0.000889079901201 0.000826107032307 0.000735941070027 0.000766193490223 0.000302151414055  0.00342940949625  0.00486784722353  0.00538841844045  0.00493064981846  0.00452428457495   0.0042980400339  0.00422432962408   0.0042102196139  0.00420137057464   0.0041764130515  0.00421556389578  0.00419378425745  0.00419761320662  0.00420186768165  0.00420620365648  0.00421235803281  0.00422055311096
0.000176884353174 7.03493226166e-05 0.000564916831968  0.00112207084235  0.00132082265563  0.00116391518799  0.00109430029892 0.000854478058501 0.000688227759642 0.000510325084108 0.000493519004893 0.000731909336149  0.00280460334328  0.00452153751928  0.00547539089223  0.00527412024773  0.00475791244555  0.00442251852877  0.00429413062271  0.00429000196987  0.00428649595521  0.00428591786619  0.00428632582433  0.00429655365324  0.00429969614171  0.00430598558807  0.00431494217356  0.00432260911977  0.00433022600516
4.78185882309e-05 8.64076211659e-05 0.000668019690909  0.00124504756742  0.00147708399182  0.00140027221998  0.00134928788577   0.0011785627342  0.00108913275176 0.000999857502053 0.000987710647885 0.000922891460125  0.00267451904429  0.00427931042257  0.00503575888034   0.0049541217003  0.00470635585544  0.00452324345161  0.00442750841136  0.00439874443477  0.00438380891531  0.00437539408624  0.00437281303883  0.00436448297708   0.0043675209904  0.00436997246853  0.00437288103512  0.00437841410672  0.00438622528704
0.000119937120759 0.000122617887376  0.00117031350326  0.00189423177578  0.00223072361972  0.00229674368134  0.00223446350967  0.00217305038867  0.00209975181921  0.00205899544851  0.00204555916612  0.00232044552013  0.00315356115907  0.00420006840717  0.00461136415464  0.00460151458261  0.00452591461239  0.00450313286268  0.00449411679346  0.00447713254919  0.00446785212674  0.00446255081462    0.004459987381  0.00446115191296  0.00445946780179  0.00446575559746  0.00446526597247  0.00447205784126  0.00447768392435
3.80873076583e-05 0.000249453505567  0.00157717839552  0.00248809899103  0.00297713829225  0.00307943181621  0.00299264562436  0.00299736412089  0.00297750868802  0.00303619434676   0.0030262392774  0.00310401719914  0.00337211833309  0.00396400305392  0.00438824198135  0.00448633572248  0.00444403324798  0.00445278045674  0.00448236214652  0.00447217237322  0.00446073901749  0.00445368908473  0.00445025931032  0.00444952455369  0.00445372905243   0.0044534921518   0.0044620496268  0.00446835136121  0.00447223291726
0.000229128035123 5.91582194498e-05 0.000669695597059  0.00120033003183   0.0014730803012  0.00145648520618  0.00140824604313   0.0012505701465  0.00114683041537  0.00103075359893  0.00101233890452 0.000977625447009 0.000496634613082  0.00345190336609  0.00535575018454  0.00580622182025  0.00500097120302  0.00441624750254  0.00419409341243  0.00418672215179  0.00417994373093  0.00417844938724  0.00417390321928  0.00418442689533  0.00418497399489  0.00418894517406  0.00419810509179  0.00420046857377   0.0042075008339
6.65015505495e-05 3.69588038213e-05  0.00053556021539  0.00107600877841  0.00129495032946  0.00118996888499  0.00115902090416  0.00103826682807  0.00101647437023  0.00100367064982   0.0010425213153  0.00102466079893 0.000287259965575   0.0031581351162  0.00491142336682  0.00557386555458  0.00511345119412   0.0045513597637  0.00419538482211  0.00408143081639  0.00406159892607  0.00404776890382  0.00404198087314  0.00403165226943  0.00403179267875  0.00403205171049  0.00402973021368  0.00403372256096  0.00404010842535
6.43227992457e-05 7.63628516936e-05 0.000495519741133  0.00101996792206  0.00123347392059  0.00111236930782  0.00107451239496 0.000857998112647 0.000744084194931 0.000609486838061 0.000613013428233 0.000614201941718 0.000656344716342  0.00272712183623  0.00448243836847  0.00545596704324  0.00517377737133  0.00452565480635  0.00407773166384  0.00390025716516  0.00387639724586  0.00386033802447  0.00385322588434  0.00384479839761  0.00384407668289  0.00384523659456  0.00384761708535  0.00385222408069  0.00385782440498
0.000100506070946 7.21646555159e-05 0.000532770070833  0.00106110193892  0.00131222065997  0.00127838969222  0.00123307331309  0.00105125602768 0.000917511665873 0.000774048733083 0.000708060516566 0.000629162224806 0.000909318988343  0.00268579728477  0.00427619628449   0.0049697562602  0.00489119949712  0.00465531779341  0.00450685654569  0.00444512980031  0.00443353744867  0.00442917037156  0.00442198017362  0.00443003361516  0.00442887225122  0.00443163426542  0.00443951809203   0.0044437354204   0.0044476652652
0.000107340223001 0.000196308115938  0.00128733041008   0.0020029999738   0.0023373391996   0.0024120515276   0.0023475145575  0.00226329788737  0.00217502528537  0.00211627666328    0.002075329132  0.00207967955716  0.00242698806203  0.00333409933516  0.00435621449077   0.0047386970507  0.00471368755677   0.0046173553566  0.00459242585881  0.00458213920786  0.00455819795148   0.0045406645251  0.00453302311293   0.0045206198777  0.00451872677834  0.00451756017027  0.00451554548318  0.00451851931142  0.00452278680535
8.20849100515e-05 0.000360903285782   0.0017858784539  0.00270330436785  0.00315268950832  0.00330745709106  0.00323267342531  0.00327551465397  0.00325484618838  0.00330033087974  0.00327340217648  0.00335475763931  0.00360657305237  0.00384180412305  0.00433761539486  0.00458251960207  0.00459751697446  0.00453323267444  0.00455927232352  0.00460751981825  0.00458795357739  0.00457451059353  0.00456546945618   0.0045629140448  0.00456040951983  0.00456042487292   0.0045632272062  0.00456527866058  0.00456831180942
7.66736439924e-05 0.000179405900551 0.000765599056098  0.00128537110219  0.00156242232027  0.00155566958304  0.00151526801918  0.00137951125999  0.00127976064325  0.00116204171677  0.00107720135803 0.000972064334399 0.000909603863903 0.000891695003621  0.00343521716255  0.00543606459229  0.00582324231858  0.00513464940719   0.0046781551608  0.00451793478942   0.0044998160645  0.00449014936182  0.00447907618624  0.00447954302023  0.00447615548087  0.00447432235716  0.00447468678798  0.00447686655419  0.00448041990293
1.81157883331e-05 1.75137092337e-05 0.000514898491326  0.00105040626907  0.00128994446918   0.0011883020316  0.00112582681526 0.000953446772396 0.000930464429685 0.000954931362866  0.00105481170374  0.00109561688049  0.00103045190075 8.29117976932e-05  0.00328565948689  0.00533865039643  0.00607407382069  0.00543427881018  0.00462068550139  0.00425980581138  0.00419276231486  0.00419834079711  0.00413968875299  0.00415888785331   0.0041545851374  0.00415419778231  0.00415581907476  0.00415837708429   0.0041608755979
7.30052785622e-05 0.000109166907959 0.000610825158902  0.00112359131381  0.00135929446112  0.00129916137095  0.00118583029633  0.00109983962343    0.001036931539 0.000950043456509 0.000929564640968 0.000904728303222  0.00102788957449 0.000284833404348  0.00281166870611  0.00451630358637  0.00531323183347  0.00507419582143  0.00450550739362  0.00413927645732  0.00401342414085  0.00396660017737  0.00399893102353  0.00396349454314  0.00395775459633  0.00395417981437  0.00395132739617   0.0039519289917  0.00395537732965
8.29732275538e-05 0.000110838007097  0.00069799411718  0.00122495700334  0.00145242323901  0.00138497185334  0.00143238354841  0.00121775040624  0.00110857601164 0.000974003221269 0.000902938831892 0.000782178032063  0.00060824850335   0.0011130938882  0.00275339415552  0.00436093344021   0.0050212673165  0.00490522452194  0.00466647959237  0.00448831186849  0.00439752897686  0.00437029337837  0.00435648136281  0.00433813721408   0.0043319426401  0.00432718897844   0.0043216644838  0.00432169826437  0.00432256450103
3.64934025458e-05 0.000126537994744  0.00106205883334  0.00171240005235  0.00200922369219  0.00207669000569  0.00203848833848  0.00197797930943  0.00190844217389   0.0018551522535  0.00179001001338  0.00175702167833  0.00178810930728  0.00214253604308  0.00322644487015  0.00428332616656  0.00477900941708  0.00480017327083  0.00467590216093  0.00461885011959  0.00458703423936  0.00456469262869  0.00454990196161  0.00454048212355   0.0045351109403  0.00453185816762  0.00453078549184  0.00453021092478  0.00453193060406
7.70018922458e-05 0.000396102550792  0.00171749783071  0.00258609560953  0.00307267415656   0.0032634104513   0.0031955683898  0.00326804015043  0.00325920263541   0.0033239177345  0.00331489361709  0.00342848080373  0.00363901940939  0.00369157703308  0.00395950653914  0.00454074304644  0.00474004742895  0.00470599341138   0.0046374878221   0.0046573857208   0.0046965896936  0.00469045182999  0.00465270949791  0.00466559637269  0.00465107267483  0.00465415285479  0.00466044811235  0.00466283072851  0.00466323726704
0.000135972363567 0.000241860180061 0.000992000585852  0.00159395890791  0.00194444508717  0.00199368702419  0.00194630534169  0.00182463901571  0.00174661548837  0.00166581726657  0.00159282981846  0.00146986743128  0.00133336457249  0.00130211285158  0.00121643303482  0.00320752540605  0.00518617863032  0.00558631975729  0.00497149972426  0.00464595644877  0.00451073747782  0.00447586924455  0.00447922042192  0.00445885248488  0.00445721338011  0.00444658246898  0.00444063784107   0.0044384408156  0.00444004051953
6.29301721751e-05  9.0450777791e-05 0.000463788785255 0.000985057301862  0.00125401778135  0.00116966754876  0.00108909790442 0.000900084473212 0.000866940787748 0.000912342701474  0.00104540728004  0.00111680413061  0.00112851527184  0.00114423490756 0.000160996393443  0.00332278877483  0.00531969788187  0.00599164185043   0.0053296900735  0.00449835633004   0.0041912249695  0.00416919456322  0.00414777522069  0.00415789284492  0.00415008657081  0.00414936594304   0.0041582496047  0.00415909389858  0.00415956146792
8.41250486917e-05 6.55880575805e-05 0.000537603947033  0.00103801067127  0.00127506606321  0.00119289621601  0.00118291435765  0.00106173148433  0.00103985555145 0.000999098506337  0.00100657158723 0.000957492776677 0.000869860216622 0.000788493515949 0.000432538401924  0.00286247393688  0.00457178749935  0.00539900393361  0.00512712221041  0.00443014780047   0.0040466206938  0.00393087577293  0.00390415887804  0.00386658613064  0.00385500437061  0.00384400299076  0.00383071024009  0.00382768278221   0.0038273908101
2.55804920396e-05 8.34177152732e-05  0.00060101656516  0.00113209739255  0.00137417386605  0.00132701334071  0.00128405112411  0.00112932388955  0.00102586452066  0.00090276650875 0.000837696344102  0.00074366833528 0.000631317258422 0.000601162577605 0.000851930753495  0.00273108363637  0.00445443042478  0.00521435583248  0.00508232194256  0.00477081667422  0.00457279307019  0.00449066040288  0.00446840089688  0.00445437936083  0.00444355767668  0.00443716305111  0.00443451291207  0.00443204156745  0.00443196365447
4.54401291506e-05  0.00017118671608  0.00100958683788  0.00160027069662  0.00191543666311   0.0020033436653  0.00197133917609  0.00190427113067  0.00182353419822  0.00174748745953  0.00167023496268  0.00161527010642  0.00158480788175  0.00154260857694  0.00188717245419  0.00304482732955  0.00425513395698   0.0048182631094   0.0048472225689  0.00468451927316  0.00460125106794  0.00456471485249  0.00453957348951   0.0045259424098  0.00451425315179  0.00450737472441  0.00450561684098  0.00450270201946  0.00450103438948
6.66967656453e-05 0.000340743378629  0.00167956243836  0.00259836476746  0.00310599239333  0.00327909485799   0.0031947882186  0.00323262998221  0.00319775338697  0.00323904273933  0.00321676415944  0.00331509454447  0.00352412441767  0.00354729345609  0.00368074515698  0.00411653029328  0.00466572064891  0.00485246513683  0.00478382042346  0.00469711093698  0.00470970541174  0.00473107849303  0.00470277513479  0.00467808117861   0.0046656763592  0.00465569629677   0.0046465160817  0.00464249846834  0.00464213380986
9.69227605368e-05 0.000237045293371  0.00120926945999  0.00192800638465  0.00236881794702  0.00246736200923  0.00239468052695  0.00228632242859   0.0022101741696  0.00216174002329  0.00213623958073  0.00208384583691  0.00196789426387  0.00183377896109  0.00173510614102  0.00167208430888  0.00341293498405   0.0050693813971  0.00542316391096  0.00505403825743  0.00485860569631  0.00476524021079  0.00474037198429  0.00473747438402   0.0047227312653   0.0047166610089  0.00471432858029  0.00471281293862  0.00471054000456
9.43940186135e-05 6.48733475228e-05 0.000431457910517 0.000930214214502  0.00122852280797  0.00118066959064  0.00107826595618 0.000841780493852 0.000711585558717 0.000701259701781 0.000880819997365  0.00108348323872  0.00124680345758  0.00130928100294  0.00124565881451 0.000237447385729  0.00319157024637  0.00501742738074  0.00579841002658  0.00510194388113  0.00426480436044  0.00394983269404  0.00391255261441  0.00390158102837  0.00388551192238  0.00387572334412  0.00387686362601  0.00387149746221   0.0038683934646
3.25974870847e-05 9.97761955485e-05 0.000500893286274 0.000996152057466  0.00121821035078   0.0010992491917  0.00106702198223 0.000936283166144 0.000936930189293 0.000935922185167 0.000973041293902 0.000944949812596 0.000893020577668 0.000852974817447 0.000827851663708 0.000524597204253  0.00284351270703  0.00445864890356   0.0053504200953  0.00496245671514  0.00412664572603  0.00375988016468  0.00370216372789  0.00365554406151  0.00363312656443  0.00361565876015  0.00359712297715  0.00359132709948  0.00358542143637
