0.000309076062083 0.000569946592813  0.00045358048705   0.0019376597704  0.00344039641062  0.00441152832154  0.00460192469614  0.00420242928115  0.00322646732341  0.00284455884383  0.00276253351565  0.00283251919258  0.00302072272017  0.00300741093317  0.00304484527291  0.00312716470613  0.00327576257818  0.00327268682835  0.00330356762158   0.0033809727277  0.00341605949705  0.00345540533578  0.00346295479955   0.0035087978769  0.00351595115854  0.00353030512626  0.00356021501821  0.00356585300583  0.00356454455083
0.000181024513506 0.000102112274848  0.00116908767694  0.00286102383586  0.00408066825284  0.00481249837501  0.00487963636104  0.00443620641876  0.00343510788845  0.00255294015245  0.00227664953205  0.00234095592681   0.0025378919345  0.00251583787823  0.00255900865009  0.00266776731824  0.00285971784992  0.00286467471305  0.00289758279536  0.00303328910052  0.00310937580764  0.00317377556886  0.00317387944472  0.00329824089128  0.00330197586953  0.00332354373828  0.00338474108009  0.00339364305096  0.00339994408633
0.000247748676439 0.000443569701404  0.00181775652272  0.00299200971721  0.00373693018196  0.00412515956885  0.00408524273698  0.00377085781454   0.0031090169104  0.00228939765195  0.00167765023603  0.00171234766069   0.0018330197327  0.00180938381958  0.00182630855112  0.00186981980478  0.00196835488493  0.00195643475824  0.00197456384967  0.00204222204554  0.00207296176111  0.00210193903629  0.00210468942162  0.00215060387665   0.0021409320868   0.0021506897986  0.00217062553283  0.00217095788703  0.00217716150556
0.000187789943515 0.000669033994987  0.00142246286205  0.00166119819695  0.00169282375535    0.001614942118   0.0014254507258  0.00117340934655 0.000831834318849 0.000413967671044 0.000282812548439 0.000755722228821  0.00102169198678  0.00102382182794  0.00103683958601  0.00104252043104  0.00103576616146  0.00104833532302  0.00105693612711  0.00107575313882  0.00107719239922  0.00107397799731   0.0010548804453  0.00105681089303  0.00107143800527  0.00105356879667  0.00106315493602  0.00106759593493  0.00106740277738
0.000190211287866  0.00239274344081  0.00261102317599 0.000642856071609 0.000471095650008  0.00105138986822  0.00142372748712  0.00166870105534  0.00180546006471  0.00186031128059  0.00183744622629  0.00170991774103  0.00163178840022  0.00167253056911  0.00169768447724  0.00172694186258   0.0017606871972  0.00177259838583  0.00177632830279  0.00177901438743  0.00178813323648  0.00181193305184  0.00180859925177  0.00180770969677  0.00179834095739  0.00181912892357  0.00184047784205  0.00183483056652  0.00182327597663
0.000188361312992 0.000516626590422  0.00111393183637  0.00142088357574  0.00075617982045 0.000338432336337   0.0011242897201  0.00174735073176    0.002135296309  0.00230788388557    0.002296850643  0.00207953579882  0.00193612451642   0.0019618980321  0.00198239162997  0.00200040232582  0.00201767878111  0.00201020682341  0.00201451426737  0.00201160472894  0.00201614052542  0.00200578688465   0.0020285144517  0.00204464997779  0.00204190233246  0.00204425412007  0.00202777985178  0.00203112843887  0.00204402749719
0.000189806649784 0.000353741649193 0.000873237043245 0.000945955504918 0.000693515431405 0.000288053493124 0.000409799882125 0.000837877008194  0.00119228773947  0.00146871356322  0.00167500774687  0.00196181768557  0.00217543309683  0.00219262005208  0.00220709787304  0.00221633941645  0.00222750129332     0.00223225133  0.00224845485251   0.0022702587771  0.00227601365041  0.00228144615422  0.00227848080456  0.00227641835918  0.00227991954051  0.00227476487693  0.00228229680853  0.00228099705022  0.00228662060218
 0.00026735007276 0.000598986195419  0.00100026045825 0.000157842034988 0.000613341301607 0.000980362811928  0.00116448180681  0.00137364788907  0.00159451229468  0.00183246582167  0.00205036422507  0.00224668680447  0.00235460168934  0.00236411451452  0.00236762478334  0.00237107129939  0.00237001130823  0.00237367445972  0.00237173919543  0.00236813129183  0.00236895448964   0.0023786417174  0.00235878106979  0.00237241648776  0.00237008197811   0.0023686129339  0.00236393682448  0.00237148981533   0.0023539361174
0.000234631571015 0.000204901388525  0.00116012462846  0.00158620175956 0.000921157221509 0.000346141991877 0.000925789592424  0.00147399362623  0.00182583865487  0.00208461557654  0.00227857010138  0.00248004072926  0.00262569033969  0.00262377168965  0.00262560959828  0.00263298200414  0.00263879800483  0.00263661590579  0.00264616689106  0.00264637180566  0.00263840622937  0.00262390288008  0.00262659699883  0.00263481092943   0.0026461226697  0.00264947386183  0.00266323558787  0.00265933819523    0.002672980673
0.000253233631323 0.000260273037625  0.00193686177315  0.00100331816836 0.000601743861113 0.000943342441844  0.00103567610517  0.00125928270665  0.00156972027126  0.00194013273222  0.00231922733843  0.00273162083048  0.00296889411645  0.00297050529092  0.00297509484806    0.002971147825  0.00297019113134  0.00296775236646   0.0029527466638  0.00295133379064   0.0029533066071  0.00294899050183  0.00294845956896  0.00294512281398  0.00293928051361  0.00293257644543  0.00291842282329  0.00291590426074  0.00290877887304
0.000292836473204   0.0017346378656  0.00264959486408  0.00350785850117  0.00426246327006  0.00357142034861  0.00271568161105  0.00207805205521  0.00198061172301  0.00227754944394  0.00277699322308  0.00335284404601  0.00377400606889  0.00392532294373  0.00393185646708  0.00393143766048  0.00391651798994  0.00391829826394   0.0039151606534  0.00389374667434  0.00388492490886  0.00387419668875  0.00387036471236  0.00385783433973  0.00387139228977  0.00387207168367  0.00385862585925  0.00385229395612  0.00385454151291
0.000237223142102 0.000953482766015  0.00301538215833  0.00395811374448  0.00368340636081  0.00334101169596  0.00305158585728   0.0029409128627  0.00295495342845  0.00313457239483  0.00338101998717  0.00371620610916  0.00402930043195  0.00410885169777  0.00413228499214  0.00417411890047  0.00425124695299  0.00424809491361  0.00425902641649   0.0043144331068   0.0043307334711  0.00436563606955  0.00436359421719  0.00437324082994  0.00437739063303  0.00439292584602  0.00440851267927  0.00440971321715  0.00438875705373
0.000347167108051 0.000591983716584  0.00429200475885  0.00464723484634  0.00252530089727   0.0018328286665  0.00277278363351  0.00374939176636  0.00441727951818  0.00473141796694  0.00477557005407  0.00464082159231  0.00435812280767  0.00419833872636  0.00419959077226  0.00419023941804  0.00415745519474  0.00415399813077  0.00415678124963  0.00414484995806  0.00415359159707  0.00413280708837  0.00413950643115  0.00413908811388  0.00412887041713  0.00412322804812  0.00410937795934  0.00410681118231  0.00412642768833
0.000281185191851  0.00158322066237  0.00631757283167  0.00717124937283  0.00589539540352  0.00509080669329  0.00437000010788   0.0038852971068  0.00365558868287  0.00364461214844   0.0037458092447  0.00389114066159  0.00407701266457  0.00418215258072  0.00417338709181  0.00417619107731  0.00418669786824  0.00419476781509   0.0041971670519  0.00420313422806   0.0042017348882   0.0042142269887  0.00420212443538  0.00423005455695  0.00423505190736  0.00423628584478  0.00425052095999  0.00425674378921  0.00427500862986
0.000288040953444 0.000637878833649  0.00305079858317  0.00236265858773  0.00208730315919  0.00297189707407  0.00381266530951  0.00444662860512  0.00475847350637  0.00486092601284  0.00484916552628  0.00485287569065  0.00490219540303  0.00491339928432  0.00492196389151  0.00494239541453  0.00495985667387  0.00495446978127  0.00495147336119  0.00494807858506  0.00494779227177  0.00494177784262   0.0049403316523  0.00493021166776  0.00493717423726  0.00493350075426  0.00495059385671  0.00495573452769  0.00493750337311
0.000589261400403 0.000743230811266  0.00226582782216  0.00282095633083  0.00252627515472  0.00276367307118  0.00315165820124  0.00360539324701   0.0040305531547  0.00439345894086  0.00460940072498  0.00467907643921  0.00456880478367  0.00445870145921   0.0044599833434   0.0044594024899  0.00448567464941  0.00449276849001  0.00449750193501   0.0045231437139  0.00454917005023  0.00456081424087  0.00457158729808  0.00458675380674  0.00458265759459  0.00459394629189  0.00459439526117  0.00460143476167  0.00460555061459
0.000160386514891  0.00144913781201  0.00444921021651  0.00409817896057   0.0046840959201  0.00436818352554  0.00389993776596  0.00341536147506   0.0034184067996  0.00365283243875  0.00400816528635  0.00432801539708  0.00472960195393  0.00501916491448  0.00500718685756  0.00497424609044  0.00491359357702  0.00490088251029  0.00491011908881  0.00487718305061  0.00483618292927  0.00481828911489   0.0048294044832  0.00480858774517  0.00481493984587  0.00482135054019  0.00481657550134  0.00481987159489  0.00481428575466
0.000206192786324  0.00108886683848  0.00312775048718   0.0042363594877  0.00466337276328  0.00509852045309  0.00495499952464   0.0047917236549  0.00469835846206  0.00469945498167  0.00474126107096  0.00496270187657  0.00541348843079  0.00589082199334  0.00607599761366  0.00608775470934  0.00611422522573  0.00612745708473  0.00611181560963  0.00612143917709  0.00615049216576  0.00616257176701  0.00616479833523  0.00617098939838  0.00617556884206  0.00617835563026  0.00618294886855  0.00618941301877  0.00620901105633
0.000167251115499 0.000950527271362  0.00280359107377  0.00429668815951  0.00564971194903  0.00619529741178  0.00630706250802  0.00651664046319  0.00664850857967  0.00667313570366  0.00658516809668  0.00651182284517  0.00651877646782  0.00636313445232  0.00627459789001  0.00632732455436  0.00643158569293  0.00642997348013  0.00647203454617  0.00655649950601  0.00659430699668   0.0066398619019  0.00663784341161  0.00672069763768  0.00672464973214  0.00674170956522  0.00678751396637  0.00678924682401  0.00678815342578
0.000216474473761 0.000704627486561    0.001635671019  0.00271476196517  0.00355725281016  0.00445793295423  0.00565114369713  0.00654110019888  0.00705144290397  0.00727395984854  0.00722020819708  0.00694936792334  0.00643732412599  0.00600907252247  0.00591627853807  0.00590777144434  0.00589676826184  0.00590234734272  0.00589727532001  0.00589396312223  0.00589884249555  0.00590004852394  0.00592229517667  0.00591781062134  0.00593166530793  0.00592523022144  0.00592473884899  0.00594444809215  0.00596117069772
0.000173860420949 0.000884770155426  0.00241489390634  0.00357048851244  0.00406777105077  0.00408642888199  0.00431614667828  0.00467451698482  0.00499420032689  0.00523922146548  0.00538170815292  0.00547681442035  0.00554854668992  0.00557068492522  0.00557633624011  0.00558237671196  0.00560113397726  0.00561092439213  0.00562816698816  0.00563857467864  0.00564581241177  0.00566044225466  0.00567123106379  0.00566301581802  0.00567666253664    0.005701566713   0.0057005088219  0.00569834594137  0.00570254239971
0.00019705429412  0.0013028856853 0.00352161253885 0.00621355969751 0.00714061377985  0.0058851867458  0.0052829318092 0.00499298295644 0.00491939826635 0.00488762202494 0.00496695588373 0.00505094271648 0.00517250786148  0.0054255386922 0.00548136921687 0.00543883926271 0.00536793516082  0.0053784558836 0.00537131457015 0.00533722588721 0.00531933778863 0.00532240998876 0.00533413101675 0.00531085746857 0.00531885803772 0.00532583069003 0.00533294514025 0.00534603395273 0.00536158052499
0.000179830022833 0.000753890488764  0.00215471900968  0.00328000989774  0.00407252866904  0.00442270580211  0.00471842469423  0.00501745923445  0.00521633464415  0.00538571426233  0.00550060750015  0.00565573087774  0.00587381934513  0.00600974020606  0.00606206561427  0.00608141243984  0.00613852457818  0.00613595595096  0.00616568837125  0.00621319871972  0.00624200644345  0.00627442145855  0.00628446854859  0.00633198858499  0.00634933974792  0.00635759239691  0.00637876139098  0.00639628706588  0.00641141411892
0.000204262328618 0.000661179000742  0.00191974421602   0.0032639526806  0.00413962693044  0.00455575618804  0.00481679377113    0.005142652663  0.00543985024641  0.00571920501549  0.00591072041918   0.0060646153239  0.00618166414088  0.00616973493059  0.00614831754464  0.00617117882722  0.00621809223371  0.00622733664666  0.00624077645337  0.00628891988589  0.00632447129907  0.00633257566366  0.00635150096091  0.00637939478591  0.00640179707674  0.00642325669612  0.00643887703671  0.00645373677854  0.00646978417051
0.000185875338788  0.00075259904746  0.00206125168234  0.00301793865959  0.00366895943363  0.00408855573539    0.005051513504  0.00576162945831  0.00601072529998  0.00607792076836  0.00608876899709  0.00613494160918  0.00620205566742  0.00623495306173  0.00626334048048   0.0062746236933  0.00629916708824  0.00630569464799  0.00632502369039  0.00634655687676  0.00636833786217  0.00639282165122  0.00640924133016  0.00643467760566   0.0064395023732  0.00645987560496  0.00648085471046  0.00649722868846  0.00649951746354
0.000193577278808 0.000720040625146  0.00201114458148  0.00323216704362  0.00422257107407  0.00432576698164  0.00413953504325  0.00435814515702  0.00460287220158  0.00487280507276  0.00512427929254  0.00532681094959  0.00545308985879  0.00547218358454  0.00547981142517  0.00550638478778  0.00554386198603  0.00556589759967   0.0055889113971  0.00562024016756   0.0056452759754  0.00566890738845  0.00569051934924  0.00573041927501  0.00575645491857  0.00577571011482  0.00580377103868  0.00581976722823  0.00584403357818
0.000177257446256 0.000709405977907  0.00207924419096  0.00316688213926  0.00389521660224  0.00388864560686  0.00406734288995   0.0044710042128  0.00476521640702   0.0049218401163  0.00501183501107  0.00509066040664  0.00516944482488  0.00528203999295  0.00534467326916   0.0053528444991   0.0053425352812  0.00536094265376   0.0053767652898  0.00538180058158  0.00539906736875  0.00541167458471  0.00543415673353  0.00543570140408  0.00545371391294  0.00547103136357  0.00548330385191  0.00550206003349   0.0055249112681
0.000193492499428  0.00071358354427  0.00192398631871  0.00272322234102  0.00310633415951  0.00325871488898  0.00330641424455  0.00349646397224  0.00365705645196  0.00383573681313  0.00400616977341  0.00421646743696  0.00443994986436   0.0045434305753  0.00459799544302  0.00464530552309  0.00473721848512   0.0047648159403  0.00480145312288  0.00487172793569   0.0049154711305  0.00496720598384  0.00499732078959  0.00505076314042  0.00507881786033  0.00510708190007  0.00513523563772  0.00516259246104  0.00516609476627
0.000215638851702 0.000595693691749  0.00156050572085  0.00246685375052  0.00323372815398   0.0034737531404  0.00351535090265   0.0035448760297  0.00359637770349  0.00365827639731  0.00374455680458  0.00382887534456   0.0039075901439  0.00401868780922  0.00408069210512  0.00408392072129  0.00407850983617  0.00410115049649  0.00412409410497  0.00413382633831  0.00414965984524  0.00417161452816  0.00419789194659  0.00421597052811  0.00424961609537  0.00427459817693  0.00429337641241  0.00431753001402  0.00435463082801
0.000215210098982 0.000663010579728  0.00176029881112  0.00239393729962  0.00284470071296  0.00311948427295  0.00335845661041  0.00355704042124  0.00370835549971  0.00381904997842  0.00389912249619  0.00396433020402  0.00402070971341  0.00407071710977  0.00414967787879  0.00417484627193  0.00420679068134  0.00423566291684  0.00426514980543  0.00429732331721   0.0043369709476  0.00437302352857  0.00439469927951   0.0044341188204  0.00445711766958  0.00448360354005  0.00451568397031  0.00453895481685  0.00456274370328
0.000192956007431 0.000729144460108  0.00199299767883  0.00279079100651  0.00320429802041  0.00342454973854  0.00360892158266   0.0037905363055  0.00393435252948  0.00406705587735  0.00416720643849  0.00426463679288  0.00436034630829  0.00441622482811  0.00447788974364  0.00453204668576  0.00457674765178  0.00460562035035  0.00464175662802  0.00469139757322  0.00472545759888  0.00476139177161  0.00480125576693  0.00483706023023  0.00486619112948  0.00489850085174  0.00493291130827  0.00495829038165  0.00498281367032
 0.00018707908988 0.000800382767147  0.00218481179714  0.00303646412452  0.00341614380348  0.00366071012231   0.0038099595885   0.0039548015142  0.00409015891012  0.00421291970823   0.0043300591191  0.00443041470462  0.00450739873523  0.00458139588129  0.00463579491836   0.0046666775277  0.00467086632876  0.00470081674259  0.00473045188822  0.00474773137055   0.0047828687719  0.00481129428488  0.00484412946332  0.00486872490566  0.00489952048055  0.00492727543025   0.0049506838502  0.00498062434359  0.00500842177149
0.000198962307375 0.000676617469469  0.00178814908747  0.00251882721578  0.00277183149002   0.0029493101385  0.00313366235708  0.00335655650606  0.00353145983171  0.00370761917845  0.00382656895064  0.00396583201932  0.00412918992571   0.0041929554711  0.00425553280433  0.00432016574677  0.00442116644068  0.00445336088621  0.00450431452816  0.00458638742213  0.00463822263892  0.00468998923711  0.00472977258684  0.00478877195579  0.00482543452272   0.0048650024066  0.00491215023004  0.00493672864377  0.00496362082944
0.000214304928798 0.000655218852483  0.00179281270077  0.00247702875929  0.00269778641592  0.00272495228593  0.00278019368147  0.00288987836275  0.00305064618621  0.00321932506267  0.00336838168555   0.0034779523178  0.00354631450201  0.00358961003813  0.00361068548963  0.00363620325689  0.00365565475387  0.00369004155352  0.00372531613575  0.00375649005765  0.00379186684422  0.00382577539173  0.00386349173027  0.00389883134385  0.00392892360532  0.00396275985928  0.00399363956617   0.0040305904187  0.00406131072631
0.000360746434002 0.000470291984188 0.000866720141259  0.00101120349681 0.000861372844445 0.000910892956638  0.00113741321998  0.00145068931089  0.00169271860277   0.0018698796902  0.00194066859008  0.00195578022965  0.00191659777931  0.00172214167672  0.00154172365454  0.00156061631371  0.00171157439079    0.001732187995  0.00179489110629  0.00188953287644  0.00197167556875  0.00202424694453  0.00206236635532  0.00213610514139  0.00218658320299  0.00221860855595  0.00225246180827  0.00230774959827   0.0023330237682
0.000319325808184 0.000380473494672 0.000802852230821  0.00113071466088 0.000926248143726   0.0005238158687  0.00111191675567  0.00186809390747  0.00247168870395  0.00284116497841  0.00292123681247  0.00268823996296  0.00213918697122  0.00137148065612  0.00110870080971  0.00117030804508  0.00126146584108  0.00128835717819  0.00133437803171  0.00140906698508  0.00144989574921  0.00149672711227  0.00153159360628  0.00157611081512  0.00160924696332  0.00164155426478  0.00167955031756   0.0016883444133  0.00172683439556
2.74277765356e-05 0.000333082310268  0.00069281776179 0.000617691914639  0.00060166481923 0.000594882878087  0.00113581050806  0.00185179594446  0.00244204696396  0.00278523448387  0.00280955408574  0.00247971623118  0.00184328050983  0.00116584457176  0.00104672554041   0.0010861852118  0.00116166954747  0.00119041524273  0.00123027094334  0.00130608257292  0.00134806000658  0.00141371106167  0.00143162389278  0.00150977438144  0.00152139141982  0.00155226337937   0.0016010333855  0.00161918635593  0.00164876968851
8.32058799283e-05 0.000390543304292 0.000730676462616 0.000844091345385 0.000615664043738 0.000458681425262  0.00106852483968  0.00168749389966  0.00212551696044  0.00230630092989  0.00217051097331  0.00172448866626  0.00112784105038 0.000943769387097 0.000966746160957  0.00100810894179  0.00109694905039  0.00113572164909  0.00116810633821  0.00123598152921  0.00128187062936  0.00132534310734  0.00135991339055  0.00141740623511  0.00145779766997  0.00148801982185  0.00153383952448  0.00156755334687  0.00158909989196
0.000138355144315 0.000780580187346  0.00103699713436  0.00116641795292 0.000928856545687 0.000342613477405 0.000704700148526  0.00138714854019  0.00185957620314  0.00206670956892  0.00196910972772  0.00157564594835  0.00106877522789 0.000924469138649 0.000947702906355  0.00098819283469  0.00104322942796  0.00106399040759  0.00110670750659  0.00116295768316  0.00121357359923     0.00124716844  0.00128950753713  0.00134555242026  0.00136913838767   0.0014139314376  0.00145489053455  0.00148655513626  0.00150381149945
5.51493660922e-05 0.000512236845443   0.0008208054481  0.00100186482934  0.00082263413622 0.000441715192244 0.000914675440652  0.00154471070932   0.0019903267364  0.00214088637046  0.00191245791204  0.00132731299714 0.000916031690171 0.000850968693824 0.000862309309672 0.000912372851444 0.000976136504966  0.00100741751281  0.00104594942197  0.00110536040193  0.00115090564975  0.00122203014174   0.0012403182704  0.00129759460025  0.00132330180594  0.00136165244722  0.00140100048277  0.00142974136112  0.00145827696488
7.47576576729e-05 0.000397745361976 0.000707934258401 0.000896871205844  0.00070140445963 0.000504649679849  0.00111023490822  0.00172325343479  0.00210497753712  0.00214321508911  0.00176582899313  0.00104342347849 0.000800474309036 0.000789660473935   0.0008108395366 0.000849778146168 0.000913725432294 0.000941971648711 0.000985859497589  0.00104515884603   0.0010928444393  0.00114092659333  0.00117246858422  0.00122802776109  0.00126835782104  0.00129808619751  0.00134204394755  0.00137340630016  0.00139956448979
 4.1621303003e-05 0.000458053966642 0.000775852485144  0.00104186972431 0.000913777130552 0.000594771123433  0.00110526534767  0.00174526938654  0.00216330314851  0.00221708721843   0.0018160965955  0.00104238736342 0.000797366481004 0.000787099835633 0.000792779053939 0.000824522852299 0.000890434923912 0.000919823983577 0.000959332866789  0.00101754669601  0.00106864277177    0.001101060718  0.00114085723522  0.00118762112684  0.00121599102957  0.00125443531813  0.00129006941379  0.00132212335637  0.00134936089081
9.81659528302e-05 0.000424353286758   0.0010853875513  0.00185482762489  0.00260076011269   0.0034437287421  0.00311125939877  0.00299730621461  0.00294401115574  0.00252049622417  0.00152018050163 0.000822178966271 0.000753598085185 0.000740521899599 0.000759423195622 0.000799908621336  0.00085687023694  0.00088610038603 0.000925901854702 0.000983205548745  0.00103044564023  0.00106904678073  0.00110519285421  0.00114844733172  0.00117957343665  0.00121347273525  0.00124925952326  0.00128054739001  0.00131071385425
9.86532216734e-05 0.000470515150818 0.000785280195131  0.00103292341455 0.000982338449586 0.000840978340305  0.00120322273873  0.00168570003085  0.00182565619304  0.00158569224557  0.00103878216855 0.000795079872647 0.000773658783629 0.000762798048928 0.000772559948477  0.00078986292917 0.000830176155791 0.000859601666589 0.000895761860886 0.000942301319097 0.000982330150253  0.00102134474062  0.00105646256303  0.00109869612586  0.00113494764116  0.00117069405151  0.00120428477215  0.00123841955934  0.00126930514134
5.17649636293e-05 0.000434182661622 0.000871428983007  0.00134063893525  0.00154580566369  0.00127479934491   0.0009818603102  0.00108667451352  0.00126468491437  0.00123987584559 0.000938832813432 0.000770020376828  0.00074865460609 0.000738323355211 0.000748621444166 0.000773581999248 0.000801465691464 0.000833483368143 0.000866737032393 0.000905334486789 0.000941947318903 0.000981267482131  0.00101505395479  0.00105997972478  0.00109325651645  0.00112753396352  0.00116982775057  0.00120145484216  0.00123134616549
2.27895609523e-05 0.000370613882879 0.000707978068787  0.00100186221862 0.000919370576859 0.000484587377047 0.000919197310464  0.00154436185933  0.00189627568676  0.00175302803699  0.00103827563815 0.000706411742247 0.000691923511322 0.000678140411508 0.000690200565477 0.000719526426074  0.00076453696526 0.000791547244238 0.000825784971832 0.000866899758395 0.000907645015305 0.000947840508461 0.000982522501303  0.00102797606642  0.00106283912587  0.00109486967631  0.00112864210968  0.00116149856742  0.00119171065496
 2.0237661081e-05 0.000407737214447 0.000848565304615  0.00135355757379  0.00152156111513  0.00113841808562   0.0013544000072   0.0020480572234  0.00237536052919  0.00196094021063  0.00101452903696 0.000667907162625 0.000659788626794 0.000649013906018 0.000659128525078 0.000686740664196 0.000726920789365 0.000755981878155 0.000792335582037 0.000835783957144 0.000877037907299 0.000917519291123 0.000953383662174  0.00099307641185  0.00102531963091  0.00106135687055  0.00109595937218  0.00112850691505  0.00115961886895
3.36647016572e-05 0.000358913396676 0.000728096767314  0.00114167164665   0.0014494204129  0.00153176762143  0.00181631193605  0.00226259909323  0.00220088401989   0.0013370396318 0.000765794702916 0.000658931366928 0.000632425916057 0.000618344003263  0.00062854539544  0.00065420749546 0.000694897131908 0.000723620529626 0.000759299960447 0.000804867171417 0.000844628825375 0.000882458583925 0.000917601444257 0.000959855204609 0.000994686173987  0.00102841457006  0.00106552067255   0.0010946594004  0.00112486727671
1.81879016958e-05 0.000297652153569 0.000661805414267 0.000992877196938  0.00117283284229  0.00122880834603  0.00155392171232  0.00204825332928  0.00208197165541  0.00130315717856 0.000771333217091 0.000660269034439 0.000621948597906 0.000607023940359 0.000613344846094  0.00063610486974 0.000673942812941 0.000701835062917 0.000735776509885  0.00077902164758 0.000817322139338 0.000856161014132 0.000891462038343 0.000931353162296 0.000964733944973  0.00099939471507  0.00103406621291  0.00106946255174  0.00110095558287
7.86160215842e-05 0.000393655371883 0.000695279609005  0.00105948864501   0.0011421521526  0.00106174975283  0.00140887316914  0.00193732629621  0.00199693750419  0.00123951897763 0.000734950843189 0.000633246555479 0.000599277889714 0.000584245143018 0.000590953732793 0.000611872416014 0.000645621251677 0.000673669142041 0.000707125393981 0.000747225519011  0.00078504173801 0.000823399353284 0.000859681977685 0.000901709756983 0.000935000081649 0.000971291180526  0.00100870678147  0.00104031764484  0.00107131023219
5.80874353156e-06 0.000325385077491 0.000705476198857  0.00112836382234  0.00116670875175 0.000920957824674  0.00120604803256  0.00179860857474  0.00169921978892  0.00102550361683 0.000718650892158 0.000622468412568 0.000584177555626 0.000568222067261  0.00057380488053 0.000592867987923 0.000621849500375 0.000649273037332 0.000682029946268 0.000720426978151  0.00075866176493 0.000797373904018 0.000831825673891 0.000871743872798 0.000906019157592 0.000940088028938 0.000975109840191  0.00100746435594  0.00103922320862
3.98656360132e-05 0.000253730588567 0.000710011355102  0.00108921100061  0.00101314188295 0.000799730933031  0.00118270287777  0.00167665469298  0.00151121201264 0.000975375766637 0.000704830007633 0.000604576006817 0.000565621591787 0.000549226010191 0.000553090595648 0.000571309484029 0.000601656186527 0.000629184313378 0.000661604722135 0.000699683498099 0.000736059753735 0.000772686808697 0.000807597270975 0.000846600232541 0.000881131835405 0.000915647069073 0.000950459733373 0.000983668258891  0.00101493327924
3.35982429082e-05 0.000302587644356 0.000713406388559 0.000980572068253 0.000974303360547 0.000853000630816  0.00140390935812  0.00166452156562  0.00129905120566 0.000925478309874  0.00069357720269 0.000590312204857  0.00054785108651 0.000530515268074 0.000533812699683 0.000550438618843 0.000578143567623 0.000605200100003  0.00063699608495  0.00067323807877 0.000709641577227 0.000747326384052 0.000782172661178 0.000820891489454  0.00085569359415 0.000889979294943 0.000925289968727  0.00095776536242 0.000989457954295
6.07429765775e-06 0.000301882137794 0.000737053521567  0.00106964982308 0.000993671703075 0.000828119937845  0.00137402736297  0.00163531926569  0.00127245763335 0.000906785713929  0.00067689447965 0.000571591376104 0.000529006224731 0.000510710915315  0.00051338936204 0.000530604142141 0.000558220612593 0.000584839589138 0.000616461023234 0.000653217398344  0.00068902787488 0.000724726930933 0.000759607798305 0.000796845094228 0.000831762828439 0.000866254461984 0.000901029341124 0.000934387502462 0.000966015372462
3.56087504199e-05  0.00032095095799 0.000799819431808  0.00123599565614  0.00116098174202 0.000879069522331   0.0013855129597  0.00165047433876  0.00127327516355 0.000902887543524 0.000666852019553 0.000560166200936 0.000514295256767 0.000494226831431 0.000495887246345 0.000510747087769 0.000536499782074 0.000562500004574 0.000593333629982 0.000628438331137 0.000663496094994 0.000699735271912 0.000734491562066 0.000773749162922 0.000808647742332 0.000843270033201 0.000878445485254 0.000910923812825 0.000942847119887
6.63950715938e-05 0.000239612005059 0.000737038178011  0.00109140229666  0.00101321807294  0.00103056589424  0.00146406097504  0.00148652061563  0.00120509383264 0.000878760028343 0.000649841274259 0.000538264584138  0.00049375211796 0.000474239817716 0.000474972453139 0.000489991458021 0.000514995854499 0.000540715792213 0.000571457597853 0.000606825774113 0.000642017921893 0.000678027786721 0.000713022069866 0.000750313805663 0.000784479374156 0.000819266076986 0.000854404840419 0.000887419570938 0.000919320647378
3.32472218855e-05 0.000359355375251 0.000844449155102  0.00114123582933  0.00104129311683   0.0012492057244   0.0016326082415  0.00149675823356  0.00119334626031 0.000869484616844 0.000640709195208 0.000527067044716 0.000478326002673 0.000456476949951 0.000456622821195 0.000470860876381 0.000496272872115 0.000521315860079 0.000551684633631 0.000587283348133 0.000623128609503 0.000658899068929 0.000693279486823 0.000729957480049 0.000764122850148 0.000798160301161 0.000831522192945 0.000864933192453 0.000896948313068
5.69172382605e-05  0.00029722975259 0.000816502096559  0.00109321884597 0.000993102863615  0.00123804543729  0.00162918168306  0.00150387061764  0.00118958197904 0.000865155239848 0.000633879921203 0.000515992917667 0.000464889381542 0.000442103434911 0.000440777806796 0.000454123909439 0.000477569594993 0.000502434821634 0.000531959326691 0.000566135367655 0.000600487769464 0.000635836624709 0.000670199695792 0.000706813864459 0.000741314742086   0.0007759091548 0.000810341716376 0.000843064986964 0.000875022750434
3.54379874996e-06 0.000285904714444  0.00080667333878  0.00107228966157 0.000950489605335  0.00118647518217   0.0015851392541  0.00148968961599  0.00117661822675 0.000862296286594 0.000631010709464 0.000509546179819  0.00045462857071 0.000430689127512 0.000428355685339 0.000439810378295 0.000461136155081 0.000485442052426 0.000514208704656 0.000546999915626 0.000580842586672 0.000615766167041 0.000650010074002 0.000686544664531 0.000720486255643 0.000754690798592 0.000789206472768 0.000822193826411 0.000854437615863
1.83285824693e-05 0.000262831192252 0.000788742788034   0.0010512560508 0.000931598933476   0.0011274113805  0.00154303578685  0.00148243836397  0.00116053085123 0.000861466390125 0.000619308159754 0.000495424292466 0.000438834913485 0.000414188168313 0.000411160814139 0.000421727966107 0.000443180639747 0.000466642646437 0.000495096171101 0.000528137785803 0.000561652625209 0.000596240638721 0.000630222015996 0.000666760292249 0.000700890207313  0.00073519174625 0.000769503020756 0.000802601782604 0.000834574058837
3.17988139269e-05 0.000276087838716 0.000828984695067  0.00106881115821 0.000916196703084  0.00101814826944  0.00140627548631  0.00142469498465  0.00113412089482 0.000872713444673 0.000614807976839 0.000486488092705 0.000428147212742 0.000402822160152 0.000398275445761 0.000408599942001 0.000428935776689 0.000452381402653 0.000480088856053 0.000511425066301 0.000544144646414 0.000577791097022 0.000611607220775 0.000646532342362 0.000680535093101 0.000714515117305  0.00074841099487 0.000781135063611 0.000813120272418
 2.2232093941e-05 0.000271470540665 0.000797824196313  0.00107164395348 0.000957378400291 0.000896988401722  0.00119934656099  0.00133503430932  0.00113790711494 0.000915570337514 0.000619450584413 0.000483673757335 0.000418512705987 0.000390445530693 0.000385520701751 0.000393541744727 0.000411562229367 0.000433749021621 0.000461057210271 0.000492704298847 0.000525329033506 0.000559052912677 0.000592570603216  0.00062788819983 0.000661801129193 0.000695623116534 0.000729396489525 0.000762322672555 0.000794485806792
1.85873068336e-05 0.000306491231907 0.000817532565869  0.00112117424278  0.00101527472482 0.000818234954557  0.00101015889151  0.00120926353587  0.00109898480618 0.000938887510507 0.000606128144393  0.00047131416675 0.000408126535998 0.000380236975225 0.000373831101718   0.0003817406003 0.000399297797068 0.000421214986191 0.000447746417081 0.000477694595283 0.000509310037369 0.000542308642256 0.000575618695607 0.000610192435896  0.00064389658367 0.000677591735799 0.000711219688629 0.000743985916363 0.000775955351669
4.91783603371e-06 0.000177683235907 0.000722154514777 0.000981046320559 0.000785442370886 0.000859417891727   0.0013418830714  0.00143035886579  0.00118672686824  0.00086159350198 0.000583769904468 0.000453580213274 0.000392935872382 0.000361951227048 0.000355613063677 0.000363914784414  0.00038336794361 0.000404767599788 0.000431239820908 0.000461464385399 0.000493156695357 0.000525695050388 0.000558554601918 0.000592839956379 0.000626304006131 0.000659929765077 0.000693283313588 0.000725930694324 0.000757808316558
1.94068883864e-05 0.000223176398186  0.00074701286578 0.000935062885005 0.000754876473717  0.00096576813134  0.00152776323444  0.00159558180085  0.00129424002164 0.000897143217849 0.000593676184845  0.00045322372782  0.00038853322224 0.000356702235513  0.00034805062939 0.000354314253412  0.00037012072823 0.000390542433217  0.00041605000991 0.000446298012561  0.00047730303194 0.000509614566437 0.000542356960869 0.000576047961665 0.000609381545117 0.000642621814746 0.000675925921156 0.000708500804045 0.000740466673554
 1.8923774525e-05 0.000249600004344 0.000700744752533 0.000890633963903 0.000811419955212 0.000953806206719  0.00151131620104  0.00162002829217   0.0013005476311 0.000899828694963 0.000593936771743  0.00044823392425 0.000374697793948 0.000342224167186 0.000333912263661 0.000339888447983 0.000356886130114 0.000376974533675 0.000402360309813 0.000432255364987 0.000462154852248 0.000493739052105 0.000525941208755  0.00055943074127 0.000592440383075 0.000625698039941 0.000658820000607 0.000691309435816 0.000723217365145
1.55491039721e-05 0.000221115945203 0.000750077314203 0.000968260321428 0.000820858107465 0.000867992918462  0.00143965340349  0.00161764808971  0.00129425944709 0.000897280701103 0.000590611973844  0.00044314732781 0.000372481437357 0.000337294511622 0.000326576299213 0.000330323385075 0.000343554317074 0.000362637418568 0.000386474945762 0.000413698810059 0.000444442171881 0.000476341095453  0.00050840073032 0.000542098697749 0.000575011803742 0.000608096559256 0.000641322474117 0.000673655731377 0.000705618074154
2.47384580869e-05 0.000235496907616 0.000749919339044 0.000958743110831 0.000766789313872 0.000877215178852   0.0014767483563   0.0016052012296  0.00128113748749 0.000887112721124 0.000586521710254 0.000432812602274 0.000356881738041 0.000323658015333 0.000312325907668 0.000316053659814  0.00032939159777 0.000348175702916 0.000371878949623 0.000399297118063 0.000428663514855 0.000459916128839 0.000491781607062 0.000525659952297 0.000558520015777 0.000591362810523 0.000624499358388 0.000656901251793 0.000688607888525
4.30670075857e-05 0.000193741738867 0.000710170872094 0.000907057860695 0.000747813790185 0.000939234426931  0.00147854044778  0.00158146216606  0.00128933756302 0.000885614657507 0.000581493741297 0.000424761239108 0.000348158167079 0.000309975878247 0.000297041426533 0.000299688043686  0.00031334112957 0.000331548867423  0.00035486648516 0.000382915473906 0.000412411913139 0.000443600326143  0.00047491562566  0.00050851299219 0.000540944076508 0.000573764777781 0.000606912750879 0.000639132411206 0.000670810128451
2.22184022282e-05 0.000235190599982 0.000717374044546 0.000875737148693 0.000757847862837  0.00107370575078  0.00151814055198  0.00155270708182  0.00131361997586 0.000891887226472  0.00058046787833 0.000419943776777 0.000339318420886 0.000301036557685 0.000287792769465 0.000290495874503  0.00030417014271 0.000321603965851 0.000343987919826 0.000371165750929 0.000399590346679 0.000429819246136 0.000460784867853 0.000493286417163 0.000525404557953 0.000557940975902 0.000590447289639 0.000622471305839 0.000653918066631
 1.9795991688e-05 0.000196834314006  0.00066167977612 0.000823675319529 0.000735714975189  0.00106414026585  0.00150544873587  0.00155957636481  0.00132172054985 0.000891373257097 0.000580821762394 0.000412966295201 0.000333667041845 0.000292516283167 0.000278147384172 0.000280662556249 0.000293884519051 0.000309703051897 0.000332176339432 0.000358977945042 0.000386940337677 0.000416913663658 0.000447881715941 0.000479876771262  0.00051197052579 0.000543995448816 0.000575655871906 0.000607416738983 0.000639060612118
2.78842748039e-06 0.000176524233621 0.000711517451872 0.000900364438576 0.000761065991659  0.00104137605193  0.00148556071309  0.00157142010803  0.00133417861282 0.000893701587573 0.000582646267175 0.000410465660554 0.000326169225659 0.000283996810617 0.000268492151782 0.000268966687977 0.000280887814848 0.000296571891395 0.000318569088033 0.000344394792526 0.000372978470711 0.000402451012745  0.00043260320194 0.000464459215224 0.000496149718147 0.000528167060383 0.000560659088863 0.000592385879813 0.000623617666061
6.71180377789e-05 0.000352902505717 0.000739429395412 0.000906391126861 0.000844721378288  0.00105733250443  0.00146150678428  0.00159746034535  0.00137412727875 0.000910242068054 0.000595047292961 0.000417427057584  0.00032498756341 0.000282129997503 0.000264294212203 0.000262193980247 0.000270541676815 0.000285825924706 0.000305921073765 0.000331626385765 0.000358437006701 0.000387720217645  0.00041756806447 0.000449743196525 0.000481078029623 0.000512683011008 0.000544965803197 0.000576647371913 0.000607863788796
1.76815381544e-05 0.000199977509549 0.000670197078518 0.000828385431085 0.000758361358837 0.000962157684716   0.0013993610074  0.00159441027492  0.00137590923654 0.000901763139099 0.000591624905919 0.000411499826384 0.000317601288977 0.000271141097344 0.000253273192191 0.000253273781186 0.000263306158979 0.000276826041192 0.000297028075953 0.000320597513488 0.000347128944012  0.00037545152073 0.000404756418455 0.000435325074339 0.000466067633379 0.000497712190049 0.000529419762204  0.00056080399583 0.000591818406044
2.20307257095e-05 0.000303598499051 0.000783111440046 0.000983207650447 0.000840117195589 0.000943029053482  0.00134008936321  0.00160736446305  0.00140194954161 0.000905687968698 0.000600424470841  0.00041372133609 0.000316329786601 0.000268729110417 0.000248162866451 0.000242923131153  0.00024874542018 0.000264616568475 0.000283259548003 0.000306184421471 0.000332392945982 0.000360460042485 0.000389731807692 0.000421313450485 0.000452105070811  0.00048337364707  0.00051509711045 0.000546357426187 0.000577218316882
 1.0473469426e-05 0.000211570252134 0.000687763992108 0.000902078492022 0.000853083004808 0.000929898679991  0.00128451812869   0.0016367366336  0.00144190997337 0.000906387890183 0.000604115307221 0.000407183941018 0.000310082127593 0.000261324588421 0.000240707579397 0.000238178602097 0.000245751643405 0.000257827365043 0.000276566561615 0.000297904983653 0.000323091285723 0.000350340466545  0.00037889328578 0.000408431888716 0.000438510787261 0.000469377178156 0.000500624346221 0.000532215031481 0.000563293618284
7.91238734777e-06 0.000231874015795 0.000710956395812 0.000935916825108 0.000922457239066  0.00110799859035   0.0014179115758  0.00147995371789  0.00125946006256 0.000869306285756 0.000584650827814 0.000393314063099 0.000300526923851   0.0002502747601 0.000226305995613 0.000220970586385  0.00022866345139 0.000241562520671 0.000260306862847 0.000284701608758  0.00031074444426 0.000338285032755 0.000366225559997 0.000397264466034 0.000427885719127 0.000458599102811 0.000490145684454 0.000520246025237 0.000551139567176
9.86432229089e-06 0.000249195021975 0.000732265740712 0.000914210526573 0.000909645908708  0.00115982107049  0.00144568064685   0.0014170931099  0.00121768804207 0.000884674002405 0.000607405024649 0.000391735543353 0.000287192608007 0.000235459000971 0.000215081024117 0.000212517808919 0.000221932213935 0.000232355919456 0.000250225573369 0.000274992565436 0.000300117523462 0.000327657311373 0.000355495673758 0.000385868723255 0.000415343394287  0.00044582537494   0.0004768663776 0.000507054316716  0.00053778285973
 2.6839132369e-05 0.000254416385867 0.000741130845827 0.000925133998742 0.000904136595319  0.00112324549122  0.00141041898616  0.00140273368298  0.00121912192176 0.000904178227192 0.000626583810644 0.000404099327684 0.000295036994555 0.000241372899072 0.000217364295888 0.000208203429321 0.000211149279616 0.000223246101295 0.000239991211697 0.000261551024141 0.000286154977891 0.000313090710549 0.000340583574492 0.000372208967269 0.000401572712753 0.000432525504845 0.000463920389836  0.00049453378471 0.000524658831679
2.79868995833e-05 0.000278974476611 0.000735699263086 0.000917535349014 0.000868410131214   0.0010954060976  0.00140540670381  0.00138536393192   0.0012045706179 0.000912175978502 0.000647884769789 0.000416695266288 0.000295802041303 0.000239506567523 0.000213742192415 0.000206630019153 0.000211946603691 0.000221893778683 0.000237280745763 0.000256131379997 0.000278834835756 0.000303790392807 0.000330804476384 0.000359046237735 0.000388182232934    0.000417842422 0.000447367678837 0.000477675446779 0.000508022454841
9.23747057106e-06 0.000159982668681 0.000703042710748  0.00092477301479 0.000904617151657  0.00109751132598  0.00134066245298  0.00135482808616  0.00120707294571 0.000913237559117 0.000626526761515 0.000397690552902 0.000288416579473 0.000230400268902 0.000203124832823 0.000198889697623 0.000202104788594 0.000212134237438 0.000227637523754 0.000247415519815 0.000270100784237 0.000294602955785 0.000321114880613  0.00034930867876 0.000378456837691 0.000407984684968 0.000438966131699 0.000468921600423 0.000498516087331
2.84774620453e-05 0.000370083971168 0.000697551336442 0.000844043113642 0.000880913716787  0.00105182091742  0.00131039815355  0.00144932151029  0.00135767709888  0.00102890175497 0.000670403189444 0.000424397311455 0.000296732380792 0.000235264286088 0.000205589714365 0.000193227028332 0.000198302978304 0.000207102455414 0.000220103756549 0.000238728546037  0.00026062381371 0.000285365720044 0.000311472409637 0.000339033066233 0.000367101209959 0.000396102380992 0.000426477783885 0.000455538297249 0.000485235421673
2.67158253923e-05 0.000220698659296  0.00072284596837 0.000919301063676 0.000719475232117  0.00088034423317  0.00125422503664   0.0014168656793  0.00132997521429  0.00102824001756 0.000671122383937 0.000421458532381 0.000291416412866 0.000228958318615 0.000197613374405 0.000184954434504 0.000181183430456 0.000189239928471 0.000205977764577  0.00022680405105  0.00024905243506 0.000273875986397 0.000299636792101 0.000327312923933 0.000355130829552 0.000383820826266  0.00041188920696 0.000441134135333  0.00047035447326
6.85224995739e-06 0.000228637686216  0.00065302987207 0.000795148656179 0.000794226940936 0.000955036216178  0.00124436265496  0.00141323654359  0.00134371377252  0.00104293017075 0.000684645003925 0.000422117847683 0.000288654744521 0.000223464325938 0.000191656784518 0.000178951297326 0.000177970736788 0.000185739978965 0.000198833792982 0.000217578494973 0.000239267917006  0.00026198663648 0.000287138522427 0.000315054694656 0.000343168094076 0.000371998210252  0.00040157618238 0.000430797664744 0.000460633412182
6.86297679599e-06 0.000180782606854 0.000659282618248 0.000846793071938 0.000768287748541  0.00087312138228  0.00116073273128  0.00136892566744   0.0013265158924  0.00104574341775 0.000695393487153 0.000423634131993 0.000288955166798 0.000219097736417 0.000186978192482 0.000174711688415 0.000177115401479   0.0001843441244 0.000197080241535 0.000215238408737 0.000236076753437 0.000258940371215 0.000284371404375 0.000308883831893 0.000336366505978  0.00036456027839 0.000391713446067   0.0004207828163 0.000449489337354
 1.9302513465e-05 0.000174448723702 0.000618777000784 0.000782828131421 0.000746168357085   0.0008578797687  0.00114056806612  0.00135906909276  0.00133147271327  0.00106710080963 0.000710343877051 0.000436193940144  0.00029168414986 0.000222844509746 0.000188615402999 0.000173168487158  0.00016993111324  0.00017523744225 0.000187791635257 0.000204072572957 0.000223403369689 0.000245582533517 0.000269572328399 0.000295575399927 0.000322898049387 0.000349836559956 0.000377504527977  0.00040578834329 0.000433371093673
1.98504758906e-05 0.000199605031999 0.000648700753781 0.000822115059341 0.000777106248776 0.000848693999053  0.00109548701835  0.00132452413289  0.00131836812489  0.00107570576626 0.000730053375945 0.000442578593378 0.000291895033652 0.000218572901767  0.00018311762238 0.000167314683955 0.000164273350572 0.000169703731374 0.000180327575598  0.00019513299875 0.000213938023213  0.00023630922549 0.000259719237245 0.000286167901339 0.000312959320368 0.000340290153876 0.000369070030639  0.00039835295609 0.000427619615653
3.45208628889e-06 0.000174653577759  0.00061062230083 0.000746248013942 0.000654771276363 0.000679848525326 0.000945881485826  0.00127629399518  0.00133036829008  0.00111722948049    0.000715457998 0.000485880155969 0.000289281668991 0.000209934461891 0.000174145778391 0.000161262106967 0.000159234236866 0.000164002778426 0.000175594276201 0.000192559009721 0.000211720545503 0.000232894215054 0.000256339522565 0.000280993482987 0.000306970989205 0.000334204728079 0.000362330870283 0.000390449701099  0.00041861432233
1.95894374786e-06 0.000165210414152 0.000564617549412 0.000636640713953 0.000542041733865 0.000652343075933  0.00100542443465  0.00137874868305  0.00142829943636  0.00120598598527 0.000683022768595 0.000509789616851 0.000307334706837 0.000214156835769 0.000172741858835 0.000158052331037  0.00015426325004  0.00015827915136 0.000168384057677 0.000182978126618 0.000200918517302 0.000221201848326 0.000243574361054  0.00026964002427 0.000294084075945 0.000321938457031 0.000350770293029 0.000378526173607 0.000406403120585
 1.5941974038e-05 0.000155225993182  0.00055126285539 0.000628158990324 0.000553301154895 0.000690919138194  0.00106512744385  0.00143877396038  0.00149009664502  0.00125148654522   0.0006668915118 0.000500125176335 0.000282864021271 0.000193357574797 0.000154876080172 0.000140720203519 0.000144467249408 0.000144696092668  0.00015528479307 0.000171917451195 0.000190978935091  0.00021263758093 0.000234205458372  0.00026059818091 0.000286050646106 0.000312077545993 0.000339291563564 0.000366328437198 0.000393859836551
 1.3190725629e-05 0.000175947291835 0.000588789839702 0.000680239883455 0.000622029749963 0.000787331813116  0.00118625493176  0.00155452013229  0.00160673341492  0.00135191518503 0.000715784262299  0.00050606760763 0.000302478016666 0.000200121193457 0.000153523618039 0.000134838602373 0.000129197215866 0.000132521424102 0.000142544793114 0.000160930703518 0.000180479054699 0.000204121855047 0.000225307098603 0.000250816453777  0.00027603697164 0.000301038789045 0.000328555783137 0.000356397354243 0.000383926315249
1.20550343034e-05 0.000198266360333  0.00059987204237 0.000727614328012 0.000728614775804 0.000879781856835  0.00123328119845  0.00155616044546  0.00158473665916  0.00129919216244 0.000702506916114 0.000549561385991 0.000312700858022 0.000219033345533 0.000169275889378 0.000142048776686 0.000131355689952 0.000133726058302 0.000141699897792  0.00015437986624 0.000171803751968 0.000191233325109 0.000211654690258 0.000236644997018 0.000260445753884 0.000286415251248 0.000313785456745 0.000340923107094  0.00036788966742
6.87376279612e-06 0.000171996097673 0.000604005325213 0.000769964645868 0.000775737489857 0.000913615639045  0.00126706772467    0.001574127955  0.00158280702591  0.00126334971318 0.000694388522312 0.000552810568359 0.000328461456055 0.000218121605543 0.000168800223891 0.000147758419465 0.000138625814306 0.000138740852573 0.000144663692596 0.000153486265867   0.0001679346738 0.000184667419695 0.000205710728575 0.000226132428348 0.000250063098702 0.000276940602641 0.000302655164559 0.000329365314138 0.000358331745056
5.16989579625e-06 0.000218668935067 0.000647008588926 0.000814530837993 0.000841490932339  0.00096220496475  0.00129938863481  0.00156657061257  0.00153331146107  0.00119450347521 0.000706905895036 0.000588707159934 0.000334909003931 0.000231201747948 0.000179109180046 0.000150477244495 0.000137387709058  0.00014021916755 0.000145557889594 0.000153775200945 0.000166463167765 0.000183366199389 0.000204561618203 0.000225041346052 0.000248411360902 0.000272071917257 0.000297753244053  0.00032373179086 0.000349834594026
7.90304664199e-06 0.000190137260883 0.000633003872686 0.000820150107719 0.000841672247188 0.000963268914792  0.00118054976009  0.00138681831314  0.00144343812289  0.00125412985564 0.000795391071983  0.00050967584684  0.00036865118824 0.000193111488285 0.000148816252451 0.000133284727526 0.000126133517842 0.000124029050449 0.000131644452247 0.000146051308513 0.000161870996167 0.000179701599807 0.000201501077455  0.00022250600963 0.000245223605546 0.000269221619221  0.00029209749645 0.000317307074978 0.000343593583131
1.10286457422e-05 0.000230383310681 0.000613622863656 0.000742450021899 0.000736826274438 0.000841903431963  0.00109087281291  0.00135684956349  0.00145955283218  0.00129936175551 0.000855003529854 0.000568574342403 0.000424145282641 0.000209163509133 0.000152178423997 0.000128013078686 0.000119651710571 0.000117602724802 0.000123916649704 0.000135617517054 0.000151365781237 0.000170576418737 0.000188293876866 0.000214156059124 0.000237693755192 0.000261092585787 0.000285335180306 0.000310131970876  0.00033551196249
1.23449761156e-05 0.000211084405805 0.000585815672607  0.00071268219615 0.000710119721312  0.00081002678562   0.0010521007668  0.00133643855067  0.00145833525108  0.00131159615391 0.000871798475706 0.000535451058227 0.000417195227034 0.000216809265405 0.000143594740612 0.000120242198933  0.00011210514387  0.00011057131031 0.000116531663075 0.000130142781605 0.000146800387537 0.000164022242083 0.000182742292539  0.00020311711417 0.000223787717874 0.000246589492608 0.000271823190118 0.000297433470393 0.000323810480259
1.35328198985e-05  0.00019755276497 0.000611102573485 0.000768414870744 0.000745427329857 0.000831442642914   0.0010478499563  0.00131450774005  0.00143823236341  0.00129392683693 0.000849678961622 0.000558894377187 0.000455872807953 0.000216935429942 0.000158121235071  0.00012945435718 0.000114816653718  0.00011255817643 0.000116805007688 0.000126384724629 0.000140465565665 0.000156882266564 0.000175331453826 0.000196908627705 0.000220192479037 0.000241316343046 0.000264486079176 0.000290858341049 0.000316611139493
2.29218175726e-05 0.000228474171634 0.000582073535454 0.000720083839644 0.000762228271977 0.000856404129673  0.00105668130891  0.00131640808764  0.00145269178289  0.00132196156393 0.000883748572836 0.000545427922565 0.000451092492632 0.000232335282057 0.000160816236694 0.000132600633975 0.000118904128582 0.000116320225559  0.00011968951694 0.000129123660084 0.000141895692655 0.000156615381904 0.000171386645945 0.000190751622817 0.000214833439417 0.000237306123922 0.000260268504266 0.000283830773519 0.000308795027948
5.16183329257e-06 0.000228982955877 0.000592923310146 0.000745689149345 0.000808878871883  0.00091739774348  0.00110412058701  0.00134403146418  0.00147528740343  0.00134320343115 0.000891237961575  0.00053263029203 0.000440996324324 0.000233080057523 0.000168984217821 0.000135253643631 0.000117857552062 0.000111974809032 0.000115746324748 0.000119196660766 0.000128126823802 0.000143413434536  0.00016343807399 0.000182920461327 0.000203744025029 0.000226178146918 0.000249897975016 0.000273992604133 0.000298768776104
3.04860983591e-05 0.000227325303627 0.000596770146001 0.000781944187284 0.000864501749112 0.000982536735276  0.00115745340333   0.0013862367522   0.0015273198588  0.00141125968735 0.000966068965396 0.000539135262625 0.000457108427761 0.000261577307348 0.000176034183788 0.000138324820381 0.000118165061125 0.000113254575601 0.000112227373703 0.000116970179468 0.000128537168065 0.000141763589952 0.000158613070677 0.000175539914609 0.000197124460368 0.000218952023093 0.000242828895836 0.000266604875857 0.000291574344111
2.13008701636e-05 0.000242393845649 0.000607403456136 0.000809228370177 0.000914627787845  0.00104307688609  0.00119190851665  0.00137054380014  0.00149402185843  0.00137711358211 0.000932133617187 0.000538238934131 0.000462322703665 0.000258886442337 0.000182769918394 0.000140146032716 0.000117084684354 0.000113023194101 0.000115225234114 0.000120539062296 0.000129437602586 0.000139147138641 0.000155436444231 0.000168008987383 0.000185434233195 0.000210620303931  0.00023336061357 0.000257856813061 0.000282087779798
2.17372267416e-05 0.000239548588094 0.000600090404478 0.000806110378274  0.00091340443889  0.00100726344053  0.00106097874591   0.0011746911667  0.00132312847522  0.00126572407858 0.000896800774761 0.000573006894476 0.000463636577927 0.000279077814192 0.000204220442111 0.000161176263763 0.000129218734884 0.000123442444517  0.00012257526237 0.000121240749098 0.000127800483392 0.000140673659203  0.00015703923076 0.000172381059889 0.000192903062286 0.000213320449693 0.000234283621712 0.000256634170046 0.000280424217402
2.20208841292e-05 0.000243769725105  0.00057295059394  0.00077724643457 0.000880199145324   0.0009726342767  0.00102056036244  0.00113856365106  0.00130244898376  0.00126125604622 0.000904543973212 0.000567602148197 0.000462997952615 0.000281391810305 0.000199743536616 0.000156418765816 0.000129198840979 0.000122765969469 0.000121013651072 0.000122163571899 0.000130161045138 0.000141190404144 0.000156666723845 0.000170651516368 0.000190197117441 0.000210183256475 0.000230724582822 0.000253814128744 0.000278033470259
1.24649269758e-05 0.000246155961882 0.000626941629663 0.000860655720417 0.000989553588438  0.00109999527918  0.00113528421356  0.00118494608015  0.00129247626526  0.00122172800674 0.000837392918099 0.000526306586891 0.000470232624597 0.000263159143362 0.000186655574145 0.000146321223647 0.000124695976549 0.000116751707311 0.000116113973674 0.000118956309562 0.000127269139037 0.000138144895681 0.000153619536036 0.000168728758528 0.000188106831715 0.000208000113966 0.000228801053763 0.000251223226718 0.000274618810243
1.06273079439e-05 0.000253993575334 0.000618683443701 0.000878961289989  0.00105772109463  0.00121943640651  0.00126694787494  0.00125739640357  0.00130963100479  0.00121460514092 0.000814276590771 0.000511427302154 0.000447981680693 0.000269753922512 0.000191863909818 0.000150657225773 0.000125605006907 0.000117179229445 0.000115857949084 0.000117874920476 0.000124775559079 0.000135625277301 0.000150604849914 0.000164716877165 0.000183137380071 0.000203183522674 0.000223698275947   0.0002458637674 0.000268760268982
1.47238816957e-05 0.000225792922666 0.000608049333621 0.000880376452031  0.00107846974073  0.00125182474664  0.00125864219271  0.00117370740607   0.0012321136452  0.00119738411985 0.000890343745125  0.00054590547371 0.000440916528929 0.000252581526459 0.000146970960298 0.000124081226195 0.000114913186717 0.000105848017567 0.000105023460509 0.000113328982196 0.000122526952408 0.000132702213433 0.000146996217109 0.000163027444211 0.000180848814125 0.000200388517154  0.00022064930719 0.000242659309477 0.000265222195591
1.33916903943e-05 0.000249718663862 0.000572138165306 0.000779277497017 0.000882727229151  0.00096527924785 0.000878666511604 0.000844382494035  0.00109062422127  0.00121429973427  0.00100322158939 0.000681408829833 0.000463687074027 0.000310169630705 0.000130217644915 9.46455487115e-05  9.1427401245e-05 8.09456872221e-05 8.19000147329e-05 9.28740462369e-05 0.000104326106941 0.000119411218894  0.00013284774621 0.000152784236001  0.00017068223047 0.000190263715668  0.00021168243042 0.000233427250258 0.000256018319689
 6.8256710368e-06 0.000204923392265 0.000517100678871 0.000720771652618 0.000831374507255 0.000913863094813 0.000823149797839 0.000792400453131  0.00106039807786  0.00120308241111  0.00102363852821 0.000703767587315 0.000481683876329 0.000324679182063 0.000143807072357 0.000105333386998 8.40360292833e-05 7.55987475535e-05 7.39408990735e-05 8.27204070937e-05 9.39720294237e-05 0.000107596206409 0.000120007758016 0.000139913397391 0.000157845382299 0.000178001764335 0.000200577167763 0.000222632929273  0.00024496071506
9.97006284393e-06 0.000207862971817 0.000518019887068 0.000684585995401 0.000716014007569 0.000747492066099   0.0006018964025 0.000615522821955  0.00105201205733   0.0012941405911  0.00117516670992 0.000885225592387 0.000520524094818 0.000374664158631 0.000147297839806 0.000109438128682 8.70896909482e-05 7.24500215665e-05 7.33685677321e-05 8.02986996333e-05 9.01250807075e-05 0.000102465721581 0.000115275870954 0.000133901162559 0.000150908516923 0.000169723505925 0.000190565409759 0.000211336738664  0.00023345536779
 1.1069795448e-05 0.000200759916462 0.000469256686207 0.000509144883154  0.00035433333763 0.000251578799857 0.000254008269665 0.000564914347299  0.00107008299103  0.00132496144231  0.00115723086116 0.000744935784597 0.000598081974264 0.000473265039131 0.000173106803328 0.000115793905699 9.09837665455e-05 7.98790241933e-05 7.79312929444e-05 8.07064004518e-05 8.60640906809e-05 9.65464167237e-05 0.000108719162083 0.000124314977679 0.000140031556332   0.0001602758827 0.000180937041352 0.000201961415507 0.000223710390933
1.31561778306e-05 0.000192282287347 0.000455289429439 0.000449883810256 0.000333761232872 0.000360119567177 0.000492814008432  0.00073582719302  0.00112339782391  0.00138487434441  0.00121900074144 0.000694428281202 0.000719089465739 0.000610585410477 0.000196365239508 0.000127030406886 9.65566299863e-05 8.36601732621e-05  7.8296672494e-05 7.92601171102e-05 8.69246019644e-05 9.44270072651e-05 0.000106116043201 0.000119350731068 0.000135697049264 0.000151712687717 0.000170540049994 0.000191233940988 0.000211860506941
1.83912869869e-05 0.000155387549753 0.000399146782556 0.000425125355003 0.000343616632837 0.000306852641921 0.000394733852137 0.000670711271248  0.00112722052567  0.00141054004685  0.00121881851093 0.000673527490853 0.000692540390469 0.000595755473937 0.000219792126512 0.000147284024059 0.000100873241634  8.6972577136e-05  8.0514613414e-05 7.80696767097e-05 8.25967746815e-05  9.2325940085e-05 0.000103928852574  0.00011782733145 0.000133154222799 0.000151236793425 0.000169357607916 0.000189147042382  0.00020987953367
1.43410570816e-05  0.00025054406863  0.00050189051292 0.000524740807588 0.000378781718862 0.000287494856207 0.000384864211493  0.00070594566526  0.00115833342211  0.00143243300956  0.00125800030382 0.000739605347287 0.000548713029378 0.000522457281756 0.000285424903483  0.00021076044431 0.000116861541901 9.06349589794e-05  8.0247773014e-05 7.87434823225e-05 8.30462649282e-05 9.15623148747e-05 0.000103106463413  0.00011678737452 0.000131903078009 0.000149497001147 0.000167600230829 0.000186545802977  0.00020740614829
5.05181565444e-06 0.000182760486702 0.000469065720259 0.000558153842445 0.000427673096509 0.000317869306074 0.000373185380905 0.000694378860266  0.00113447483233  0.00140705592069  0.00126597916703 0.000757683916619 0.000553012433706 0.000556635559303 0.000255300289733 0.000167155692644 0.000117678243058 0.000101106493554 9.22499388596e-05 8.44706447062e-05 8.76084094027e-05  9.4013900859e-05 0.000104168689501 0.000114474293308 0.000130168103966 0.000146051688512 0.000163051232894 0.000182275498812 0.000202256020845
 9.8547136815e-06 0.000158824653086 0.000424121178799 0.000530004951758 0.000494568952145 0.000400348097912 0.000387889007769 0.000647129245356  0.00113956005519  0.00144764037243  0.00131077265211 0.000757194098333 0.000503403427996 0.000540528711928 0.000321632683434 0.000223890751108 0.000119805152193  0.00010002458605 9.20685901619e-05 8.92891726342e-05 9.10238190291e-05 9.58934856739e-05 0.000106473407521 0.000115253587163 0.000130906051279 0.000143945592861 0.000159436381739  0.00017750257188 0.000196872894032
1.48092857314e-05 0.000192526705837 0.000438462958863 0.000561302327075 0.000553730251603 0.000498263928222 0.000508521505644 0.000734659576034  0.00125714411171  0.00160769470573  0.00149282783695 0.000905949737715 0.000496018935736 0.000709226474581 0.000542789806426 0.000276038585887 0.000110209070664 7.52544497706e-05 6.77099785133e-05 7.26757276313e-05 7.78703056605e-05 8.59357099272e-05 9.63721470635e-05 0.000109340221511 0.000121910599879 0.000140068832136 0.000157348379522 0.000175653500646 0.000194996262605
1.31379508099e-05 0.000216805797314 0.000548207027195 0.000718314371132 0.000670445016485 0.000642301177246 0.000682594501756  0.00086062109999  0.00136586915005   0.0017307692728   0.0016019004062 0.000968442375717 0.000505819255938 0.000739257728481 0.000567345187673 0.000303379250027 0.000120334183139 8.33903055425e-05 7.15265813176e-05 7.02591849662e-05  7.3494483151e-05 8.01310094698e-05 8.89250183385e-05 0.000100910839309 0.000115018575385 0.000130425998295 0.000151344780669 0.000168933712297 0.000187582267697
1.18718404748e-05 0.000230343306026 0.000528295709138 0.000735335524051 0.000825041265846  0.00086153047787 0.000950136354334  0.00109714095216  0.00153886054819  0.00187770563954  0.00171691869997  0.00102472433171 0.000461104620135 0.000731994170189 0.000561813540916 0.000316183928721 0.000123642624244 8.08594714606e-05 6.80213342628e-05 7.01135144791e-05 7.24956776824e-05  7.8167856026e-05 8.72645172512e-05 9.93286193462e-05 0.000113045889447 0.000128342005152 0.000144971089083 0.000163632250991 0.000182160879121
1.24685365449e-05   0.0002004872891 0.000519316976604 0.000774653291583  0.00090467291163  0.00100558664025  0.00115362543757  0.00130297248608  0.00170838310531  0.00202851701974  0.00185071043256   0.0011089784266 0.000457080112402 0.000777206677032 0.000650742315342 0.000260254925407 8.55020009281e-05 5.35596917973e-05 4.64746761118e-05 5.24219399007e-05 5.94735793423e-05 6.81624812045e-05 7.73557786914e-05 9.31904616576e-05 0.000106064008053 0.000121762232324  0.00013964066313 0.000158232466804   0.0001766209519
1.80460398847e-05 0.000138865629436 0.000507072099044 0.000806382536697 0.000931982273802  0.00105144681109  0.00122424175228  0.00140848918161  0.00187012899856  0.00226169898603  0.00217011311033  0.00140939300969 0.000590897121521 0.000816142164525 0.000783025626487 0.000169941880536  4.6116944364e-05 2.99288333728e-05 1.95563935247e-05 3.35234973168e-05 3.86444892764e-05 4.98253260791e-05 5.70759432107e-05  7.5213637375e-05 8.73274744968e-05 0.000103312426345   0.0001227123276  0.00014310477916 0.000163527640722
9.83916090076e-06 0.000238866800984 0.000581738214875 0.000873468856997  0.00103815754316  0.00119216710361  0.00142920251458   0.0016848725703  0.00214932680972  0.00250877295204  0.00233864864279   0.0015596102579  0.00061408324788 0.000886992306032 0.000827548249549 0.000161320454179   5.282593643e-05 2.67170523983e-05 1.65848733828e-05 1.91062409079e-05 3.06491319574e-05 4.18286276938e-05 4.69034284732e-05 6.76453951467e-05 8.03097391843e-05 9.69676736987e-05 0.000114324266309 0.000129341260439 0.000146092484827
5.04596817206e-06 0.000199728465399 0.000558497726809 0.000910932497793   0.0011446134792  0.00136016757671  0.00163788110575  0.00186849434012  0.00220221408585  0.00242865888519  0.00216413138074  0.00144667810244 0.000475167115059  0.00102152541757 0.000996239574229 0.000282875971208 0.000117043916792  3.3036696668e-05 2.67492532068e-05 2.58336126233e-05 3.15092548096e-05 3.97059448828e-05 4.37022022646e-05 5.91945489954e-05 7.33175610689e-05 8.74749963156e-05 0.000101670096058 0.000116670606469 0.000135569781053
7.17574846308e-06 0.000187515905625 0.000633818349952  0.00105364233386  0.00127357736464  0.00150576576403  0.00182839293959  0.00208988094231  0.00237586998675  0.00253512820964  0.00222222050509  0.00144511163135 0.000367516576779  0.00106873800764  0.00104340747596 0.000274731866209 0.000135573130986 4.89332050556e-05 2.73237469576e-05 2.28134678913e-05 2.53922914836e-05 3.07863502169e-05 3.59486683928e-05  4.7374982529e-05 6.07861532682e-05 7.50842298602e-05 8.69022081169e-05  0.00010443058437  0.00012263601133
1.22593441821e-05 0.000200856755302 0.000612851543555  0.00103676929751  0.00137747202098  0.00171652913115  0.00213150017903  0.00244024297038  0.00265444432276  0.00269410362493  0.00227262921869  0.00143911383752 0.000306273644851  0.00104938505827  0.00104510633405 0.000333921975156 0.000192542784965 0.000111107932347 6.54001087627e-05 5.01462458381e-05 4.65976202097e-05 4.65312382814e-05 5.12916522104e-05 5.16162326919e-05 6.22575476561e-05 7.39600308851e-05 8.75303134951e-05 0.000102805114574 0.000120733570946
1.22633493358e-05  0.00016703211539 0.000626368679095  0.00113948565266  0.00153287374917  0.00192587575185  0.00240173796085  0.00277125942437  0.00295292168573  0.00290016819388  0.00240221642973  0.00150858613519 0.000320954853452 0.000958479488931  0.00094486886129 0.000397071233663 0.000260514187797 0.000131551282186 8.30587009328e-05 6.04178514137e-05   5.454546092e-05 5.16413423356e-05 6.02933828272e-05 5.76679579666e-05 6.61094034378e-05 7.58679004912e-05 8.54545200768e-05 0.000100560351269 0.000116017538374
 1.2982879647e-05  0.00022006513423 0.000707486138689  0.00125097179517  0.00164899181517  0.00205346702227  0.00254389933681  0.00291617108153  0.00306152919792  0.00296179798508  0.00249078710367  0.00172423260165 0.000768064434949 0.000391492640145 0.000608213862149 0.000370390141828 0.000199178702024 9.60811693645e-05 7.14475863124e-05 6.50348832869e-05 5.75584657795e-05 5.68926813862e-05 6.24503283924e-05 6.59200097041e-05 7.71048033968e-05 9.03952142987e-05 0.000100883057607 0.000115037150833 0.000131788641642
1.36966691213e-05 0.000203620836964 0.000765663067293  0.00133501166827  0.00168499204943  0.00204348135701  0.00249525574219  0.00289487257405  0.00312348131372  0.00311480762527  0.00275078157526  0.00211588373067  0.00121099116111 0.000454023504385 0.000387115969028 0.000347865754759 6.87512988142e-05 2.88636862441e-05 9.08686096121e-06 1.96643160802e-05 2.59781472925e-05  3.2800721272e-05 3.83882259697e-05 5.49612777639e-05 6.43926725608e-05 7.84826664303e-05 9.58290018307e-05 0.000110657356791 0.000126996257273
1.74585007456e-05 0.000210513164484 0.000829487619526  0.00141581573017  0.00175581359014  0.00210907263103  0.00256840614463   0.0029672628456  0.00315964268228  0.00310005412473  0.00273517790493  0.00208274966546  0.00117049724857 0.000470196907719 0.000648989946445 0.000537181513155 9.46520887388e-05 5.12171459586e-05 3.29729233839e-05 2.14159834455e-05 2.06202922625e-05 2.68889431122e-05   3.006573345e-05 4.35500458726e-05 5.27906615516e-05 6.50104390571e-05 8.11325951704e-05 9.49549064271e-05 0.000110865868523
1.05931444731e-05 0.000189853860991  0.00081417252189   0.0012978297137  0.00144922080575  0.00164508671692  0.00200896607736  0.00224208598747  0.00230887348459  0.00229045062878  0.00207520074781  0.00165162220451 0.000969760448699 0.000487514617373  0.00133076450869  0.00113398749045 0.000242032747149 6.62931228672e-05 3.70899389854e-05 3.02311461655e-05 3.03158585087e-05 3.11431493289e-05  3.5119738602e-05  4.0725565445e-05 5.04179279744e-05 6.21038500916e-05   7.161099242e-05 8.52746195145e-05 0.000101746429939
2.08422267454e-05 0.000214540234806 0.000769012937611  0.00118056123521  0.00127191209447  0.00136785893772  0.00161762445603  0.00182288071751  0.00199945331887  0.00211294466677  0.00198711139862  0.00162169432415 0.000949261059696 0.000443148106524  0.00141875064439  0.00120480632743 0.000275264302548 0.000138650657189 0.000102780335375 6.36389505262e-05 4.95587073576e-05  4.6237159516e-05 4.92020671081e-05 4.67721883125e-05 5.50881445568e-05 6.43869707314e-05  7.4164224027e-05 8.81909269973e-05 0.000103439176199
3.99577811873e-06 0.000187188637734  0.00084685080278  0.00129126920867  0.00133801817762   0.0014152028452  0.00165079633846  0.00186057082763  0.00204242313538  0.00215185466804   0.0020137368225  0.00162952764988 0.000928547358459 0.000325532761507  0.00135629992492  0.00119430862554 0.000337648040619  0.00019288154222 0.000146556753037 9.93681312849e-05 8.28454134676e-05 7.36737588728e-05 7.83669405283e-05 6.89719797844e-05 7.72286272998e-05 8.53568394456e-05 9.27232621259e-05 0.000104482638086 0.000119992505007
1.07795723698e-05 0.000190422997138 0.000858504629062  0.00134221594757   0.0014471653296    0.001569877622  0.00182411672879  0.00205990469232  0.00224422838452   0.0023194827513  0.00213501085099  0.00171833380694 0.000997948015476 0.000160049241194   0.0012285942503  0.00111953875092 0.000416547786343 0.000229099155434 0.000149746511459 0.000113583050213 0.000100374558519 9.27795068751e-05 9.62739169654e-05 8.58081426577e-05 9.47499236302e-05  0.00010168149896 0.000105695361176 0.000117803318855 0.000132216318277
3.75473215347e-05 0.000228043547058 0.000902487233043  0.00133825986797  0.00157820977544  0.00178607289357  0.00209021246244   0.0023817675574  0.00255776691657  0.00255287327683  0.00226153776164  0.00178194896762  0.00104080004004 0.000130890531842  0.00110148089456  0.00103842386986 0.000429837613187 0.000223192667105 0.000148781157069 0.000122470042437 0.000110873243121  0.00010314780688 0.000106949494242 0.000101312673895 0.000109203660167 0.000116481569275 0.000122791256049 0.000134794425778 0.000148891251549
1.52599321696e-06 0.000318821801447  0.00100734128606  0.00139442048858  0.00163222877239  0.00188903372038  0.00225699170839  0.00263637304741  0.00282350158459  0.00274790897398  0.00238086386583  0.00184720175761  0.00109474253876 5.02986967241e-05 0.000914644382011 0.000853152536499 0.000452091766323 0.000235879144168 0.000128167888871 0.000113839954396 0.000105430058886 0.000102782809728 0.000105897109379 0.000106128737673 0.000114299943069 0.000122829921149 0.000131533021375 0.000143674680428 0.000157529103601
4.19634208852e-06 0.000325230714034 0.000945295334941  0.00133422435341   0.0016269320719  0.00193435782532  0.00234472800899  0.00277155472128  0.00295542320811  0.00282027832531  0.00238539713479  0.00183669803922  0.00112259855955 0.000101382040337 0.000922473750235 0.000963265868751 0.000510392661211 0.000252729585127 0.000141148296745 0.000114409935711 0.000107616140675 0.000104789030068  0.00010727672091 0.000107840736222 0.000115234813565   0.0001233532135 0.000130582273251 0.000142452585795 0.000155419853243
1.77356663771e-05 0.000310639641024 0.000915983928128  0.00132203590669  0.00162177101415  0.00191696026349  0.00231839728959  0.00275531515748  0.00297685161488  0.00279550192792  0.00228303890032  0.00174711991887  0.00110699182105 0.000172177048698 0.000557979793253 0.000653588291518 0.000468854194467 0.000215749316396 8.03945567032e-05  7.1564177957e-05 7.27270188177e-05 7.78488251053e-05 7.94658399087e-05 9.44770034404e-05 0.000101434439005 0.000111840443291 0.000123371050342 0.000136164735336 0.000149748201879
2.77568358875e-05 0.000249960451076 0.000873573601086  0.00123539809866  0.00140713119116  0.00158326991075  0.00185687150764  0.00216743943453  0.00225416236942   0.0018762960882  0.00135296405105   0.0010613394859 0.000792223078929  0.00042299396533 0.000490629906316 0.000763922770327 0.000622808809781  0.00020902836729 3.24723916544e-05 3.03602830934e-05 3.07833342636e-05 4.14218535219e-05 4.33808933182e-05  6.6507528975e-05 7.32930636466e-05  8.4613514113e-05 0.000104043793408 0.000116031391334 0.000128837942202
1.66714023027e-05 0.000268023926614 0.000730655619184 0.000906081200363  0.00088796993692 0.000830858564236  0.00090107818469  0.00107377093754  0.00103762180173 0.000803720364204 0.000769100679601 0.000875443103627 0.000771964065396 0.000503841312389 0.000696724719913  0.00130319287298  0.00099554865204 0.000204093141672 3.37405603957e-05 1.60504281037e-05 1.90827562222e-05 2.51361208907e-05  2.4486362551e-05 4.22776724113e-05 4.73567452357e-05 5.92897481462e-05 7.63611377224e-05 8.91901006493e-05 0.000102225726806
1.41494916382e-05 0.000227277568149 0.000695248505111 0.000819465059086  0.00070565526499 0.000574668018196 0.000564428909593 0.000666508028325 0.000608238253746 0.000546156971486 0.000739100258218 0.000904808968984 0.000801668607389 0.000508561320642 0.000652091315315  0.00129610493042  0.00100770928949 0.000232235801718 8.28176590995e-05 4.47399572625e-05 3.08031244337e-05 2.97315018546e-05 3.11924527323e-05 3.77873403162e-05 4.47619355705e-05 5.35446943074e-05 6.44027659431e-05 7.62755576067e-05 8.90457186283e-05
1.71028009028e-06 0.000222167718806 0.000680937732266 0.000836699685172 0.000768747762502 0.000679062962594 0.000698193073593 0.000809425682043 0.000783729051222 0.000659582860988 0.000726165913597 0.000863032989892 0.000769024024964 0.000470132276536 0.000648640595887   0.0013125119509  0.00106312322654 0.000316494923223 0.000150760371599  0.00010303735492 6.90908755767e-05 5.61949816359e-05 5.76178425892e-05 5.07489248491e-05 5.61908336834e-05 6.17061607132e-05 6.63896462092e-05 7.64846029161e-05 8.76232316409e-05
 1.5490380057e-06 0.000219010707819  0.00068180318071 0.000861211045577 0.000829204790817 0.000758461926482 0.000773343053624 0.000865379051123 0.000841746614207  0.00067152173261 0.000704688204262 0.000860005314214 0.000792412819289 0.000478394059691 0.000484396162268  0.00104486340234 0.000880614216719 0.000283746430068 0.000151265166608 0.000102046910355 8.06860572892e-05 7.18914988433e-05 7.26973155007e-05 6.52563325574e-05 7.09725173386e-05 7.65268454718e-05 8.15863646202e-05 9.03650214856e-05 0.000101818751233
1.49320116313e-07 0.000217837600613 0.000678163123886 0.000856253096749  0.00082272103252  0.00074062615987 0.000730073642536 0.000795087106545 0.000774590621703 0.000668325051779 0.000817004145497  0.00099668008769  0.00092902387043 0.000541026237606 0.000398937742277  0.00105394235669 0.000910300011662 0.000403044005542 0.000255871519431 0.000128307798064 9.57379734316e-05 8.53255821556e-05 8.54770080431e-05 7.77914029871e-05 8.32906749239e-05 8.87297604852e-05 9.36791176696e-05 0.000103101985468 0.000114636972646
2.99265439509e-05 0.000215398255456 0.000676433986763 0.000865317179902 0.000847166319086 0.000775441071486  0.00076841436158 0.000830969575085 0.000888589562598 0.000892210227348 0.000960787815908  0.00109156738701 0.000993332832469 0.000559233298225 0.000362898892271  0.00106836922475 0.000980569615977 0.000462081839664 0.000315796951333 0.000157004687339 0.000100402810877 8.91428959233e-05 8.98356749641e-05 8.55717743453e-05 9.03850664683e-05 9.68277288172e-05 0.000102227727853 0.000111404825073 0.000122642613082
2.65574185959e-05 0.000212651591287 0.000678356466931  0.00088807423203 0.000901019652021 0.000855667586656 0.000869765942145 0.000954767686398  0.00108274206569  0.00111684296784  0.00115109819056  0.00124617278693   0.0011212267988 0.000643962313246 0.000316014065094  0.00101516612275  0.00102466220534 0.000533645837984 0.000312774723163 0.000150111610029 0.000110457517706     0.00010086901 0.000101009412891 9.73241677552e-05  0.00010145027123 0.000106684653667 0.000111233480983 0.000120047759014  0.00013082039023
