0.000309076062083 0.000569946592813  0.00045358048705   0.0019376597704  0.00344039641062  0.00441152832154  0.00460192469614  0.00420242928115  0.00322646732341  0.00284455884383  0.00276253351565  0.00283251919258  0.00302072272017  0.00300741093317  0.00304484527291  0.00312716470613  0.00327576257818  0.00327268682835  0.00330356762158   0.0033809727277  0.00341605949705  0.00345540533578  0.00346295479955   0.0035087978769  0.00351595115854  0.00353030512626  0.00356021501821  0.00356585300583  0.00356454455083
0.000181024513506 0.000102112274848  0.00116908767694  0.00286102383586  0.00408066825284  0.00481249837501  0.00487963636104  0.00443620641876  0.00343510788845  0.00255294015245  0.00227664953205  0.00234095592681   0.0025378919345  0.00251583787823  0.00255900865009  0.00266776731824  0.00285971784992  0.00286467471305  0.00289758279536  0.00303328910052  0.00310937580764  0.00317377556886  0.00317387944472  0.00329824089128  0.00330197586953  0.00332354373828  0.00338474108009  0.00339364305096  0.00339994408633
0.000247748676439 0.000443569701404  0.00181775652272  0.00299200971721  0.00373693018196  0.00412515956885  0.00408524273698  0.00377085781454   0.0031090169104  0.00228939765195  0.00167765023603  0.00171234766069   0.0018330197327  0.00180938381958  0.00182630855112  0.00186981980478  0.00196835488493  0.00195643475824  0.00197456384967  0.00204222204554  0.00207296176111  0.00210193903629  0.00210468942162  0.00215060387665   0.0021409320868   0.0021506897986  0.00217062553283  0.00217095788703  0.00217716150556
0.000187789943515 0.000669033994987  0.00142246286205  0.00166119819695  0.00169282375535    0.001614942118   0.0014254507258  0.00117340934655 0.000831834318849 0.000413967671044 0.000282812548439 0.000755722228821  0.00102169198678  0.00102382182794  0.00103683958601  0.00104252043104  0.00103576616146  0.00104833532302  0.00105693612711  0.00107575313882  0.00107719239922  0.00107397799731   0.0010548804453  0.00105681089303  0.00107143800527  0.00105356879667  0.00106315493602  0.00106759593493  0.00106740277738
0.000190211287866  0.00239274344081  0.00261102317599 0.000642856071609 0.000471095650008  0.00105138986822  0.00142372748712  0.00166870105534  0.00180546006471  0.00186031128059  0.00183744622629  0.00170991774103  0.00163178840022  0.00167253056911  0.00169768447724  0.00172694186258   0.0017606871972  0.00177259838583  0.00177632830279  0.00177901438743  0.00178813323648  0.00181193305184  0.00180859925177  0.00180770969677  0.00179834095739  0.00181912892357  0.00184047784205  0.00183483056652  0.00182327597663
0.000188361312992 0.000516626590422  0.00111393183637  0.00142088357574  0.00075617982045 0.000338432336337   0.0011242897201  0.00174735073176    0.002135296309  0.00230788388557    0.002296850643  0.00207953579882  0.00193612451642   0.0019618980321  0.00198239162997  0.00200040232582  0.00201767878111  0.00201020682341  0.00201451426737  0.00201160472894  0.00201614052542  0.00200578688465   0.0020285144517  0.00204464997779  0.00204190233246  0.00204425412007  0.00202777985178  0.00203112843887  0.00204402749719
0.000189806649784 0.000353741649193 0.000873237043245 0.000945955504918 0.000693515431405 0.000288053493124 0.000409799882125 0.000837877008194  0.00119228773947  0.00146871356322  0.00167500774687  0.00196181768557  0.00217543309683  0.00219262005208  0.00220709787304  0.00221633941645  0.00222750129332     0.00223225133  0.00224845485251   0.0022702587771  0.00227601365041  0.00228144615422  0.00227848080456  0.00227641835918  0.00227991954051  0.00227476487693  0.00228229680853  0.00228099705022  0.00228662060218
 0.00026735007276 0.000598986195419  0.00100026045825 0.000157842034988 0.000613341301607 0.000980362811928  0.00116448180681  0.00137364788907  0.00159451229468  0.00183246582167  0.00205036422507  0.00224668680447  0.00235460168934  0.00236411451452  0.00236762478334  0.00237107129939  0.00237001130823  0.00237367445972  0.00237173919543  0.00236813129183  0.00236895448964   0.0023786417174  0.00235878106979  0.00237241648776  0.00237008197811   0.0023686129339  0.00236393682448  0.00237148981533   0.0023539361174
0.000234631571015 0.000204901388525  0.00116012462846  0.00158620175956 0.000921157221509 0.000346141991877 0.000925789592424  0.00147399362623  0.00182583865487  0.00208461557654  0.00227857010138  0.00248004072926  0.00262569033969  0.00262377168965  0.00262560959828  0.00263298200414  0.00263879800483  0.00263661590579  0.00264616689106  0.00264637180566  0.00263840622937  0.00262390288008  0.00262659699883  0.00263481092943   0.0026461226697  0.00264947386183  0.00266323558787  0.00265933819523    0.002672980673
0.000253233631323 0.000260273037625  0.00193686177315  0.00100331816836 0.000601743861113 0.000943342441844  0.00103567610517  0.00125928270665  0.00156972027126  0.00194013273222  0.00231922733843  0.00273162083048  0.00296889411645  0.00297050529092  0.00297509484806    0.002971147825  0.00297019113134  0.00296775236646   0.0029527466638  0.00295133379064   0.0029533066071  0.00294899050183  0.00294845956896  0.00294512281398  0.00293928051361  0.00293257644543  0.00291842282329  0.00291590426074  0.00290877887304
0.000292836473204   0.0017346378656  0.00264959486408  0.00350785850117  0.00426246327006  0.00357142034861  0.00271568161105  0.00207805205521  0.00198061172301  0.00227754944394  0.00277699322308  0.00335284404601  0.00377400606889  0.00392532294373  0.00393185646708  0.00393143766048  0.00391651798994  0.00391829826394   0.0039151606534  0.00389374667434  0.00388492490886  0.00387419668875  0.00387036471236  0.00385783433973  0.00387139228977  0.00387207168367  0.00385862585925  0.00385229395612  0.00385454151291
0.000237223142102 0.000953482766015  0.00301538215833  0.00395811374448  0.00368340636081  0.00334101169596  0.00305158585728   0.0029409128627  0.00295495342845  0.00313457239483  0.00338101998717  0.00371620610916  0.00402930043195  0.00410885169777  0.00413228499214  0.00417411890047  0.00425124695299  0.00424809491361  0.00425902641649   0.0043144331068   0.0043307334711  0.00436563606955  0.00436359421719  0.00437324082994  0.00437739063303  0.00439292584602  0.00440851267927  0.00440971321715  0.00438875705373
0.000347167108051 0.000591983716584  0.00429200475885  0.00464723484634  0.00252530089727   0.0018328286665  0.00277278363351  0.00374939176636  0.00441727951818  0.00473141796694  0.00477557005407  0.00464082159231  0.00435812280767  0.00419833872636  0.00419959077226  0.00419023941804  0.00415745519474  0.00415399813077  0.00415678124963  0.00414484995806  0.00415359159707  0.00413280708837  0.00413950643115  0.00413908811388  0.00412887041713  0.00412322804812  0.00410937795934  0.00410681118231  0.00412642768833
0.000281185191851  0.00158322066237  0.00631757283167  0.00717124937283  0.00589539540352  0.00509080669329  0.00437000010788   0.0038852971068  0.00365558868287  0.00364461214844   0.0037458092447  0.00389114066159  0.00407701266457  0.00418215258072  0.00417338709181  0.00417619107731  0.00418669786824  0.00419476781509   0.0041971670519  0.00420313422806   0.0042017348882   0.0042142269887  0.00420212443538  0.00423005455695  0.00423505190736  0.00423628584478  0.00425052095999  0.00425674378921  0.00427500862986
0.000288040953444 0.000637878833649  0.00305079858317  0.00236265858773  0.00208730315919  0.00297189707407  0.00381266530951  0.00444662860512  0.00475847350637  0.00486092601284  0.00484916552628  0.00485287569065  0.00490219540303  0.00491339928432  0.00492196389151  0.00494239541453  0.00495985667387  0.00495446978127  0.00495147336119  0.00494807858506  0.00494779227177  0.00494177784262   0.0049403316523  0.00493021166776  0.00493717423726  0.00493350075426  0.00495059385671  0.00495573452769  0.00493750337311
0.000589261400403 0.000743230811266  0.00226582782216  0.00282095633083  0.00252627515472  0.00276367307118  0.00315165820124  0.00360539324701   0.0040305531547  0.00439345894086  0.00460940072498  0.00467907643921  0.00456880478367  0.00445870145921   0.0044599833434   0.0044594024899  0.00448567464941  0.00449276849001  0.00449750193501   0.0045231437139  0.00454917005023  0.00456081424087  0.00457158729808  0.00458675380674  0.00458265759459  0.00459394629189  0.00459439526117  0.00460143476167  0.00460555061459
0.000160386514891  0.00144913781201  0.00444921021651  0.00409817896057   0.0046840959201  0.00436818352554  0.00389993776596  0.00341536147506   0.0034184067996  0.00365283243875  0.00400816528635  0.00432801539708  0.00472960195393  0.00501916491448  0.00500718685756  0.00497424609044  0.00491359357702  0.00490088251029  0.00491011908881  0.00487718305061  0.00483618292927  0.00481828911489   0.0048294044832  0.00480858774517  0.00481493984587  0.00482135054019  0.00481657550134  0.00481987159489  0.00481428575466
0.000206192786324  0.00108886683848  0.00312775048718   0.0042363594877  0.00466337276328  0.00509852045309  0.00495499952464   0.0047917236549  0.00469835846206  0.00469945498167  0.00474126107096  0.00496270187657  0.00541348843079  0.00589082199334  0.00607599761366  0.00608775470934  0.00611422522573  0.00612745708473  0.00611181560963  0.00612143917709  0.00615049216576  0.00616257176701  0.00616479833523  0.00617098939838  0.00617556884206  0.00617835563026  0.00618294886855  0.00618941301877  0.00620901105633
0.000167251115499 0.000950527271362  0.00280359107377  0.00429668815951  0.00564971194903  0.00619529741178  0.00630706250802  0.00651664046319  0.00664850857967  0.00667313570366  0.00658516809668  0.00651182284517  0.00651877646782  0.00636313445232  0.00627459789001  0.00632732455436  0.00643158569293  0.00642997348013  0.00647203454617  0.00655649950601  0.00659430699668   0.0066398619019  0.00663784341161  0.00672069763768  0.00672464973214  0.00674170956522  0.00678751396637  0.00678924682401  0.00678815342578
0.000216474473761 0.000704627486561    0.001635671019  0.00271476196517  0.00355725281016  0.00445793295423  0.00565114369713  0.00654110019888  0.00705144290397  0.00727395984854  0.00722020819708  0.00694936792334  0.00643732412599  0.00600907252247  0.00591627853807  0.00590777144434  0.00589676826184  0.00590234734272  0.00589727532001  0.00589396312223  0.00589884249555  0.00590004852394  0.00592229517667  0.00591781062134  0.00593166530793  0.00592523022144  0.00592473884899  0.00594444809215  0.00596117069772
0.000173860420949 0.000884770155426  0.00241489390634  0.00357048851244  0.00406777105077  0.00408642888199  0.00431614667828  0.00467451698482  0.00499420032689  0.00523922146548  0.00538170815292  0.00547681442035  0.00554854668992  0.00557068492522  0.00557633624011  0.00558237671196  0.00560113397726  0.00561092439213  0.00562816698816  0.00563857467864  0.00564581241177  0.00566044225466  0.00567123106379  0.00566301581802  0.00567666253664  0.00570089696237  0.00569589915688  0.00568980092969  0.00569003746519
0.00019705429412  0.0013028856853 0.00352161253885 0.00621355969751 0.00714061377985  0.0058851867458  0.0052829318092 0.00499298295644 0.00491939826635 0.00488762202494 0.00496695588373 0.00505094271648 0.00517250786148  0.0054255386922 0.00548136921687 0.00543883926271 0.00536793516082  0.0053784558836 0.00537131457015 0.00533455592336 0.00531114567695 0.00530858960434 0.00531467557144 0.00528549531541   0.005287739788 0.00528887900267  0.0052898778979 0.00529696523809 0.00530643581695
0.000179830022833 0.000753890488764  0.00215471900968  0.00328000989774  0.00407252866904  0.00442270580211  0.00471842469423  0.00501745923445  0.00521633464415  0.00538571426233  0.00550060750015  0.00565573087774  0.00587381934513  0.00600974020606  0.00606206561427  0.00608141243984  0.00613255497801  0.00612362395585  0.00614682584306  0.00618757878646  0.00620965022526  0.00623521752547  0.00623845475968  0.00627880985168  0.00628911128994  0.00629043344081  0.00630454375857  0.00631481948241  0.00632267460539
0.000204262328618 0.000661179000742  0.00191974421602   0.0032639526806  0.00413962693044  0.00455575618804  0.00481679377113    0.005142652663  0.00543985024641  0.00571920501549  0.00591072041918   0.0060646153239  0.00618166414088  0.00616933535495  0.00614072494126  0.00615604344829  0.00619511281665  0.00619668287002  0.00620228047729   0.0062421714808    0.006269337127  0.00626927089986  0.00627990512044  0.00629920795866  0.00631316054978  0.00632569900778  0.00633264366327  0.00633891988497  0.00634603940366
0.000185875338788  0.00075259904746  0.00206125168234  0.00301793865959  0.00366895943363  0.00408855573539    0.005051513504  0.00576162945831  0.00601072529998  0.00607792076836  0.00608876899709  0.00613494160918  0.00619712946703  0.00622254551191  0.00624264040393  0.00624530220292  0.00626076363848   0.0062584373271  0.00626858298765  0.00628054787509   0.0062926820988  0.00630749151749  0.00631423916669  0.00632943157783  0.00632451231181  0.00633501632915   0.0063455317259   0.0063515217615  0.00634433852169
0.000193577278808 0.000720040625146  0.00201114458148  0.00323216704362  0.00422257107407  0.00432576698164  0.00413953504325  0.00435814515702  0.00460287220158  0.00487280507276  0.00512386149973  0.00531940579468  0.00543732931527  0.00544771562241   0.0054460842273  0.00546285580751  0.00548994633323  0.00550181475764  0.00551428316409  0.00553451436592  0.00554862339527  0.00556098258183  0.00557142380504   0.0055995548443  0.00561374576336  0.00562157822975   0.0056381113552  0.00564239855997  0.00565458638439
0.000177257446256 0.000709405977907  0.00207924419096  0.00316688213926  0.00389521660224  0.00388864560686  0.00406734288995   0.0044710042128  0.00476521640702  0.00492078318548  0.00500466007851  0.00507599011796     0.00514567232  0.00524804223136   0.0052997970263  0.00529722126508   0.0052754812628  0.00528282893245  0.00528702341068  0.00527974453357  0.00528443885761  0.00528453709293   0.0052946702601  0.00528299062155  0.00528866251882  0.00529288700199   0.0052916149999  0.00529756425615  0.00530708347653
0.000193492499428  0.00071358354427  0.00192398631871  0.00272322234102  0.00310633415951  0.00325871488898  0.00330641424455  0.00349646397224  0.00365680770196  0.00383026635676  0.00399333721983  0.00419423305566  0.00440675038952  0.00449917691297  0.00454247479351  0.00457830126199   0.0046578753547  0.00467335306679  0.00469747980841  0.00475463332927  0.00478531851256  0.00482338413855  0.00483972907838  0.00487930313285  0.00489341363829  0.00490762226579  0.00492170659235  0.00493446419768  0.00492479459449
0.000215638851702 0.000595693691749  0.00156050572085  0.00246685375052  0.00323372815398   0.0034737531404  0.00351535090265   0.0035448760297  0.00359194275015  0.00364705188519  0.00372533925907  0.00380005882422  0.00386746501178  0.00396648405876  0.00401606959552   0.0040071006037  0.00398853387528   0.0039984912012  0.00400799054483  0.00400328134071  0.00400482541044  0.00401201313566  0.00402381520991  0.00402655706155  0.00404508322097  0.00405485169378  0.00405841996781  0.00406754930521  0.00408840584946
0.000215210098982 0.000663010579728  0.00176029881112  0.00239393729962  0.00284470071296  0.00311948427295  0.00335845661041  0.00355550440257  0.00370135812016   0.0038046953304  0.00387595576186  0.00393056249641  0.00397467038359  0.00401209665923  0.00407809394403  0.00409066065265  0.00410911658354  0.00412483778076  0.00414049042435  0.00415796577532  0.00418266090545  0.00420370564317  0.00421022580898  0.00423353544473   0.0042411577781  0.00425202076783  0.00426784462577  0.00427513044668   0.0042831476303
0.000192956007431 0.000729144460108  0.00199299767883  0.00279079100651  0.00320429802041  0.00342454973854  0.00360892158266  0.00378718509769  0.00392533023393  0.00405048116466  0.00414161737893  0.00422816445097   0.0043112209881  0.00435418542866  0.00440211450549  0.00444277893355  0.00447383351083  0.00448937017674  0.00451143697141  0.00454602407184  0.00456493809746   0.0045853736752  0.00460977315312  0.00462928731984  0.00464256416999  0.00465856948863  0.00467633498147   0.0046855569391  0.00469381320964
 0.00018707908988 0.000800382767147  0.00218481179714  0.00303646412452  0.00341614380348  0.00366071012231  0.00380963595688  0.00394951833376  0.00407832623885   0.0041927399595  0.00430031274192  0.00438950025493  0.00445386889321  0.00451542810769  0.00455682752735  0.00457458971967  0.00456506203721  0.00458166246088  0.00459709657133  0.00459911662402  0.00461884595928  0.00463145564825  0.00464855240817  0.00465648918037  0.00467102753725  0.00468240838878  0.00468905018207  0.00470207081233  0.00471309841646
0.000198962307375 0.000676617469469  0.00178814908747  0.00251882721578  0.00277183149002   0.0029493101385  0.00313229464724  0.00334959568357  0.00351750264247  0.00368503219427  0.00379429384721  0.00392240355868  0.00407331458068   0.0041249700556  0.00417515945491   0.0042271319664  0.00431451351761  0.00433337781735  0.00437012354944  0.00443690941474  0.00447330171356  0.00450927399354  0.00453315540442  0.00457537729735  0.00459564077201  0.00461841689319  0.00464843813329   0.0046561160971  0.00466597108565
0.000214304928798 0.000655218852483  0.00179281270077  0.00247702875929  0.00269778641592  0.00272495228593  0.00277829296717  0.00288243955516  0.00303588705743  0.00319562808194  0.00333490661565  0.00343350761137  0.00348983748335  0.00352147957259  0.00353059907337  0.00354376273996  0.00354987244207  0.00357108448466  0.00359231592808  0.00360838161597  0.00362841945519  0.00364654356352  0.00366843079773   0.0036869774073  0.00370061690156  0.00371764465906  0.00373139146315  0.00375129049121  0.00376489307118
0.000360746434002 0.000470291984188 0.000866720141259  0.00101120349681 0.000861372844445 0.000910892956638   0.0011361891282  0.00144691530067  0.00168597709264  0.00185935010124  0.00192614530534  0.00193584214814    0.001889245792  0.00168651364206  0.00149610651822  0.00150736875702  0.00165069343101  0.00166372306249  0.00171829693491   0.0018041419621  0.00187729564678  0.00192057451707  0.00194932189478   0.0020130912941  0.00205372185938  0.00207566998365  0.00209921112772   0.0021441687997  0.00215905838752
0.000319325808184 0.000380473494672 0.000802852230821  0.00113071466088 0.000926248143726   0.0005238158687  0.00111166152035  0.00186605327898  0.00246759026724  0.00283461529025  0.00291212642745  0.00267548791763  0.00211988534216  0.00133948810052  0.00106478021548  0.00111972511932  0.00120360891264  0.00122313618214   0.0012612444833  0.00132739750337   0.0013594784113  0.00139721692735  0.00142288939518  0.00145766232695  0.00148113757985  0.00150353218703  0.00153134051402  0.00152996546155  0.00155818494361
2.74277765356e-05 0.000333082310268  0.00069281776179 0.000617691914639  0.00060166481923 0.000594882878087  0.00113558249666  0.00184987609515  0.00243808022977  0.00277890539351   0.0028007532959  0.00246737090407  0.00182411860921  0.00113355518224  0.00100501227014    0.001038216498  0.00110669999032  0.00112826260262  0.00116041394344  0.00122789519528  0.00126130594248   0.0013180514996  0.00132692696683  0.00139548497164  0.00139758324838  0.00141866889847    0.001457379714  0.00146546118413  0.00148488978163
8.32058799283e-05 0.000390543304292 0.000730676462616 0.000844091345385 0.000615664043738 0.000458681425262  0.00106809291242  0.00168512132284  0.00212088502783  0.00229900315227  0.00216023114715  0.00170919755191  0.00110137073702 0.000909469037852 0.000927078690977 0.000962392408003  0.00104446101453  0.00107622564403  0.00110108384257  0.00116084206956  0.00119833740454  0.00123310326701  0.00125877708072  0.00130685748261  0.00133784604093  0.00135840407559  0.00139429798561  0.00141803710445  0.00142952789112
0.000138355144315 0.000780580187346  0.00103699713436  0.00116641795292 0.000928856545687 0.000342613477405 0.000704403624857  0.00138476427001  0.00185482740148  0.00205928772373  0.00195868024818  0.00156031263964  0.00104346710959 0.000891981084945 0.000910024245059 0.000944664521148 0.000993160644598  0.00100710332489  0.00104246595128  0.00109080772584  0.00113319920414  0.00115824877114  0.00119181491151  0.00123863635861   0.0012529751096  0.00128824587041  0.00131941323148  0.00134121062682   0.0013485207607
5.51493660922e-05 0.000512236845443   0.0008208054481  0.00100186482934  0.00082263413622 0.000441715192244 0.000914577078253  0.00154281606982  0.00198620300291  0.00213424055887  0.00190292749323  0.00131213928519 0.000890853099142 0.000820245002838 0.000826580401905 0.000870984431176  0.00092841790878 0.000953051238983 0.000984422591679  0.00103612714532  0.00107361695184  0.00113634992374  0.00114605745795  0.00119427281936  0.00121083216999  0.00123978148345  0.00126948329529  0.00128849042074   0.0013071611026
7.47576576729e-05 0.000397745361976 0.000707934258401 0.000896871205844  0.00070140445963 0.000504649679849  0.00111023490822  0.00172142852172   0.0021008892514  0.00213657903725  0.00175602257853   0.0010258815861 0.000775574968434 0.000760540805126 0.000776875431756 0.000810343920599 0.000868167862594 0.000889941208016  0.00092683740102 0.000978610222356  0.00101841785642   0.0010582982142  0.00108137726317  0.00112804846416  0.00115934490117  0.00117980924463  0.00121426367407  0.00123599392884  0.00125240023338
 4.1621303003e-05 0.000458053966642 0.000775852485144  0.00104186972431 0.000913777130552 0.000594771123433  0.00110526534767   0.0017438282728  0.00215968783027  0.00221110613162  0.00180728553229  0.00102633270084 0.000773841158604  0.00075950126457 0.000760502313716 0.000786953984883 0.000846940698913 0.000870019069839 0.000902707064426 0.000953578827809 0.000996977999849   0.0010213600528  0.00105282894697  0.00109085757203  0.00111034198305  0.00113965339291   0.0011659129757  0.00118845205676  0.00120603074839
9.81659528302e-05 0.000424353286758   0.0010853875513  0.00185482762489  0.00260076011269   0.0034437287421  0.00311125939877  0.00299618530315  0.00294068566545  0.00251468848575   0.0015101479347 0.000804322234809 0.000731374885565 0.000714370084599  0.00072874198603 0.000764102463001 0.000815334422863 0.000838421440417 0.000871572417361 0.000921713767712 0.000961417727016 0.000992122096637  0.00102008060073  0.00105476328468  0.00107714062252  0.00110203894025  0.00112856692292  0.00115045173688  0.00117107031965
9.86532216734e-05 0.000470515150818 0.000785280195131  0.00103292341455 0.000982338449586 0.000840978340305  0.00120322273873  0.00168483840142  0.00182235330323  0.00157909493728   0.0010267741663 0.000777660634716 0.000752682572804 0.000737972057847 0.000743363552778 0.000755714061044 0.000790475317245 0.000813915318847 0.000843582050169 0.000883127348702 0.000915782606442 0.000947051199012 0.000974123566126  0.00100793100657  0.00103555525314  0.00106241054071  0.00108686969376    0.001111714431  0.00113314874471
5.17649636293e-05 0.000434182661622 0.000871428983007  0.00134063893525  0.00154580566369  0.00127479934491   0.0009818603102  0.00108578813193  0.00126045960764  0.00123204192807 0.000926361099482 0.000753464523797 0.000728834622282  0.00071485460598 0.000720938614874 0.000741106788991 0.000763617621479  0.00078981559661 0.000816744882747 0.000848524585948 0.000877929054573  0.00090965774247  0.00093554001123 0.000972184068368 0.000996976663002  0.00102249446657  0.00105577733462  0.00107823366233  0.00109878377511
2.27895609523e-05 0.000370613882879 0.000707978068787  0.00100186221862 0.000919370576859 0.000484587377047 0.000919197310464  0.00154401160547  0.00189347331341  0.00174758022064  0.00102816853114 0.000690917183242  0.00067325793063 0.000655936144767 0.000663936247392 0.000688633265829 0.000728436729152 0.000749789252706 0.000777864100663  0.00081232863475 0.000846024770937  0.00087877013802 0.000905698544961 0.000943024318102 0.000969515643375 0.000992916810334  0.00101781899711   0.0010416123786  0.00106258898496
 2.0237661081e-05 0.000407737214447 0.000848565304615  0.00135355757379  0.00152156111513  0.00113841808562   0.0013544000072   0.0020480572234  0.00237304668162  0.00195620303452    0.001005308025 0.000653303749468 0.000642171589553 0.000627998958356 0.000634196940028 0.000657337230745 0.000692477944059 0.000716038383459 0.000746386925932 0.000783337304424  0.00081769181288 0.000850888302709 0.000879132213518 0.000910843245184  0.00093485961515 0.000962383378178 0.000988229179542  0.00101183362048  0.00103381642039
3.36647016572e-05 0.000358913396676 0.000728096767314  0.00114167164665   0.0014494204129  0.00153176762143  0.00181631193605  0.00226259909323  0.00219833437151  0.00133034201844 0.000754720569341 0.000645151447718 0.000615782509386 0.000598450287246 0.000604881740953 0.000626228447675  0.00066204406968 0.000685421072551 0.000715252652177 0.000754487040184 0.000787502045231 0.000818196221648  0.00084586558168 0.000880279172732 0.000906999767819 0.000932350187578 0.000960820981052 0.000981128521327  0.00100231646261
1.81879016958e-05 0.000297652153569 0.000661805414267 0.000992877196938  0.00117283284229  0.00122880834603  0.00155392171232  0.00204825332928  0.00207996291444  0.00129704414886 0.000760999950012 0.000647327004633 0.000606250220154 0.000588197608816 0.000590887636534 0.000609481810834 0.000642605242026 0.000665304745329  0.00069355528132 0.000730625595781 0.000762334674026 0.000794184606277 0.000822152201595 0.000854340792755 0.000879746745233 0.000906153240713 0.000932314405954 0.000958991353446 0.000981572243943
7.86160215842e-05 0.000393655371883 0.000695279609005  0.00105948864501   0.0011421521526  0.00106174975283  0.00140887316914  0.00193732629621  0.00199551743994  0.00123401428229 0.000725319849547 0.000621094315896 0.000584474691575 0.000566432030412 0.000569642973561 0.000586540186891 0.000615728982499   0.0006387337151 0.000666650481641  0.00070073130715 0.000732105813458  0.00076362072964 0.000792705892582 0.000827166806964  0.00085261536681 0.000880776966491 0.000909800288969  0.00093280765303 0.000954996025879
5.80874353156e-06 0.000325385077491 0.000705476198857  0.00112836382234  0.00116670875175 0.000920957824674  0.00120604803256  0.00179860857474  0.00169822889208  0.00101998308196 0.000709665870617 0.000611050967664 0.000570207720517 0.000551353853507 0.000553566315519 0.000568746191131  0.00059331488669 0.000615839726448 0.000643203618734 0.000675731177097 0.000707669314169 0.000739677541916 0.000767068241315 0.000799556766163 0.000826115043761  0.00085217799384 0.000878926888231 0.000902787853428 0.000925847641077
3.98656360132e-05 0.000253730588567 0.000710011355102  0.00108921100061  0.00101314188295 0.000799730933031  0.00118270287777  0.00167665469298  0.00151091250368 0.000970389552345 0.000696522590572 0.000593880895241 0.000552462459533  0.00053327920002  0.00053390065143 0.000548374428472 0.000574454626759 0.000597230048686 0.000624405457384 0.000656763622864 0.000686989620202 0.000717059473631 0.000745047484072 0.000776758491734 0.000803699617535  0.00083033387756 0.000856994785492  0.00088182260121 0.000904497539893
3.35982429082e-05 0.000302587644356 0.000713406388559 0.000980572068253 0.000974303360547 0.000853000630816  0.00140390935812  0.00166452156562  0.00129905120566 0.000921028491141 0.000685910994872 0.000580295172218 0.000535452929402  0.00051543472364 0.000515611105094 0.000528625672796 0.000552206897279 0.000574653445969 0.000601349490217 0.000632018439599 0.000662416306936  0.00069368372003 0.000721741902179 0.000753304672016 0.000780644507413 0.000807172142563 0.000834450308577 0.000858658920151 0.000881868601908
6.07429765775e-06 0.000301882137794 0.000737053521567  0.00106964982308 0.000993671703075 0.000828119937845  0.00137402736297  0.00163531926569  0.00127245763335 0.000902985338516 0.000669855553081 0.000562231627537 0.000517344189122  0.00049646966703 0.000496147509361 0.000509883164325  0.00053351698433 0.000555668493963 0.000582335197629 0.000613664849632 0.000643613712103 0.000673039454538 0.000701270018241 0.000731487795862 0.000759072126005 0.000785930742504 0.000812794706791 0.000838000564171  0.00086125556737
3.56087504199e-05  0.00032095095799 0.000799819431808  0.00123599565614  0.00116098174202 0.000879069522331   0.0013855129597  0.00165047433876  0.00127327516355 0.000899737838259 0.000660405358315 0.000551422683753 0.000503322434056 0.000480772639927 0.000479548092497 0.000491056725548 0.000512963552193 0.000534634907786  0.00056065555656   0.0005904774828 0.000619815571903 0.000649920298743 0.000678160641008   0.0007105336667 0.000738226283707 0.000765338030129 0.000792722930278 0.000817163364077 0.000840822440481
6.63950715938e-05 0.000239612005059 0.000737038178011  0.00109140229666  0.00101321807294  0.00103056589424  0.00146406097504  0.00148652061563  0.00120509383264 0.000876247127122 0.000643971663252  0.00053011467695 0.000483441183357  0.00046154215352 0.000459502849653 0.000471295977068 0.000492589430406  0.00051411804893 0.000540187655955 0.000570415824404 0.000600029734219  0.00063004493843 0.000658659159928 0.000689201634956 0.000716290502181   0.0007436912146 0.000771160672702 0.000796252536613 0.000819999565899
3.32472218855e-05 0.000359355375251 0.000844449155102  0.00114123582933  0.00104129311683   0.0012492057244   0.0016326082415  0.00149675823356  0.00119334626031 0.000867594007074  0.00063537763397 0.000519463817207 0.000468623175864 0.000444475794585 0.000441956571143 0.000453088460029 0.000474918436322 0.000495902868342 0.000521735811399 0.000552333385123 0.000582737959091  0.00061265028189 0.000640783621532 0.000670843459025 0.000698058730357 0.000724832891914 0.000750644569315 0.000776246211386 0.000800215985087
5.69172382605e-05  0.00029722975259 0.000816502096559  0.00109321884597 0.000993102863615  0.00123804543729  0.00162918168306  0.00150387061764  0.00118958197904  0.00086390080428 0.000629084917728  0.00050892852738 0.000455782753922 0.000430784639252 0.000426899231562 0.000437257902976  0.00045725022366 0.000478189314835 0.000503314651787 0.000532629203855 0.000561680010497 0.000591308157972 0.000619558282457 0.000649687097504 0.000677365152989 0.000704819937851 0.000731821773676 0.000756851104379 0.000780873977735
3.54379874996e-06 0.000285904714444  0.00080667333878  0.00107228966157 0.000950489605335  0.00118647518217   0.0015851392541  0.00148968961599  0.00117661822675 0.000861672437173 0.000626736603621 0.000503000735965 0.000446094159345 0.000420025062536 0.000415233617189 0.000423815952577 0.000441813543995 0.000462323137959 0.000486824489994 0.000514890965841 0.000543568456877 0.000572906738581 0.000601170332211  0.00063135075002 0.000658596303313 0.000685784619475 0.000712988999789 0.000738396833125 0.000762815658146
1.83285824693e-05 0.000262831192252 0.000788742788034   0.0010512560508 0.000931598933476   0.0011274113805  0.00154303578685  0.00148243836397  0.00116053085123 0.000861466390125 0.000615533157262 0.000489364927731 0.000430833084395 0.000404133524312 0.000398744902468 0.000406550309508 0.000424795197184 0.000444586929185 0.000468905528015 0.000497355630879 0.000525838914737 0.000554974635115 0.000583106391827 0.000613420070225 0.000640978879785 0.000668385952282 0.000695504504706 0.000721137511261 0.000745394322381
3.17988139269e-05 0.000276087838716 0.000828984695067  0.00106881115821 0.000916196703084  0.00101814826944  0.00140627548631  0.00142469498465  0.00113412089482 0.000872713444673 0.000611515447905 0.000480890973867 0.000420648721564 0.000393343365787 0.000386528193069 0.000394197490317 0.000411442521923 0.000431340699305 0.000455040784317  0.00048191641699 0.000509735830628 0.000538061063417 0.000566156602873 0.000594985370872 0.000622541009153 0.000649747549193  0.00067656837012 0.000701939958355 0.000726318499772
 2.2232093941e-05 0.000271470540665 0.000797824196313  0.00107164395348 0.000957378400291 0.000896988401722  0.00119934656099  0.00133503430932  0.00113790711494 0.000915570337514 0.000616633041992 0.000478524406539 0.000411498093414 0.000381519802952 0.000374416273276 0.000379886467102 0.000394931142765 0.000413691968326 0.000437119104869 0.000464435211644  0.00049229046674 0.000520823638272 0.000548749865958 0.000578098700968 0.000605688924182 0.000632858792424 0.000659675144009  0.00068536264328 0.000710028854578
1.85873068336e-05 0.000306491231907 0.000817532565869  0.00112117424278  0.00101527472482 0.000818234954557  0.00101015889151  0.00120926353587  0.00109898480618 0.000938887510507 0.000603770961031 0.000466589058383 0.000401565954922 0.000371829074969 0.000363329467481 0.000368787319081 0.000383478700155 0.000402086798165 0.000424859480679 0.000450602706276 0.000477575936489 0.000505511338427 0.000533356083465 0.000562086335097 0.000589589854838 0.000616752053812 0.000643539043785 0.000669178839225   0.0006937596242
4.91783603371e-06 0.000177683235907 0.000722154514777 0.000981046320559 0.000785442370886 0.000859417891727   0.0013418830714  0.00143035886579  0.00118672686824  0.00086159350198 0.000581869267787 0.000449267258282 0.000386812617591 0.000354041260702  0.00034569192858 0.000351639475031 0.000368334731408 0.000386541101142 0.000409375964598 0.000435520586407 0.000462697459891 0.000490299927243  0.00051782069811 0.000546388004281 0.000573774134652 0.000600986981302 0.000627616562717 0.000653250752404 0.000677849064489
1.94068883864e-05 0.000223176398186  0.00074701286578 0.000935062885005 0.000754876473717  0.00096576813134  0.00152776323444  0.00159558180085  0.00129424002164 0.000897143217849 0.000592220065143 0.000449305022692 0.000382824015791 0.000349261468626 0.000338676667608 0.000342679678504 0.000355833497542 0.000373174370425 0.000395163000657 0.000421453578963 0.000448067589969 0.000475568282642 0.000503096384579 0.000531193039449 0.000558569945483 0.000585516122503 0.000612212079765 0.000637886086975 0.000662681238658
 1.8923774525e-05 0.000249600004344 0.000700744752533 0.000890633963903 0.000811419955212 0.000953806206719  0.00151131620104  0.00162002829217   0.0013005476311 0.000899828694963 0.000592925798246 0.000444697796699 0.000369385973694 0.000335233369258 0.000325063069309 0.000328869250883 0.000343316794703 0.000360434720949 0.000382418124576 0.000408476930771  0.00043410882016 0.000461006539753 0.000488118492617  0.00051613688681  0.00054331105189 0.000570393388773  0.00059702329938 0.000622724559125 0.000647570919165
1.55491039721e-05 0.000221115945203 0.000750077314203 0.000968260321428 0.000820858107465 0.000867992918462  0.00143965340349  0.00161764808971  0.00129425944709 0.000897280701103  0.00059003757465 0.000439977570451  0.00036754399185 0.000330725248377 0.000318219120263 0.000319882538289 0.000330661966098  0.00034688070926 0.000367428731109 0.000390933900546 0.000417529270084 0.000444862748272 0.000471953210227  0.00050030058196 0.000527496898919 0.000554522985952 0.000581370887708 0.000607026848455 0.000632035153238
2.47384580869e-05 0.000235496907616 0.000749919339044 0.000958743110831 0.000766789313872 0.000877215178852   0.0014767483563   0.0016052012296  0.00128113748749 0.000887112721124 0.000586386544714 0.000430002599041 0.000352306704954 0.000317494788794 0.000304442775037 0.000306170683366 0.000317152264732  0.00033317657598 0.000353701307592 0.000377516483533 0.000402854139214 0.000429662037181 0.000456679319205  0.00048532783608 0.000512590109383 0.000539491310975 0.000566364590861 0.000592200737525 0.000617061757134
4.30670075857e-05 0.000193741738867 0.000710170872094 0.000907057860695 0.000747813790185 0.000939234426931  0.00147854044778  0.00158146216606  0.00128933756302 0.000885614657507 0.000581493741297 0.000422301532678 0.000343930535357  0.00030419931542 0.000289608511248 0.000290336159802 0.000301725975043 0.000317276168341 0.000337524421498 0.000362084587235 0.000387669650591 0.000414532756132 0.000441119645068 0.000469607392144 0.000496559140681 0.000523554834448 0.000550554027459 0.000576319494169 0.000601259919456
2.22184022282e-05 0.000235190599982 0.000717374044546 0.000875737148693 0.000757847862837  0.00107370575078  0.00151814055198  0.00155270708182  0.00131361997586 0.000891887226472  0.00058046787833 0.000417818341257 0.000335414845772 0.000295618361625 0.000280777619267 0.000281637807767 0.000293136172426 0.000308009847947 0.000327429147416 0.000351228441976 0.000375855363031 0.000401874742399 0.000428228445854 0.000455737326872 0.000482491682277 0.000509317138137 0.000535786932256 0.000561466109508 0.000586281965597
 1.9795991688e-05 0.000196834314006  0.00066167977612 0.000823675319529 0.000735714975189  0.00106414026585  0.00150544873587  0.00155957636481  0.00132172054985 0.000891373257097 0.000580821762394 0.000411173593737 0.000330081786202 0.000287447008799 0.000271537811326 0.000272285143666 0.000283418652497 0.000296773423191 0.000316387261463 0.000339918498857 0.000364195908613  0.00039007538905 0.000416548149079 0.000443667569315 0.000470513614769 0.000496942288071 0.000522678894958 0.000548205137738 0.000573325473316
2.78842748039e-06 0.000176524233621 0.000711517451872 0.000900364438576 0.000761065991659  0.00104137605193  0.00148556071309  0.00157142010803  0.00133417861282 0.000893701587573 0.000582646267175  0.00040899567385 0.000322886387153 0.000279256202678 0.000262264314673 0.000261041099476 0.000270956856025 0.000284269931597 0.000303508479984 0.000326169103844 0.000351177673634 0.000376668983084 0.000402439783577 0.000429534346704 0.000456090560239 0.000482623968222 0.000509302530241 0.000534902928649 0.000559716994898
6.71180377789e-05 0.000352902505717 0.000739429395412 0.000906391126861 0.000844721378288  0.00105733250443  0.00146150678428  0.00159746034535  0.00137412727875 0.000910242068054 0.000595047292961 0.000416277172928 0.000321997854153 0.000277704534716   0.0002584314311 0.000254700241268 0.000261123635034 0.000274126432043 0.000291558965196 0.000314206318468 0.000337550007285 0.000362963200852 0.000388543373624 0.000416070537131 0.000442383455674 0.000468616580592 0.000495196547828 0.000520860051586 0.000545764437754
1.76815381544e-05 0.000199977509549 0.000670197078518 0.000828385431085 0.000758361358837 0.000962157684716   0.0013993610074  0.00159441027492  0.00137590923654 0.000901763139099 0.000591624905919 0.000410673900582 0.000314901093672 0.000267024127882  0.00024776517944 0.000246199778462 0.000254386921288 0.000265715153707 0.000283352499144 0.000303967533144 0.000327141995235 0.000351706282022 0.000376856034073 0.000402891798385 0.000428727501899 0.000455113742034 0.000481230784302 0.000506707075524 0.000531517099335
2.20307257095e-05 0.000303598499051 0.000783111440046 0.000983207650447 0.000840117195589 0.000943029053482  0.00134008936321  0.00160736446305  0.00140194954161 0.000905687968698 0.000600424470841 0.000413208081731 0.000313902272652 0.000264898456408  0.00024298360387  0.00023623900015 0.000240291083762 0.000254054706574 0.000270225915608 0.000290295161522 0.000313249400191 0.000337665365779 0.000362891288243 0.000390050012278 0.000416045027317 0.000442165035477 0.000468406323771 0.000493865224369 0.000518625990992
 1.0473469426e-05 0.000211570252134 0.000687763992108 0.000902078492022 0.000853083004808 0.000929898679991  0.00128451812869   0.0016367366336  0.00144190997337 0.000906387890183 0.000604115307221 0.000406983580256 0.000307919969374 0.000257768413232  0.00023584338012 0.000231867396928  0.00023773997822 0.000247790781271 0.000264148200682 0.000282727899715 0.000304762551865 0.000328466350729 0.000353081138609 0.000378306359525 0.000403698261885 0.000429525104925 0.000455398162062 0.000481293721472 0.000506376459306
7.91238734777e-06 0.000231874015795 0.000710956395812 0.000935916825108 0.000922457239066  0.00110799859035   0.0014179115758  0.00147995371789  0.00125946006256 0.000869306285756 0.000584650827814 0.000393314063099 0.000298623349571  0.00024698208822 0.000221740104369 0.000215014133237 0.000221077013506 0.000232029146503 0.000248479707702 0.000270210760306 0.000293202765474 0.000317301416781 0.000341410161661 0.000368243426381  0.00039428584376 0.000420068247229 0.000446348104854  0.00047085917812 0.000495861186499
9.86432229089e-06 0.000249195021975 0.000732265740712 0.000914210526573 0.000909645908708  0.00115982107049  0.00144568064685   0.0014170931099  0.00121768804207 0.000884674002405 0.000607405024649 0.000391735543353  0.00028554040895 0.000232417787728 0.000210799766886 0.000206895623093 0.000214743679772 0.000223298677139 0.000238961505608  0.00026115621645 0.000283328271526 0.000307528396999 0.000331639436343 0.000357912799554 0.000382915214335 0.000408573175102 0.000434452929456 0.000459156505905 0.000484096727726
 2.6839132369e-05 0.000254416385867 0.000741130845827 0.000925133998742 0.000904136595319  0.00112324549122  0.00141041898616  0.00140273368298  0.00121912192176 0.000904178227192 0.000626583810644 0.000404099327684 0.000293629557846 0.000238572723317 0.000213352361823 0.000202904597174 0.000204346617629 0.000214647258969 0.000229267359789 0.000248347204751 0.000270093853674 0.000293790110604 0.000317658489627 0.000345290123355 0.000370288402907 0.000396523188196 0.000422862093959 0.000448095747398 0.000472536239393
2.79868995833e-05 0.000278974476611 0.000735699263086 0.000917535349014 0.000868410131214   0.0010954060976  0.00140540670381  0.00138536393192   0.0012045706179 0.000912175978502 0.000647884769789 0.000416695266288 0.000294634113695 0.000236936073806  0.00020998474237 0.000201628736959 0.000205502478908 0.000213726778598 0.000227069270261 0.000243526582148 0.000263465504227 0.000285278760172 0.000308768873599 0.000333120060351 0.000357994303349 0.000383040565313 0.000407612605619 0.000432644711216 0.000457408186819
9.23747057106e-06 0.000159982668681 0.000703042710748  0.00092477301479 0.000904617151657  0.00109751132598  0.00134066245298  0.00135482808616  0.00120707294571 0.000913237559117 0.000626526761515 0.000397690552902 0.000287485010194 0.000228051685705 0.000199611584936 0.000194174670599 0.000196006811598 0.000204380710473 0.000217916638042 0.000235385592947 0.000255396129892  0.00027685097012 0.000299937667514 0.000324340991965 0.000349329163327 0.000374346013036 0.000400476887498 0.000425255812991 0.000449368567846
2.84774620453e-05 0.000370083971168 0.000697551336442 0.000844043113642 0.000880913716787  0.00105182091742  0.00131039815355  0.00144932151029  0.00135767709888  0.00102890175497 0.000670403189444 0.000424397311455 0.000296035422334 0.000233131655996 0.000202310918928 0.000188791071728 0.000192535548371 0.000199745654221 0.000210855929917 0.000227254125514 0.000246565572168 0.000268354090778 0.000291132229078   0.0003150026856 0.000339012063591 0.000363604263327  0.00038923177403 0.000413217377803 0.000437536028682
2.67158253923e-05 0.000220698659296  0.00072284596837 0.000919301063676 0.000719475232117  0.00088034423317  0.00125422503664   0.0014168656793  0.00132997521429  0.00102824001756 0.000671122383937 0.000421458532381 0.000290954589972 0.000227037322136 0.000194561663973 0.000180779670065 0.000175732800922 0.000182265151449 0.000197184660512 0.000215867102439 0.000235619747462  0.00025758434175 0.000280113205306 0.000304198073533 0.000328057870363 0.000352439296302 0.000375862406005 0.000400133517136 0.000424072631119
6.85224995739e-06 0.000228637686216  0.00065302987207 0.000795148656179 0.000794226940936 0.000955036216178  0.00124436265496  0.00141323654359  0.00134371377252  0.00104293017075 0.000684645003925 0.000422117847683 0.000288418226523 0.000221744485331 0.000188817982079 0.000175025570632 0.000172818708615 0.000179122410521 0.000190468616811  0.00020714814175  0.00022642597367 0.000246373945768 0.000268388627305 0.000292809662944 0.000317064144373 0.000341685309471 0.000366716614496 0.000391061766918 0.000415719432342
6.86297679599e-06 0.000180782606854 0.000659282618248 0.000846793071938 0.000768287748541  0.00087312138228  0.00116073273128  0.00136892566744   0.0013265158924  0.00104574341775 0.000695393487153 0.000423634131993 0.000288947494685 0.000217574559865 0.000184345838541 0.000171022809889 0.000172246332136 0.000178070427108 0.000189129152658 0.000205301070533 0.000223808810272 0.000243994461097 0.000266384058273 0.000287489121247 0.000311213997729 0.000335294485866 0.000357998576096 0.000382290679874   0.0004059185576
 1.9302513465e-05 0.000174448723702 0.000618777000784 0.000782828131421 0.000746168357085   0.0008578797687  0.00114056806612  0.00135906909276  0.00133147271327  0.00106710080963 0.000710343877051 0.000436193940144  0.00029168414986 0.000221513443283 0.000186180146372 0.000169705998561 0.000165334449517 0.000169293144021 0.000180236256379 0.000194603832622 0.000211684606608 0.000231272526228 0.000252309974473 0.000275002547439 0.000298662783934 0.000321583181161 0.000344900464641 0.000368504673667 0.000391098880747
1.98504758906e-05 0.000199605031999 0.000648700753781 0.000822115059341 0.000777106248776 0.000848693999053  0.00109548701835  0.00132452413289  0.00131836812489  0.00107570576626 0.000730053375945 0.000442578593378 0.000291895033652 0.000217428333943 0.000180870451942 0.000164066937558 0.000159932886618 0.000164069917922  0.00017314731802 0.000186111200699 0.000202744846764 0.000222607292732 0.000243150201003 0.000266386614388 0.000289607902304 0.000313015436626 0.000337541557588  0.00036223979233 0.000386618557236
3.45208628889e-06 0.000174653577759  0.00061062230083 0.000746248013942 0.000654771276363 0.000679848525326 0.000945881485826  0.00127629399518  0.00133036829008  0.00111722948049    0.000715457998 0.000485880155969 0.000289281668991 0.000208985003031 0.000172084086253 0.000158219756671 0.000155141763288 0.000158669348251  0.00016877559377 0.000183969915365 0.000201038247805 0.000219787775607 0.000240458908287 0.000261981009427 0.000284482834265 0.000307891068209 0.000331860733884  0.00035549119088 0.000378864119487
1.95894374786e-06 0.000165210414152 0.000564617549412 0.000636640713953 0.000542041733865 0.000652343075933  0.00100542443465  0.00137874868305  0.00142829943636  0.00120598598527 0.000683022768595 0.000509789616851 0.000307334706837 0.000213405237311   0.0001708546139 0.000155205897438 0.000150403044193 0.000153228880214 0.000161908080546 0.000174799053268 0.000190725319898 0.000208658012353 0.000228341736185 0.000251373146439 0.000272425873899 0.000296552117234 0.000321323285664  0.00034468407314 0.000367865800819
 1.5941974038e-05 0.000155225993182  0.00055126285539 0.000628158990324 0.000553301154895 0.000690919138194  0.00106512744385  0.00143877396038  0.00149009664502  0.00125148654522   0.0006668915118 0.000500125176335 0.000282864021271 0.000192764328363 0.000153162660181  0.00013806670907 0.000140832573694 0.000139921260578 0.000149138534102 0.000164131591969 0.000181254348426 0.000200644540098 0.000219597660471 0.000243051330762 0.000265202503238 0.000287588960554 0.000310838614648 0.000333573151073 0.000356501442794
 1.3190725629e-05 0.000175947291835 0.000588789839702 0.000680239883455 0.000622029749963 0.000787331813116  0.00118625493176  0.00155452013229  0.00160673341492  0.00135191518503 0.000715784262299  0.00050606760763 0.000302478016666 0.000199707213548 0.000151968864918  0.00013236845523 0.000125780530172 0.000127999751447 0.000136717778322 0.000153524640849 0.000171204013657 0.000192666159457 0.000211309478931 0.000233964845201 0.000255976455948  0.00027742462086 0.000301072099087 0.000324702235343 0.000347721059215
1.20550343034e-05 0.000198266360333  0.00059987204237 0.000727614328012 0.000728614775804 0.000879781856835  0.00123328119845  0.00155616044546  0.00158473665916  0.00129919216244 0.000702506916114 0.000549561385991 0.000312700858022 0.000218784171073 0.000167877260591 0.000139740774059 0.000128133346422 0.000129447719705 0.000136161857356 0.000147329937521 0.000162954343694 0.000180274496927 0.000198241602575 0.000220453130577 0.000241139431698 0.000263643448646 0.000287231764161 0.000310253699316 0.000332793538502
6.87376279612e-06 0.000171996097673 0.000604005325213 0.000769964645868 0.000775737489857 0.000913615639045  0.00126706772467    0.001574127955  0.00158280702591  0.00126334971318 0.000694388522312 0.000552810568359 0.000328461456055 0.000218048028375 0.000167556762893 0.000145616394249 0.000135597419651 0.000134695766775  0.00013941003357 0.000146780913512 0.000159495384133 0.000174185073741 0.000192859218443 0.000210589640709 0.000231481958977 0.000254997587894  0.00027701355232 0.000299694736884 0.000324342589815
5.16989579625e-06 0.000218668935067 0.000647008588926 0.000814530837993 0.000841490932339  0.00096220496475  0.00129938863481  0.00156657061257  0.00153331146107  0.00119450347521 0.000706905895036 0.000588707159934 0.000334909003931 0.000231201747948 0.000178018199099 0.000148490255747 0.000134541640142 0.000136398319125 0.000140575974191 0.000147397970737 0.000158415916593 0.000173346772037 0.000192250256994 0.000210121241763  0.00023053524097 0.000250914384338  0.00027299552424 0.000295033716729 0.000316900477551
7.90304664199e-06 0.000190137260883 0.000633003872686 0.000820150107719 0.000841672247188 0.000963268914792  0.00118054976009  0.00138681831314  0.00144343812289  0.00125412985564 0.000795391071983  0.00050967584684  0.00036865118824 0.000193111488285 0.000147871913123 0.000131456529586 0.000123465817079  0.00012042316296 0.000126923405034 0.000139989545762  0.00015420265719 0.000170129500696 0.000189710350378 0.000208184355098 0.000228030543828 0.000248830644403 0.000268192165417  0.00028955179606 0.000311687469035
1.10286457422e-05 0.000230383310681 0.000613622863656 0.000742450021899 0.000736826274438 0.000841903431963  0.00109087281291  0.00135684956349  0.00145955283218  0.00129936175551 0.000855003529854 0.000568574342403 0.000424145282641 0.000209163509133  0.00015137739079 0.000126330390812  0.00011715103505 0.000114197375628 0.000119441491492 0.000129856543622  0.00014406034078 0.000161435582037 0.000177007861449 0.000200416200906 0.000221166880861 0.000241452025535 0.000262255172593 0.000283290993309 0.000304604262362
1.23449761156e-05 0.000211084405805 0.000585815672607  0.00071268219615 0.000710119721312  0.00081002678562   0.0010521007668  0.00133643855067  0.00145833525108  0.00131159615391 0.000871798475706 0.000535451058227 0.000417195227034 0.000216809265405 0.000142941789466 0.000118706858248 0.000109761349461 0.000107356244329 0.000112292625356 0.000124671181834 0.000139846260522 0.000155295121612 0.000171943993582 0.000189936923593 0.000207896936821 0.000227669336872 0.000249553933797 0.000271489966564 0.000293882597509
1.35328198985e-05  0.00019755276497 0.000611102573485 0.000768414870744 0.000745427329857 0.000831442642914   0.0010478499563  0.00131450774005  0.00143823236341  0.00129392683693 0.000849678961622 0.000558894377187 0.000455872807953 0.000216935429942 0.000157598977601 0.000128048883033  0.00011262708687 0.000109527520091 0.000112790612022  0.00012118898381  0.00013384770298 0.000148553309453 0.000165003863011 0.000184278015641 0.000204921701683 0.000223095698977 0.000242993434576 0.000265779949778 0.000287633992336
2.29218175726e-05 0.000228474171634 0.000582073535454 0.000720083839644 0.000762228271977 0.000856404129673  0.00105668130891  0.00131640808764  0.00145269178289  0.00132196156393 0.000883748572836 0.000545427922565 0.000451092492632 0.000232335282057 0.000160432872451  0.00013132325009 0.000116858115927 0.000113462706515 0.000115888278892 0.000124187859018 0.000135590325411 0.000148664277719 0.000161497626694 0.000178632238098 0.000200155286007 0.000219758310627 0.000239531275446 0.000259591420072 0.000280741748182
5.16183329257e-06 0.000228982955877 0.000592923310146 0.000745689149345 0.000808878871883  0.00091739774348  0.00110412058701  0.00134403146418  0.00147528740343  0.00134320343115 0.000891237961575  0.00053263029203 0.000440996324324 0.000233080057523 0.000168737311947  0.00013409961368 0.000115949512925   0.0001092833671 0.000112151179081 0.000114508767302 0.000122119857466 0.000135828616763 0.000153988339951  0.00017130609012 0.000189646754685 0.000209290522191 0.000229905112061 0.000250577692438 0.000271626905565
3.04860983591e-05 0.000227325303627 0.000596770146001 0.000781944187284 0.000864501749112 0.000982536735276  0.00115745340333   0.0013862367522   0.0015273198588  0.00141125968735 0.000966068965396 0.000539135262625 0.000457108427761 0.000261577307348 0.000175927057777   0.0001372981971 0.000116389806466 0.000110721825381 0.000108824227234 0.000112523185143 0.000122825176418 0.000134523923006 0.000149569957798 0.000164407547932 0.000183584736166   0.0002026984816 0.000223550467322 0.000243986316289 0.000265310678525
2.13008701636e-05 0.000242393845649 0.000607403456136 0.000809228370177 0.000914627787845  0.00104307688609  0.00119190851665  0.00137054380014  0.00149402185843  0.00137711358211 0.000932133617187 0.000538238934131 0.000462322703665 0.000258886442337 0.000182769918394  0.00013923537658 0.000115437718237 0.000110641378652 0.000112005909172 0.000116317275517 0.000123999761168 0.000132242575651 0.000146786538733 0.000157332725172  0.00017243241696  0.00019497630332 0.000214767731326 0.000236006744681 0.000256670730877
2.17372267416e-05 0.000239548588094 0.000600090404478 0.000806110378274  0.00091340443889  0.00100726344053  0.00106097874591   0.0011746911667  0.00132312847522  0.00126572407858 0.000896800774761 0.000573006894476 0.000463636577927 0.000279077814192 0.000204220442111 0.000160383192017 0.000127695823536 0.000121205812007 0.000119533726253 0.000117237916091 0.000122631328273 0.000134091893073 0.000148774049265 0.000162155292238 0.000180425463079 0.000198273718746 0.000216367276625  0.00023553907982 0.000255843285097
2.20208841292e-05 0.000243769725105  0.00057295059394  0.00077724643457 0.000880199145324   0.0009726342767  0.00102056036244  0.00113856365106  0.00130244898376  0.00126125604622 0.000904543973212 0.000567602148197 0.000462997952615 0.000281391810305 0.000199743536616 0.000155742131198 0.000127794942806 0.000120667657034 0.000118140481269 0.000118366025613 0.000125240575569 0.000134913541697 0.000148767368856 0.000160856539329 0.000178216560695   0.0001957110195 0.000213452791844 0.000233441668392 0.000254258145918
1.24649269758e-05 0.000246155961882 0.000626941629663 0.000860655720417 0.000989553588438  0.00109999527918  0.00113528421356  0.00118494608015  0.00129247626526  0.00122172800674 0.000837392918099 0.000526306586891 0.000470232624597 0.000263159143362 0.000186655574145 0.000145758448642 0.000123407634238  0.00011478672823 0.000113402811416 0.000115358152143 0.000122593002297 0.000132163461786 0.000146075127507 0.000159353355547 0.000176610023712 0.000194083145403 0.000212162647846 0.000231562598491 0.000251634108166
1.06273079439e-05 0.000253993575334 0.000618683443701 0.000878961289989  0.00105772109463  0.00121943640651  0.00126694787494  0.00125739640357  0.00130963100479  0.00121460514092 0.000814276590771 0.000511427302154 0.000447981680693 0.000269753922512 0.000191863909818 0.000150207099039 0.000124428584763 0.000115341635089 0.000113301279798 0.000114467093469 0.000120333246517 0.000129927654633 0.000143402475296  0.00015574412604 0.000172110028443 0.000189808583463 0.000207676043552 0.000226894681649 0.000246545502554
1.47238816957e-05 0.000225792922666 0.000608049333621 0.000880376452031  0.00107846974073  0.00125182474664  0.00125864219271  0.00117370740607   0.0012321136452  0.00119738411985 0.000890343745125  0.00054590547371 0.000440916528929 0.000252581526459 0.000146970960298 0.000123743067923 0.000113845624554 0.000104132821329 0.000102614406902 0.000110102868284 0.000118308422907 0.000127277167534 0.000140122027323 0.000154443131514 0.000170275156988 0.000187536533647 0.000205222553559 0.000224361783137 0.000243755670017
1.33916903943e-05 0.000249718663862 0.000572138165306 0.000779277497017 0.000882727229151  0.00096527924785 0.000878666511604 0.000844382494035  0.00109062422127  0.00121429973427  0.00100322158939 0.000681408829833 0.000463687074027 0.000310169630705 0.000130217644915 9.44176637522e-05 9.04637196969e-05 7.93467978928e-05 7.96310081703e-05 8.98225257788e-05 0.000100330914557 0.000114251686074  0.00012628662786 0.000144572674868 0.000160546379239  0.00017791526372 0.000196829341082 0.000215777865805 0.000235274768387
 6.8256710368e-06 0.000204923392265 0.000517100678871 0.000720771652618 0.000831374507255 0.000913863094813 0.000823149797839 0.000792400453131  0.00106039807786  0.00120308241111  0.00102363852821 0.000703767587315 0.000481683876329 0.000324679182063 0.000143807072357 0.000105212407802 8.31731362988e-05 7.41114540129e-05 7.18101465091e-05 7.98321142162e-05 9.01843081316e-05  0.00010269195946 0.000113749281388 0.000132060883003 0.000148136759073 0.000166148415952 0.000186283486062 0.000205617200282 0.000224926553058
9.97006284393e-06 0.000207862971817 0.000518019887068 0.000684585995401 0.000716014007569 0.000747492066099   0.0006018964025 0.000615522821955  0.00105201205733   0.0012941405911  0.00117516670992 0.000885225592387 0.000520524094818 0.000374664158631 0.000147297839806 0.000109422718906 8.63228505114e-05 7.10740823816e-05 7.13621512633e-05 7.75654936341e-05 8.65264258309e-05 9.78018821477e-05  0.00010930705649 0.000126391638586 0.000141604430544 0.000158343939657 0.000176809396909 0.000194932127074 0.000214105529235
 1.1069795448e-05 0.000200759916462 0.000469256686207 0.000509144883154  0.00035433333763 0.000251578799857 0.000254008269665 0.000564914347299  0.00107008299103  0.00132496144231  0.00115723086116 0.000744935784597 0.000598081974264 0.000473265039131 0.000173106803328 0.000115793905699 9.03119576823e-05  7.8597386074e-05 7.60458865367e-05 7.81207680668e-05  8.2646870168e-05   9.210238125e-05 0.000103024422457 0.000117139223076 0.000131117267096 0.000149360139455 0.000167701289439 0.000186145757838 0.000205022929662
1.31561778306e-05 0.000192282287347 0.000455289429439 0.000449883810256 0.000333761232872 0.000360119567177 0.000492814008432  0.00073582719302  0.00112339782391  0.00138487434441  0.00121900074144 0.000694428281202 0.000719089465739 0.000610585410477 0.000196365239508 0.000127030406886 9.59775307839e-05 8.24758138283e-05 7.65219066433e-05 7.68208366994e-05 8.36801979582e-05 9.01981460357e-05 0.000100682041681 0.000112487084814 0.000127155030191  0.00014122105594 0.000157805392586 0.000175988686733 0.000193811246733
1.83912869869e-05 0.000155387549753 0.000399146782556 0.000425125355003 0.000343616632837 0.000306852641921 0.000394733852137 0.000670711271248  0.00112722052567  0.00141054004685  0.00121881851093 0.000673527490853 0.000692540390469 0.000595755473937 0.000219792126512 0.000147284024059 0.000100388611553 8.58835374775e-05  7.8848196223e-05 7.57608987902e-05   7.952117953e-05 8.83056715261e-05 9.87484330668e-05 0.000111267300277 0.000124965584191 0.000141176561323 0.000157114797298  0.00017445105769 0.000192455590704
1.43410570816e-05  0.00025054406863  0.00050189051292 0.000524740807588 0.000378781718862 0.000287494856207 0.000384864211493  0.00070594566526  0.00115833342211  0.00143243300956  0.00125800030382 0.000739605347287 0.000548713029378 0.000522457281756 0.000285424903483  0.00021076044431 0.000116528107688  8.9694065828e-05 7.86933149884e-05 7.65615387681e-05  8.0124716627e-05 8.77312724896e-05 9.81690831549e-05 0.000110522852418 0.000124062894137 0.000139842647185 0.000155819562677 0.000172385522489 0.000190584821772
5.05181565444e-06 0.000182760486702 0.000469065720259 0.000558153842445 0.000427673096509 0.000317869306074 0.000373185380905 0.000694378860266  0.00113447483233  0.00140705592069  0.00126597916703 0.000757683916619 0.000553012433706 0.000556635559303 0.000255300289733 0.000167155692644 0.000117371314546 0.000100198214956 9.07905523486e-05 8.24118091213e-05 8.48404495802e-05 9.03753703685e-05 9.94635008787e-05 0.000108488455315 0.000122661887127 0.000136782231421 0.000151726365872 0.000168637700768 0.000186024827265
 9.8547136815e-06 0.000158824653086 0.000424121178799 0.000530004951758 0.000494568952145 0.000400348097912 0.000387889007769 0.000647129245356  0.00113956005519  0.00144764037243  0.00131077265211 0.000757194098333 0.000503403427996 0.000540528711928 0.000321632683434 0.000223890751108 0.000119597003103 9.92131477054e-05 9.07088596549e-05  8.7347763559e-05 8.83990149813e-05 9.24323903205e-05 0.000101988347988 0.000109534886422 0.000123717943947 0.000135039484431 0.000148548596314 0.000164363238538 0.000181205921035
1.48092857314e-05 0.000192526705837 0.000438462958863 0.000561302327075 0.000553730251603 0.000498263928222 0.000508521505644 0.000734659576034  0.00125714411171  0.00160769470573  0.00149282783695 0.000905949737715 0.000496018935736 0.000709226474581 0.000542789806426 0.000276038585887 0.000110107054901 7.45512921208e-05 6.64416111491e-05 7.08493566771e-05 7.53870035999e-05 8.26480562172e-05 9.21014448287e-05 0.000103880625962 0.000115032515135 0.000131527922372 0.000146885431598 0.000163000051678 0.000179881394092
1.31379508099e-05 0.000216805797314 0.000548207027195 0.000718314371132 0.000670445016485 0.000642301177246 0.000682594501756  0.00086062109999  0.00136586915005   0.0017307692728   0.0016019004062 0.000968442375717 0.000505819255938 0.000739257728481 0.000567345187673 0.000303379250027 0.000120299697932 8.27857392979e-05 7.03510385476e-05 6.85385239033e-05 7.11515626946e-05 7.70170837257e-05 8.48590999985e-05 9.57022395782e-05 0.000108441709589 0.000122237753974 0.000141294627577 0.000156755142397 0.000173006322154
1.18718404748e-05 0.000230343306026 0.000528295709138 0.000735335524051 0.000825041265846  0.00086153047787 0.000950136354334  0.00109714095216  0.00153886054819  0.00187770563954  0.00171691869997  0.00102472433171 0.000461104620135 0.000731994170189 0.000561813540916 0.000316183928721 0.000123642624244 8.03129421303e-05 6.69327885702e-05 6.84960013846e-05 7.02758495015e-05 7.52072333602e-05 8.33941957323e-05 9.43596869152e-05 0.000106758508508 0.000120497527331  0.00013532018435 0.000151913825905 0.000168110835546
1.24685365449e-05   0.0002004872891 0.000519316976604 0.000774653291583  0.00090467291163  0.00100558664025  0.00115362543757  0.00130297248608  0.00170838310531  0.00202851701974  0.00185071043256   0.0011089784266 0.000457080112402 0.000777206677032 0.000650742315342 0.000260254925407 8.55020009281e-05 5.30704253124e-05 4.54697623776e-05 5.09047692068e-05 5.73791079189e-05  6.5354079846e-05 7.36743916949e-05 8.84493924649e-05 0.000100049819467  0.00011424589375 0.000130373266183 0.000146958698611  0.00016308154739
1.80460398847e-05 0.000138865629436 0.000507072099044 0.000806382536697 0.000931982273802  0.00105144681109  0.00122424175228  0.00140848918161  0.00187012899856  0.00226169898603  0.00217011311033  0.00140939300969 0.000590897121521 0.000816142164525 0.000783025626487 0.000169941880536  4.6116944364e-05 2.95690291698e-05 1.86739627974e-05 3.21124395463e-05 3.66815332638e-05 4.72106094549e-05 5.35871347069e-05 7.06963735041e-05 8.15815643421e-05 9.61103879607e-05 0.000113814329717 0.000132258471295 0.000150476108937
9.83916090076e-06 0.000238866800984 0.000581738214875 0.000873468856997  0.00103815754316  0.00119216710361  0.00142920251458   0.0016848725703  0.00214932680972  0.00250877295204  0.00233864864279   0.0015596102579  0.00061408324788 0.000886992306032 0.000827548249549 0.000161320454179   5.282593643e-05 2.63762862957e-05 1.57920222226e-05 1.79447672849e-05 2.89392418932e-05 3.94163508232e-05 4.35901398268e-05 6.33382885301e-05 7.48348192525e-05 9.01197684792e-05 0.000105794313919 0.000118905873919 0.000133508184109
5.04596817206e-06 0.000199728465399 0.000558497726809 0.000910932497793   0.0011446134792  0.00136016757671  0.00163788110575  0.00186849434012  0.00220221408585  0.00242865888519  0.00216413138074  0.00144667810244 0.000475167115059  0.00102152541757 0.000996239574229 0.000282875971208 0.000117043916792 3.27592722698e-05 2.59984453953e-05 2.46647611707e-05 2.98857131382e-05 3.74807430899e-05 4.05583626396e-05 5.50965693728e-05 6.81357389808e-05 8.09596732888e-05 9.34863401061e-05 0.000106651586275 0.000123541376852
7.17574846308e-06 0.000187515905625 0.000633818349952  0.00105364233386  0.00127357736464  0.00150576576403  0.00182839293959  0.00208988094231  0.00237586998675  0.00253512820964  0.00222222050509  0.00144511163135 0.000367516576779  0.00106873800764  0.00104340747596 0.000274731866209 0.000135573130986  4.8758185365e-05 2.66336653112e-05 2.17613600605e-05 2.39258192695e-05 2.87113574979e-05 3.29785291617e-05 4.34720832376e-05 5.59445292163e-05  6.8928276023e-05 7.90424346932e-05 9.48167190942e-05 0.000111046052922
1.22593441821e-05 0.000200856755302 0.000612851543555  0.00103676929751  0.00137747202098  0.00171652913115  0.00213150017903  0.00244024297038  0.00265444432276  0.00269410362493  0.00227262921869  0.00143911383752 0.000306273644851  0.00104938505827  0.00104510633405 0.000333921975156 0.000192542784965 0.000111014506177 6.47788160305e-05 4.90520941515e-05 4.50588947375e-05 4.44023849289e-05 4.84268429676e-05 4.79004218753e-05 5.74995145249e-05 6.79763799895e-05 7.99952297907e-05 9.35359262059e-05 0.000109578804002
1.22633493358e-05  0.00016703211539 0.000626368679095  0.00113948565266  0.00153287374917  0.00192587575185  0.00240173796085  0.00277125942437  0.00295292168573  0.00290016819388  0.00240221642973  0.00150858613519 0.000320954853452 0.000958479488931  0.00094486886129 0.000397071233663 0.000260514187797 0.000131501989181 8.25116282451e-05 5.93973361804e-05  5.3065350614e-05 4.96287603671e-05 5.75657557016e-05 5.41223456187e-05 6.15349848804e-05 7.00691842358e-05 7.82131063313e-05 9.16398340352e-05 0.000105209119625
 1.2982879647e-05  0.00022006513423 0.000707486138689  0.00125097179517  0.00164899181517  0.00205346702227  0.00254389933681  0.00291617108153  0.00306152919792  0.00296179798508  0.00249078710367  0.00172423260165 0.000768064434949 0.000391492640145 0.000608213862149 0.000370390141828 0.000199178702024 9.60811693645e-05 7.09390417477e-05 6.40870436476e-05 5.61547020102e-05 5.49608871259e-05 5.98618328635e-05 6.25417203067e-05 7.27261925716e-05 8.48507817478e-05 9.39337452854e-05  0.00010645597659 0.000121349544007
1.36966691213e-05 0.000203620836964 0.000765663067293  0.00133501166827  0.00168499204943  0.00204348135701  0.00249525574219  0.00289487257405  0.00312348131372  0.00311480762527  0.00275078157526  0.00211588373067  0.00121099116111 0.000454023504385 0.000387115969028 0.000347865754759 6.87512988142e-05 2.88636862441e-05 8.79190162114e-06  1.8948238629e-05 2.47157846452e-05 3.10351164374e-05 3.59824773975e-05 5.17629658075e-05 6.02175270091e-05 7.32065908844e-05 8.91981607227e-05 0.000102415400247 0.000116966905929
1.74585007456e-05 0.000210513164484 0.000829487619526  0.00141581573017  0.00175581359014  0.00210907263103  0.00256840614463   0.0029672628456  0.00315964268228  0.00310005412473  0.00273517790493  0.00208274966546  0.00117049724857 0.000470196907719 0.000648989946445 0.000537181513155 9.46520887388e-05 5.12171459586e-05 3.26040529085e-05 2.06877095195e-05 1.95287165012e-05  2.5316178742e-05 2.77909986094e-05 4.05083412861e-05 4.88150778816e-05 6.00122301975e-05 7.48215457681e-05   8.704566393e-05 0.000101258064961
1.05931444731e-05 0.000189853860991  0.00081417252189   0.0012978297137  0.00144922080575  0.00164508671692  0.00200896607736  0.00224208598747  0.00230887348459  0.00229045062878  0.00207520074781  0.00165162220451 0.000969760448699 0.000487514617373  0.00133076450869  0.00113398749045 0.000242032747149 6.62931228672e-05 3.67841411402e-05 2.95228783277e-05 2.92414375564e-05 2.96155025845e-05 3.29454996026e-05 3.78444602113e-05 4.66577935635e-05 5.73394601765e-05 6.55172898105e-05 7.76787685955e-05 9.25081342003e-05
2.08422267454e-05 0.000214540234806 0.000769012937611  0.00118056123521  0.00127191209447  0.00136785893772  0.00161762445603  0.00182288071751  0.00199945331887  0.00211294466677  0.00198711139862  0.00162169432415 0.000949261059696 0.000443148106524  0.00141875064439  0.00120480632743 0.000275264302548 0.000138650657189 0.000102550660411 6.29832811699e-05 4.84671618476e-05 4.47040108118e-05 4.70965421461e-05 4.39955423177e-05  5.1461949584e-05 5.97775564801e-05 6.83138731737e-05 8.08901421927e-05 9.45268512267e-05
3.99577811873e-06 0.000187188637734  0.00084685080278  0.00129126920867  0.00133801817762   0.0014152028452  0.00165079633846  0.00186057082763  0.00204242313538  0.00215185466804   0.0020137368225  0.00162952764988 0.000928547358459 0.000325532761507  0.00135629992492  0.00119430862554 0.000337648040619  0.00019288154222 0.000146369272737 9.87487497985e-05 8.18224942284e-05 7.22072673564e-05 7.63659238291e-05 6.63176156703e-05 7.37626954726e-05 8.09122597265e-05 8.71053849182e-05 9.74695890683e-05 0.000111388033039
1.07795723698e-05 0.000190422997138 0.000858504629062  0.00134221594757   0.0014471653296    0.001569877622  0.00182411672879  0.00205990469232  0.00224422838452   0.0023194827513  0.00213501085099  0.00171833380694 0.000997948015476 0.000160049241194   0.0012285942503  0.00111953875092 0.000416547786343 0.000229099155434 0.000149619790589 0.000113025967292 9.94197031601e-05  9.1396787745e-05 9.43780997155e-05 8.32817016077e-05 9.14459184788e-05 9.74300560255e-05 0.000100307308142 0.000111072074282 0.000123922562246
3.75473215347e-05 0.000228043547058 0.000902487233043  0.00133825986797  0.00157820977544  0.00178607289357  0.00209021246244   0.0023817675574  0.00255776691657  0.00255287327683  0.00226153776164  0.00178194896762  0.00104080004004 0.000130890531842  0.00110148089456  0.00103842386986 0.000429837613187 0.000223192667105 0.000148708997244 0.000121966693351 0.000109986133638 0.000101848223266 0.000105154805412 9.89123869404e-05 0.000106056602518 0.000112422545918 0.000117634609607 0.000128338202649 0.000140920146386
1.52599321696e-06 0.000318821801447  0.00100734128606  0.00139442048858  0.00163222877239  0.00188903372038  0.00225699170839  0.00263637304741  0.00282350158459  0.00274790897398  0.00238086386583  0.00184720175761  0.00109474253876 5.02986967241e-05 0.000914644382011 0.000853152536499 0.000452091766323 0.000235879144168 0.000128153205548 0.000113394557294 0.000104606595236 0.000101560985376 0.000104199180967 0.000103849905162 0.000111303266119  0.00011895685023 0.000126600897379 0.000137484780087 0.000149870980002
4.19634208852e-06 0.000325230714034 0.000945295334941  0.00133422435341   0.0016269320719  0.00193435782532  0.00234472800899  0.00277155472128  0.00295542320811  0.00282027832531  0.00238539713479  0.00183669803922  0.00112259855955 0.000101382040337 0.000922473750235 0.000963265868751 0.000510392661211 0.000252729585127 0.000141148296745 0.000114019375195 0.000106853902516 0.000103641010538 0.000105671178785 0.000105678452538 0.000112383015859 0.000119659592407 0.000125866579346 0.000136521261389 0.000148066510755
1.77356663771e-05 0.000310639641024 0.000915983928128  0.00132203590669  0.00162177101415  0.00191696026349  0.00231839728959  0.00275531515748  0.00297685161488  0.00279550192792  0.00228303890032  0.00174711991887  0.00110699182105 0.000172177048698 0.000557979793253 0.000653588291518 0.000468854194467 0.000215749316396 8.03945567032e-05 7.12425218343e-05 7.20308253522e-05 7.67704321891e-05 7.79476492213e-05 9.24252294045e-05 9.87208692956e-05 0.000108315534698 0.000118861795835 0.000130482322569  0.00014268903625
