0.000309076062083 9.39682061788e-05  0.00141728444725  0.00442408816181  0.00679593214001  0.00836107698964   0.0088949532713  0.00855800912654  0.00725583057691  0.00618565195481  0.00573956512061  0.00549704515901  0.00534306509786  0.00505190848252  0.00481728619704  0.00463944939491  0.00454357221634  0.00434748641048  0.00420409651102  0.00412726291939  0.00403301416362  0.00396388134425  0.00388183019851  0.00385087034413  0.00379660141748  0.00375968411862  0.00374710517559  0.00371833123939  0.00368955948136
0.000181024513506 0.000508122223545  0.00273506078773  0.00547582759178   0.0075453734302  0.00887065033391   0.0092771252247  0.00894049947108  0.00779843422129  0.00636024889361  0.00533973539184  0.00493881226613  0.00477688447383  0.00447327393761  0.00423439744972  0.00407093640979  0.00400616110977  0.00381587000084  0.00367697072839  0.00365404206779  0.00360435257012  0.00356599155839  0.00348478036423  0.00353888754385  0.00348908785641  0.00346799556865  0.00349501948028  0.00347748312582  0.00346319402748
0.000247748676439 0.000998187900086  0.00341610352274  0.00564236439434  0.00723811078419  0.00822288843257  0.00852284993404  0.00833794205988  0.00761548792572  0.00650753643329   0.0052118664803  0.00433169756069  0.00399211076222  0.00367156515088  0.00339635525587  0.00316298650814  0.00298948049906  0.00277780364054  0.00261701834352  0.00252464985417  0.00242453268658  0.00234514982668  0.00225219049839  0.00223641208272  0.00218493126553    0.002156795915  0.00215354931653  0.00213503585461  0.00212599722626
0.000187789943515  0.00123004735062  0.00304435152168  0.00433250718601  0.00521784930487  0.00574761593619  0.00590108071795   0.0058046259652  0.00544939406705   0.0048823197164  0.00416037121975  0.00337869861287  0.00282867492324  0.00251869537751  0.00220509540675  0.00191187556581  0.00164743320237  0.00137236291898  0.00112250774322 0.000879769488094  0.00067206775659 0.000486208935416 0.000333799223483 0.000177012105497 3.06730028255e-05 8.73531363539e-05 0.000208385978029 0.000313155654338 0.000402572462378
0.000190211287866  0.00294822201849  0.00422769820176  0.00330300859208  0.00308434774659  0.00310141698127  0.00305924117976  0.00297067513271  0.00282944067539   0.0026693544882  0.00251428935148  0.00244879236861  0.00232259152583  0.00204495559583  0.00179122635575  0.00155075590506  0.00134072265169  0.00116392295117  0.00103772812182  0.00096530790973 0.000918755156179 0.000917461729283 0.000948470113159  0.00100349946534  0.00105782341674  0.00113551071618  0.00121546794988  0.00127751748315  0.00132604056809
0.000188361312992 0.000765855286349  0.00266290460313  0.00409586574324  0.00427199030588  0.00389232865331  0.00338328942369  0.00290266280823  0.00249925088213  0.00220916917831  0.00203440958636  0.00205056270949  0.00198142071772  0.00171914869575  0.00146780205855   0.0012355085617  0.00103250925193 0.000902022256841  0.00081359081226 0.000779503213017 0.000813800377164 0.000868404500533 0.000957353375123  0.00106072644733  0.00115400672853  0.00124550635059  0.00131739797244  0.00139688082827  0.00147937695408
0.000189806649784 0.000870360250306  0.00247970439866  0.00361228637867  0.00419663837752  0.00431558656634  0.00413785843537  0.00381744304295   0.0034458523439  0.00305431234383  0.00265659886083  0.00213161496194   0.0016679404872  0.00140251045521  0.00115393729233 0.000941357294828 0.000781847871004 0.000675046441834 0.000656255437259 0.000724559463587 0.000827579264789 0.000954292812656  0.00107865181408  0.00119693262455  0.00131284524455  0.00141264845854  0.00151718564997  0.00160254639227  0.00168706213098
 0.00026735007276  0.00114695711314  0.00260611108834  0.00280733111137  0.00292869786933  0.00319227499526  0.00332245286691  0.00327213817698  0.00303514120908  0.00267701805028  0.00224988433131  0.00180434163527  0.00142417604838  0.00112296418929  0.00083619743151 0.000560605626183 0.000302134916524 0.000148299443883 0.000269952451472 0.000457719882885 0.000653755076545 0.000845126218743 0.000993457166691  0.00115755964483  0.00129208328021  0.00141469130257  0.00152005814835  0.00162684433617  0.00169768575033
0.000234631571015 0.000729092117682  0.00277565876653  0.00424016866861  0.00441240303477  0.00405307001041  0.00360400184838  0.00321026428694  0.00283553022314  0.00245144021285  0.00203997548641  0.00158784636806  0.00116681153907  0.00086639319476 0.000572367185101 0.000287909079454 6.89733201558e-05 0.000262453265551 0.000504190881541 0.000722445473265 0.000917509351509  0.00108806717267  0.00125959975343  0.00141928225495   0.0015689464167  0.00169563525073   0.0018200458153    0.001915397502  0.00201721365265
0.000253233631323 0.000485384761151  0.00355127370423  0.00365784164255  0.00291869406061  0.00318794121106  0.00343574448005   0.0033718911225  0.00305495825656  0.00256644952227  0.00198598204374  0.00132614811734  0.00082199026856 0.000569259196983 0.000367965841517 0.000321053039607  0.00043631229375  0.00065963751481 0.000865125815097  0.00106324360542   0.0012579114071  0.00143282951533  0.00159849763287  0.00174194787691  0.00187190569889  0.00198753358045  0.00208230980312  0.00217791694294  0.00225868368245
0.000292836473204  0.00123488262993  0.00211787461497  0.00570575296739   0.0074342313355  0.00724489224692  0.00646860503237  0.00549013646818  0.00452223215085  0.00357315069443  0.00271585034196  0.00194570074019  0.00155359525212   0.0016012515745  0.00171995464606  0.00183898641894  0.00194445211788  0.00210394160711  0.00225109761266  0.00237081865755  0.00250409329487  0.00262774195443  0.00275417263941   0.0028551785202  0.00297770433224  0.00307709438272   0.0031535375039  0.00322874296946  0.00330368646182
0.000237223142102 0.000548048445849  0.00167269334625  0.00187569108277  0.00144122780559  0.00165512964428  0.00204818971264  0.00228294649887  0.00229369413138  0.00209764828657  0.00178770419798  0.00152382412966  0.00152555098824   0.0016457386235  0.00182209568683  0.00203185192381  0.00228251290197   0.0024473357242  0.00262549164066  0.00283948089548  0.00300582064736  0.00317709330719  0.00329992254018  0.00343117092863  0.00353774384133  0.00364549998888  0.00374721104812  0.00382460962873  0.00387376368153
0.000347167108051  0.00102098003399  0.00573716817398   0.0069616287031  0.00529178634659  0.00377962674195  0.00263097432967  0.00173462979664  0.00130318569211  0.00119439870216  0.00127110414383  0.00134553833216   0.0014218619649  0.00159841870365  0.00176603414929  0.00192218673248  0.00205737646189  0.00223898856091  0.00241084517084  0.00255601309436  0.00271510723217  0.00284112162914  0.00298328766956  0.00310202472454  0.00320949284523  0.00330724182115  0.00338555174254  0.00346724146513  0.00356100068109
0.000281185191851  0.00111428955937  0.00486219535419  0.00472374970752  0.00258197090846  0.00121992993878 0.000857841759043  0.00131774789477  0.00161604004136  0.00161755562224  0.00148926863788  0.00134548698673  0.00129700027365   0.0014424310826  0.00162185578473   0.0018138205433  0.00200902435169  0.00221163151909  0.00239917968501  0.00257911106879  0.00274278811541  0.00290617689879  0.00303572915469  0.00319077142631   0.0033094301998   0.0034159618171  0.00352431990594  0.00361509278808  0.00370796396791
0.000288040953444 0.000860321289555  0.00398262515537  0.00371970173889  0.00252497842101  0.00192071492825  0.00160253437026  0.00148850455797  0.00153919696745  0.00166341090464  0.00182609290656  0.00201554389199  0.00222930832705  0.00243754136008  0.00263735924266  0.00283411536026  0.00302164074455  0.00319229802069  0.00335536881945  0.00350479068512  0.00364675931799  0.00377426471266  0.00389813043644  0.00399812227945  0.00410707172928  0.00419693820499   0.0042952082638    0.004375388696   0.0044269254755
0.000589261400403 0.000465569427201  0.00121129207722  0.00134158027059  0.00183930223866  0.00200318893636  0.00186562375148  0.00149503568652  0.00113456841761 0.000956501781922   0.0010639451855  0.00128431600675  0.00150713395106   0.0017239237231  0.00194208876608  0.00215567342578  0.00237813132299  0.00257522316886  0.00276331827667  0.00295861249486  0.00314171883904   0.0033009623573   0.0034450731364  0.00358527558409  0.00369388370763  0.00380518365679   0.0038978042046  0.00398562459247   0.0040624363876
0.000160386514891  0.00104497775961  0.00322304577431  0.00374938839935   0.0065356092987  0.00685022932131  0.00638355617301  0.00537200706091  0.00440033506659  0.00357674146268  0.00302767001012  0.00262476848156  0.00236366792069  0.00253176077474  0.00270946732673  0.00284893137208  0.00294232453702  0.00311728839005  0.00328375831515  0.00339387770883  0.00350323645304  0.00362003594726  0.00375788269665  0.00384601513296  0.00395943880007  0.00406023764384  0.00414044826927  0.00422215930416  0.00428692003005
0.000206192786324 0.000872970018835  0.00248818248507    0.003662487085  0.00402973726648  0.00404667562029  0.00435190736233   0.0049131700924  0.00525537908948  0.00518802368863  0.00477906769338  0.00425728602271  0.00386945663646   0.0038746739527  0.00406563069474   0.0042549263416  0.00444415690094  0.00461106814658   0.0047509550004  0.00489498405761  0.00504016193367  0.00516675949682  0.00527642969609  0.00537977326461  0.00547205178144  0.00555455127329   0.0056302167696  0.00570110044796  0.00577687992302
0.000167251115499 0.000472640014026  0.00158703343237  0.00245695079666   0.0032214442085  0.00341899439555  0.00339354662891  0.00342202015711  0.00348987951227  0.00358498563937  0.00366823004549  0.00380137670682  0.00402301773411  0.00415858021665  0.00433915707461  0.00457015530851  0.00484526664963    0.004996891134  0.00517631311602  0.00539589637445  0.00555977848846  0.00571531523846  0.00581362103762  0.00598699983744  0.00607241537906  0.00616538730915  0.00627694059777  0.00633956750103   0.0063927967572
0.000216474473761 0.000651445058792  0.00139949122778  0.00199504828025  0.00234497471305  0.00198101609713    0.002259073803  0.00279125174904   0.0032354804669  0.00354852563473  0.00371568861917  0.00376738582865  0.00373568050345  0.00381010173334  0.00397831417379  0.00413415875676  0.00427743989473  0.00443806007733  0.00457382337204   0.0046958043378  0.00482139501359  0.00493389026218  0.00505669697959  0.00514470930833    0.005244274428  0.00531661901121  0.00538640310384  0.00546585345645  0.00553764448789
0.000173860420949 0.000977342225128  0.00259645190739    0.004214337077  0.00479434513443  0.00425102318882  0.00366630719359  0.00317179269011  0.00290041000869  0.00283369051805   0.0029049406376  0.00306005524453  0.00325424851747  0.00345345760768  0.00364717230895  0.00382673038569  0.00399634282721  0.00415372955055  0.00430913865013  0.00444807202845  0.00457413447374  0.00469559518861  0.00480936536118   0.0048939390701  0.00499201574195   0.0046826457937  0.00401251961625  0.00396407224759  0.00396575744282
0.00019705429412 0.00085080900891 0.00221084002655 0.00399505052727 0.00425792210322 0.00319942545669 0.00362569403649 0.00411883397948 0.00434579600027 0.00424011103834 0.00403265896945 0.00374737172229 0.00346578428638 0.00349564197618 0.00361149464591  0.0037222711166 0.00378707220682 0.00394436352425 0.00407014694298 0.00346533357448 0.00348033979868  0.0034587842344 0.00345293256475 0.00341082834035 0.00341236568569 0.00341343719681 0.00339477620936 0.00339814095152 0.00340070069625
0.000179830022833 0.000484777253478   0.0013287426038  0.00182344219932  0.00245842494182  0.00302012619026  0.00329809226034   0.0035316256564  0.00370111052699  0.00383873119708   0.0039167147926  0.00399210454902  0.00409352612163  0.00419089316823  0.00433777404969  0.00451293955034    0.004255865695  0.00426419331842  0.00427755464832  0.00431058400291  0.00433840154241  0.00436230933383  0.00437444164198  0.00440855423469  0.00442007446437  0.00443899800142  0.00446489323748  0.00447550433766  0.00448466062296
0.000204262328618 0.000529632871318  0.00119189685516  0.00215264000961  0.00328594440095  0.00378067324888  0.00375753494835   0.0036530881622  0.00358237949757  0.00361296526689  0.00371354386884  0.00389241202438  0.00412170702282  0.00409616425066  0.00419626597186  0.00421909602985  0.00425478565036  0.00426320332893  0.00428072788205  0.00431177336567  0.00432536336531  0.00434790283299  0.00436585283561   0.0043929241736  0.00441379583472  0.00441765164687  0.00443494058276  0.00445245576524   0.0044587982198
0.000185875338788 0.000507738977686  0.00127940535266  0.00208661572266  0.00301222911061  0.00280082356918  0.00259399705467  0.00293674568527  0.00319719311282  0.00346419222194  0.00374446951056  0.00403755901345   0.0041501949634  0.00418637335822  0.00420495538357  0.00423449109498  0.00425952238513  0.00427093245155  0.00428629197643  0.00430562630874  0.00432017883317  0.00434503493163  0.00436095648442  0.00437598012979  0.00438753508827  0.00441091723208  0.00441884975001  0.00442494631635  0.00444480220323
0.000193577278808 0.000434350788877 0.000973643377673  0.00148447984267  0.00204772658118  0.00219711045343   0.0028718373688  0.00332855711033  0.00334863583987  0.00323828065434  0.00325467917258  0.00348076075404  0.00341019253908  0.00344521109631  0.00350322116654  0.00353016910517  0.00355195094459  0.00355588015677  0.00356192567325  0.00357281825202  0.00359373715958  0.00360193497889  0.00361373881891  0.00363612884626  0.00363758836758  0.00365695018581  0.00368504800222  0.00369445847235   0.0037023515543
0.000177257446256 0.000445902102208  0.00118394433743   0.0022524060088  0.00365866798607  0.00374979007473  0.00333090163356  0.00323884744604  0.00329518499469   0.0038491996336  0.00396122224369  0.00387422248489  0.00372109773561   0.0034835858401  0.00335244190897  0.00335808923714  0.00334732705862  0.00335537385925  0.00335104487444  0.00333559490839  0.00331675015923  0.00331451040916  0.00332697213318  0.00330944445998  0.00333077668808  0.00333049173795  0.00332048848441  0.00333647197452  0.00334289388369
0.000193492499428 0.000422407371062  0.00106569031084  0.00171776531177  0.00227115400415  0.00265001192664  0.00317392380625  0.00348069788466  0.00401952656496  0.00433329596528  0.00389575697319  0.00346857624819  0.00313060522901  0.00289789383938  0.00282033427597  0.00282587874002  0.00284687165834  0.00282587370917  0.00283009360926  0.00286652434339  0.00289295830076  0.00290444275427   0.0028982143042  0.00293900582916  0.00294501923048  0.00295671792309  0.00297607739831   0.0029782493969  0.00299626827814
0.000215638851702 0.000379800398616  0.00101306723522  0.00146102664408  0.00210929786698  0.00248236930596  0.00266506282258  0.00274266718883  0.00373722848584  0.00367384067408  0.00354637611894  0.00335561124419  0.00310246693371   0.0027580888678  0.00253060729576  0.00247266497122  0.00240713946742  0.00236791135498  0.00232049005728  0.00225717891599  0.00222203067559  0.00218262192866  0.00216919392792  0.00214718858642   0.0021372787728  0.00213226965939  0.00213517902003  0.00214570812124  0.00213444336135
0.000215210098982 0.000496135136325  0.00122822442439  0.00146056240194  0.00198782523095  0.00272782727052  0.00308742617763  0.00411435577632  0.00404377227286  0.00387756782942  0.00364696322532  0.00338090100248   0.0030942212685  0.00277260259487  0.00253758382422  0.00248526117121  0.00245931026535  0.00243132369676  0.00240972957026  0.00239599581937  0.00237818571361  0.00237973276186  0.00236429512124  0.00235792829872  0.00236062835321  0.00236762378439  0.00236933330805  0.00237139674589  0.00238202368512
0.000192956007431 0.000461036264278  0.00121838143602  0.00151911438547  0.00196481068443  0.00268174736247  0.00321394898913  0.00418794900476  0.00422045141759  0.00412084994555  0.00392602875149  0.00367884224279  0.00340273094449  0.00309779130526  0.00279826263944  0.00267437643283  0.00269577906048  0.00270035627365  0.00271123735761   0.0027287342218  0.00273707608238  0.00274609145623  0.00276294924113  0.00277536536569  0.00278765560352  0.00279674924742  0.00280826716439  0.00282366537623  0.00283561837918
 0.00018707908988 0.000525659370108  0.00128148559368  0.00170514322397  0.00213589424626  0.00268686123332  0.00351099593411  0.00374357966191  0.00374030719617    0.003654149993  0.00351565979392  0.00334308958014  0.00315165832226  0.00297975997194  0.00281909096985  0.00276051637596  0.00277035432368  0.00279901022909  0.00281509097229  0.00281155495607  0.00282294639092  0.00282581648198   0.0028398185852  0.00284231991516  0.00285491805318  0.00287111997829   0.0028795926458  0.00288697052281  0.00289871675818
0.000198962307375 0.000436704981065  0.00123376688173  0.00154336190728  0.00183272147096  0.00223054787262  0.00300502653338   0.0030728872842  0.00308115040547  0.00303263315549  0.00292379868861  0.00280045567432  0.00269263831265  0.00257685791224  0.00252385848373  0.00254513848338  0.00261650574188   0.0026398804777  0.00266815880917  0.00271764391351  0.00274529884508  0.00277728910368  0.00279365307613  0.00282917434528  0.00284767682742  0.00286489393806  0.00289082421418  0.00290058718186  0.00290948347352
0.000214304928798 0.000358085575441  0.00119234508592   0.0016121182678  0.00212247906245  0.00259175957977  0.00332848453655  0.00320669675089   0.0030120433521  0.00279843024369  0.00259665685671  0.00243260526253  0.00231561298373  0.00224660107677  0.00220531553485  0.00217440528608  0.00214993002328  0.00213338753189  0.00211840157025  0.00210004473774   0.0020887006978  0.00207674656994  0.00207604017045  0.00207036099019  0.00206773258593  0.00206840785441  0.00207126270319  0.00208283091418  0.00208925373448
0.000360746434002 0.000470291984188 0.000866720141259  0.00101120349681 0.000861372844445 0.000910892956638  0.00100390843515  0.00116318630452  0.00133362827571  0.00144142781068  0.00147435360399  0.00141959579403  0.00126800651613 0.000960745688601 0.000603049990569 0.000557339133916 0.000675068246282 0.000667631714597 0.000699484086955 0.000759545463266 0.000808215649203 0.000827579665053 0.000834689189507 0.000875131737939 0.000895651072421 0.000898394812626 0.000903841465277 0.000932158917769 0.000932168647902
0.000319325808184 0.000380473494672 0.000802852230821  0.00113071466088 0.000926248143726   0.0005238158687  0.00124370863219  0.00174476935108  0.00226158873327  0.00258139158367  0.00263971280526  0.00237214580778  0.00173899920269   0.0007627507351  0.00018313013016 0.000202837980579 0.000261772880518 0.000261113045474 0.000275213829867 0.000315656373265 0.000323084116618 0.000336097405463 0.000339468579087 0.000350868780104 0.000353780942643 0.000356704200835 0.000365179699851 0.000346491721655 0.000359131187823
2.74277765356e-05 0.000333082310268  0.00069281776179 0.000617691914639  0.00060166481923 0.000594882878087  0.00126208612963  0.00172592653239  0.00222641077443  0.00252438055366  0.00253165194692  0.00217338428196  0.00145092555897 0.000527921790452 0.000135828425412 0.000154080327648 0.000199556368511 0.000199390713509 0.000207862540312 0.000248108900393 0.000256312307713 0.000288101179637 0.000274097854916 0.000318007217164 0.000299031067444 0.000299705697441 0.000318246446731 0.000308531815647 0.000311613118514
8.32058799283e-05 0.000390543304292 0.000730676462616 0.000844091345385 0.000615664043738 0.000458681425262  0.00108384546279  0.00147972947313  0.00184622387716   0.0019887345089  0.00183809686099  0.00133853793197 0.000494138012982  6.5917671071e-05  8.4399535071e-05 0.000107018492296 0.000166017503595  0.00017552605799 0.000176323138412 0.000209030536168 0.000220977365663 0.000231200946729 0.000233988479399 0.000256391456701 0.000265778180433 0.000265188861727 0.000280099368825 0.000285330149312 0.000279648945574
0.000138355144315 0.000780580187346  0.00103699713436  0.00116641795292 0.000928856545687 0.000342613477405  0.00084350728886  0.00117430577886   0.0015594986296  0.00173243000314  0.00162228331971  0.00117838781215 0.000449339037595 7.80766301853e-05 9.47548893901e-05 0.000117314251902 0.000143433082879 0.000135464086238 0.000145848395116 0.000167319384304   0.0001832014141 0.000183043821917 0.000191550652265 0.000213463619486 0.000206569285535 0.000220871767002 0.000230124691894 0.000232281673316 0.000222414292711
5.51493660922e-05 0.000512236845443   0.0008208054481  0.00100186482934  0.00082263413622 0.000441715192244 0.000996271529491  0.00135898743292  0.00171567735229  0.00183323485803  0.00159802740839 0.000948099871888  0.00026272808079 3.49376179342e-05 4.23560336712e-05 7.24447809163e-05 0.000107022302644 0.000109168259214 0.000116511488534  0.00014173300314 0.000151163990074 0.000187558741788 0.000174362029319 0.000196473632151 0.000189601869697 0.000195885453659 0.000203738972991 0.000203384433794 0.000203627154915
7.47576576729e-05 0.000397745361976 0.000707934258401 0.000896871205844  0.00070140445963 0.000504649679849  0.00111023490822  0.00147432706109  0.00179207709833  0.00181122694967  0.00142656190179 0.000553803023595  1.7226154824e-06 5.58886917578e-06 1.89612870198e-05 3.82520209013e-05 7.31618440856e-05 7.28814499164e-05 8.49003254162e-05 0.000109278699609 0.000121306523139 0.000135015764075 0.000133875697695 0.000154593183921 0.000161015287982 0.000158706335841 0.000171658665748 0.000172992719705  0.00017095644014
 4.1621303003e-05 0.000458053966642 0.000775852485144  0.00104186972431 0.000913777130552 0.000594771123433  0.00110526534767  0.00153075823281  0.00187079660765  0.00190824247093  0.00150884769428 0.000598590832979 2.38820989948e-05 2.45363852323e-05 2.44484283085e-05 3.80480339368e-05 7.63428313615e-05 7.63041018733e-05 8.37456607233e-05 0.000107447508033 0.000124192213395 0.000122546298057 0.000128698147793 0.000139860165222  0.00013471264955 0.000141408732486 0.000145455894943 0.000147311055719 0.000145278297716
9.81659528302e-05 0.000424353286758   0.0010853875513  0.00185482762489  0.00260076011269   0.0034437287421  0.00311125939877  0.00271781485639   0.0026092061475  0.00218193071125  0.00114178857934 0.000238068569582 2.08725645133e-05 1.79536484657e-05 1.87363778317e-05 3.84213922413e-05 6.91133028598e-05 6.95986470287e-05 7.76340788073e-05 0.000100286493139 0.000112131819177 0.000115537858717 0.000117265978214 0.000126032799575 0.000124341925949  0.00012639045901 0.000129676466396  0.00013037539173 0.000131682231742
9.86532216734e-05 0.000470515150818 0.000785280195131  0.00103292341455 0.000982338449586 0.000840978340305  0.00120322273873  0.00151365778172  0.00153257136853   0.0012279343559 0.000562888534152 0.000136442446466 7.42190161139e-05  5.1381018871e-05 5.42235709126e-05 5.43399646382e-05 6.81321828835e-05 6.86838487597e-05 7.22185788041e-05 8.37076997476e-05 8.86896735083e-05 9.26625099461e-05 9.34611770679e-05 0.000101370907518 0.000104261034314 0.000106793636597 0.000108319837004   0.0001118760923  0.00011310835333
5.17649636293e-05 0.000434182661622 0.000871428983007  0.00134063893525  0.00154580566369  0.00127479934491   0.0009818603102 0.000804449706101 0.000797575519397 0.000737083676842 0.000351731517838 6.59194513067e-05 5.08430589676e-05   5.116809672e-05 5.43475665036e-05 6.14024257149e-05 6.40113040667e-05 6.72170834649e-05 6.83180669929e-05 7.27356251933e-05 7.47499103015e-05 7.86816756938e-05 7.72810250405e-05 8.72291321341e-05 8.78629529337e-05 8.87481749122e-05 9.82888951058e-05 9.91798464681e-05 9.91205630324e-05
2.27895609523e-05 0.000370613882879 0.000707978068787  0.00100186221862 0.000919370576859 0.000484587377047 0.000919197310464  0.00128274547764  0.00154633343107  0.00140470658875 0.000617858212371 8.51015739485e-05  4.0859399724e-05 1.36561317585e-05   1.913365382e-05 3.13846366645e-05 5.14668850645e-05 4.95522224932e-05 5.16950640865e-05  5.9792409136e-05 6.64075460563e-05 6.91898254384e-05 6.98361468052e-05 8.09020819814e-05 8.05605464679e-05 7.94174577406e-05 8.15040721352e-05 8.26280889827e-05 8.24219433769e-05
 2.0237661081e-05 0.000407737214447 0.000848565304615  0.00135355757379  0.00152156111513  0.00113841808562   0.0013544000072   0.0020480572234  0.00201170572933  0.00163466556677 0.000636932286356 7.41895475278e-05 3.58717749034e-05 1.72168521994e-05 1.45959365006e-05 2.26805855276e-05 3.73426310449e-05 3.78855627668e-05 4.20711691192e-05 5.07928740924e-05 5.71004408578e-05 6.27079389571e-05 6.32073253336e-05 6.87086725645e-05 6.75083470416e-05 6.90526948352e-05 7.09773764278e-05 7.22989860565e-05 7.26885317675e-05
3.36647016572e-05 0.000358913396676 0.000728096767314  0.00114167164665   0.0014494204129  0.00153176762143  0.00181631193605  0.00226259909323  0.00164330826522 0.000744931980732 0.000120112996522 3.77749579628e-05 6.18202468624e-06 4.15119714047e-06 1.79532712481e-06 1.18220595324e-05 2.82106216227e-05 2.80000114676e-05 3.13376521547e-05 4.35209018946e-05 4.77514702954e-05 5.05058740579e-05  5.1161467685e-05 5.92745360635e-05   5.847844475e-05 5.87853283176e-05 6.30285299354e-05 6.04523066903e-05 5.98302757827e-05
1.81879016958e-05 0.000297652153569 0.000661805414267 0.000992877196938  0.00117283284229  0.00122880834603  0.00155392171232  0.00204825332928  0.00152037302095 0.000716839756972 0.000103844183495 3.08598875108e-05 6.43122792697e-06 4.77360739697e-06 7.31366236218e-06 1.42831885789e-05  2.8259992293e-05  2.7738278418e-05 3.01034474014e-05 3.95536889794e-05 4.30186407068e-05 4.66455854585e-05 4.74027298081e-05 5.23708470256e-05 5.07875667291e-05 5.16777512222e-05 5.36148335399e-05 5.71825745987e-05 5.77984541588e-05
7.86160215842e-05 0.000393655371883 0.000695279609005  0.00105948864501   0.0011421521526  0.00106174975283  0.00140887316914  0.00193732629621  0.00145120504997  0.00067733585277 7.62893249395e-05 2.26086170987e-05 3.40324384044e-06 4.30282479346e-06 6.38528232393e-06 1.08516881533e-05  2.0760521099e-05 2.07371971073e-05 2.27888013796e-05 2.93246523276e-05 3.25639709263e-05 3.58617210106e-05 3.70197420304e-05 4.35716578261e-05 4.28261161469e-05 4.52678441766e-05 4.94719718593e-05 4.91432705468e-05 4.90256446404e-05
5.80874353156e-06 0.000325385077491 0.000705476198857  0.00112836382234  0.00116670875175 0.000920957824674  0.00120604803256  0.00179860857474  0.00102073273664 0.000350899564856 2.31374922425e-05 4.30661604513e-06 5.68281526929e-06 6.05104580648e-06 7.63842592509e-06 1.11352260913e-05 1.69325717918e-05  1.6552929945e-05 1.81531924622e-05 2.36406300088e-05  2.7550147588e-05 3.03440076875e-05 2.99015219587e-05 3.44595401621e-05 3.46473018972e-05 3.49141584136e-05 3.64408955705e-05 3.66965502748e-05 3.71612852742e-05
3.98656360132e-05 0.000253730588567 0.000710011355102  0.00108921100061  0.00101314188295 0.000799730933031  0.00118270287777  0.00167665469298 0.000963003919757 0.000269103402378 2.09575919381e-05  6.5388258113e-06 3.27218778405e-06 5.04771199362e-06 5.69023429524e-06  8.6016751319e-06 1.62951947846e-05 1.64588704961e-05 1.79661848952e-05 2.28280342525e-05 2.48252316896e-05 2.64747342011e-05  2.6976353703e-05 3.05323047479e-05 3.03397339217e-05 3.12342130424e-05 3.25872962329e-05  3.3366944202e-05 3.32580565284e-05
3.35982429082e-05 0.000302587644356 0.000713406388559 0.000980572068253 0.000974303360547 0.000853000630816  0.00140390935812  0.00166452156562  0.00129905120566 0.000161107445005 1.95721746403e-05 6.28534087973e-06 1.84804439025e-06 2.46658107001e-06  3.2205818706e-06 5.72483918437e-06 1.15265273802e-05 1.16857410484e-05 1.28784745768e-05 1.64632409602e-05  1.9035917028e-05 2.13055602149e-05 2.13143076116e-05 2.48331550851e-05 2.50867631765e-05 2.56673658618e-05 2.73954677424e-05 2.74622215498e-05 2.75739656537e-05
6.07429765775e-06 0.000301882137794 0.000737053521567  0.00106964982308 0.000993671703075 0.000828119937845  0.00137402736297  0.00163531926569  0.00127245763335 0.000136966635779 2.34795256821e-05 1.04951259527e-05 3.26332028036e-06 3.08885652451e-06 1.27915858817e-06 3.95498826723e-06 1.01566472104e-05 1.02357420135e-05 1.16466087955e-05 1.57677945235e-05 1.76374175064e-05 1.87113555367e-05 1.90606530423e-05 2.10691248383e-05  2.1178613143e-05 2.20697415628e-05 2.31898839334e-05 2.39443067984e-05 2.39552515197e-05
3.56087504199e-05  0.00032095095799 0.000799819431808  0.00123599565614  0.00116098174202 0.000879069522331   0.0013855129597  0.00165047433876  0.00127327516355 0.000140609094127 2.11147350904e-05 7.97958225429e-06 1.89754454848e-06 2.53394235148e-06  1.0869679585e-06 1.65429736012e-06 6.26318689878e-06 6.16915272012e-06 7.15946135012e-06  9.9482634138e-06 1.14458475933e-05 1.30660073783e-05 1.29683000357e-05 1.77231444513e-05 1.75797582004e-05 1.82107797538e-05 1.99510912126e-05 1.97928316077e-05 1.99690682991e-05
6.63950715938e-05 0.000239612005059 0.000737038178011  0.00109140229666  0.00101321807294  0.00103056589424  0.00146406097504  0.00148652061563  0.00120509383264 0.000115947788996  2.7333344209e-05 1.71784280471e-05 8.11192719141e-06 7.18637755701e-06 5.84142624473e-06 2.96199703406e-06 3.14866155141e-06 2.99717142267e-06 3.76751925938e-06 6.86178653014e-06 8.83055686696e-06 1.03763880483e-05 1.06432684748e-05 1.34437546261e-05 1.27170389389e-05   1.344181379e-05 1.51449247677e-05 1.55454181457e-05 1.55833448428e-05
3.32472218855e-05 0.000359355375251 0.000844449155102  0.00114123582933  0.00104129311683   0.0012492057244   0.0016326082415  0.00149675823356  0.00119334626031 8.78475696058e-05 2.35034584417e-05  1.7045684426e-05 1.06233470583e-05 1.08805009794e-05 9.27790859526e-06 6.25855865892e-06 1.33944779958e-06  1.7824180787e-06 1.40703578402e-06 4.77767573055e-06 7.47010533747e-06 9.20809777632e-06  8.9617446665e-06 1.09878964023e-05 1.08123302064e-05  1.0849938532e-05 1.07288360596e-05 1.14637200498e-05 1.15644147794e-05
5.69172382605e-05  0.00029722975259 0.000816502096559  0.00109321884597 0.000993102863615  0.00123804543729  0.00162918168306  0.00150387061764  0.00118958197904 7.39021017351e-05  2.4357833702e-05 1.71145269278e-05 1.11543527712e-05 1.12602702748e-05 1.01837200068e-05 7.42528017154e-06 2.91667154542e-06  2.7189209315e-06 1.76142818889e-06  1.2241646289e-06 2.72740101738e-06 4.30114732414e-06 4.36034050238e-06 6.55585049966e-06 6.59433206841e-06 7.11310016106e-06 8.16213739806e-06 8.11938280095e-06  8.1122693418e-06
3.54379874996e-06 0.000285904714444  0.00080667333878  0.00107228966157 0.000950489605335  0.00118647518217   0.0015851392541  0.00148968961599  0.00117661822675 9.34435825304e-05  1.7777383608e-05 1.26462758483e-05 8.59635578007e-06 8.95107183876e-06  8.1825694003e-06 6.30634324303e-06 3.36795912128e-06  3.2714751959e-06 2.62366247777e-06 6.55651092529e-07 6.28680679492e-07 1.92824710799e-06 2.00856377217e-06 4.13235288205e-06 3.83142439842e-06 4.14993995168e-06 5.25400659348e-06 5.48492291943e-06 5.72640980894e-06
1.83285824693e-05 0.000262831192252 0.000788742788034   0.0010512560508 0.000931598933476   0.0011274113805  0.00154303578685  0.00148243836397  0.00116053085123 0.000861466390125 2.42609093189e-05 1.67373939237e-05 1.28405909404e-05 1.24997296198e-05  1.1494427737e-05  1.0039977351e-05 6.30812108349e-06 6.45013764041e-06 5.66440159343e-06  3.0491722971e-06 1.80051415765e-06 5.60925311587e-07 5.41591103237e-07 1.80814401056e-06 1.81794166565e-06  2.2938110119e-06  3.2236140449e-06 3.58523920185e-06 3.55088762011e-06
3.17988139269e-05 0.000276087838716 0.000828984695067  0.00106881115821 0.000916196703084  0.00101814826944  0.00140627548631  0.00142469498465  0.00113412089482 0.000872713444673 2.50949605608e-05 1.64598687908e-05 1.24755472522e-05 1.16532034781e-05 1.14121494204e-05 9.42461633623e-06 5.99174931908e-06  5.6400649062e-06 5.12688737903e-06 3.79239675538e-06 2.97202530001e-06 2.39204252143e-06 2.32458114624e-06 1.43678414941e-06 1.43245041593e-06 1.20772969234e-06  8.8608674689e-07 9.31054315079e-07 9.59361708332e-07
 2.2232093941e-05 0.000271470540665 0.000797824196313  0.00107164395348 0.000957378400291 0.000896988401722  0.00119934656099  0.00133503430932  0.00113790711494 0.000915570337514 1.69748136253e-05 1.15505820181e-05 1.16152998296e-05 1.23616067221e-05 1.15199372801e-05 1.10468972345e-05 9.27648449544e-06  9.5720795975e-06 8.91997250089e-06 6.83839922937e-06 5.74218909937e-06 4.77862838219e-06 4.77267700523e-06 3.29045847577e-06 3.23437590144e-06 3.04425289287e-06 2.50769321411e-06 2.28260304358e-06 2.26659348454e-06
1.85873068336e-05 0.000306491231907 0.000817532565869  0.00112117424278  0.00101527472482 0.000818234954557  0.00101015889151  0.00120926353587  0.00109898480618 0.000938887510507 1.95359760446e-05 1.49672057908e-05 1.23778699935e-05 1.16570137318e-05 1.12394767974e-05 1.00370133633e-05  8.0824343371e-06 8.02032766868e-06  7.6331189125e-06  6.7976902333e-06 6.33088946452e-06 5.78750435061e-06  5.7270107982e-06 4.77676937341e-06 4.77267700523e-06 4.59110555927e-06 4.11728009285e-06 3.99629030034e-06 4.05322541061e-06
4.91783603371e-06 0.000177683235907 0.000722154514777 0.000981046320559 0.000785442370886 0.000859417891727   0.0013418830714  0.00143035886579  0.00118672686824  0.00086159350198  3.6388297263e-05 2.54451322722e-05 1.81209393671e-05 1.91354873102e-05 1.78822688544e-05 1.55853609234e-05 1.08033418655e-05 1.06406916509e-05 9.80506597266e-06 8.22545447642e-06 7.27671167817e-06 6.85649369571e-06 6.97603554838e-06 6.08434684523e-06 6.14146617801e-06 5.90133017896e-06 5.60410464933e-06 5.54523444666e-06 5.66512674722e-06
1.94068883864e-05 0.000223176398186  0.00074701286578 0.000935062885005 0.000754876473717  0.00096576813134  0.00152776323444  0.00159558180085  0.00129424002164 0.000897143217849 2.20922497887e-05 2.16899696995e-05 1.50190103952e-05 1.45789110892e-05 1.43924236743e-05  1.3286656121e-05 1.13798930007e-05 1.15942621173e-05 1.11848080187e-05 9.15280704071e-06 8.43484701294e-06 7.87142468415e-06 7.81122224099e-06 7.27214834216e-06 7.27396486233e-06 7.27361380556e-06 6.91824823787e-06 6.85921346023e-06 6.85558686776e-06
 1.8923774525e-05 0.000249600004344 0.000700744752533 0.000890633963903 0.000811419955212 0.000953806206719  0.00151131620104  0.00162002829217   0.0013005476311 0.000899828694963  1.8455594967e-05 1.85885101319e-05 1.93312345492e-05  1.9190682467e-05 1.75328103633e-05  1.5824338627e-05 1.23110378164e-05 1.22289881691e-05 1.13703183311e-05 9.12652026785e-06  9.1523703552e-06 8.96580716377e-06 9.12652026785e-06 8.52722773876e-06 8.64452309384e-06 8.46574822697e-06 8.16931615597e-06  8.1097370871e-06 8.10624538536e-06
1.55491039721e-05 0.000221115945203 0.000750077314203 0.000968260321428 0.000820858107465 0.000867992918462  0.00143965340349  0.00161764808971  0.00129425944709 0.000897280701103 2.11084209445e-05 1.82111994998e-05 1.38716925654e-05 1.49104566192e-05 1.45860067914e-05 1.42941908179e-05   1.404923487e-05 1.42179255985e-05 1.43625242388e-05 1.42550539349e-05 1.29854023034e-05 1.21256362307e-05  1.2107998106e-05 1.10304933597e-05 1.10285607037e-05 1.08500510892e-05 1.03150913784e-05 1.03134229638e-05 1.01934834646e-05
2.47384580869e-05 0.000235496907616 0.000749919339044 0.000958743110831 0.000766789313872 0.000877215178852   0.0014767483563   0.0016052012296  0.00128113748749 0.000887112721124 0.000291731655865 2.48623475274e-05 2.22421981776e-05 1.99252764544e-05 1.94146748272e-05 1.82735145779e-05 1.68867700974e-05 1.67261999901e-05 1.63420362921e-05 1.55132753724e-05 1.51427254098e-05 1.45043420703e-05 1.43722684625e-05 1.28186021218e-05 1.26385742753e-05 1.25180485952e-05 1.19222699842e-05 1.17445352645e-05 1.18017290728e-05
4.30670075857e-05 0.000193741738867 0.000710170872094 0.000907057860695 0.000747813790185 0.000939234426931  0.00147854044778  0.00158146216606  0.00128933756302 0.000885614657507 0.000581493741297  3.0064394114e-05 2.49624339492e-05 2.53862087914e-05 2.50034602497e-05 2.40827706448e-05 2.17235268981e-05 2.15465483676e-05 2.09911034545e-05 1.90441270711e-05 1.80920471304e-05 1.71331993634e-05 1.71771095668e-05 1.56252371221e-05 1.56215987749e-05 1.53203649403e-05 1.45446325496e-05 1.44268176095e-05 1.44254323439e-05
2.22184022282e-05 0.000235190599982 0.000717374044546 0.000875737148693 0.000757847862837  0.00107370575078  0.00151814055198  0.00155270708182  0.00131361997586 0.000891887226472  0.00058046787833 3.11668896322e-05 2.74040092477e-05 2.69671333144e-05  2.5961060307e-05 2.41473305652e-05 2.05846746343e-05 2.04435514205e-05  2.0220260797e-05 1.86134113919e-05 1.82799049765e-05 1.78497314778e-05 1.78956928299e-05 1.71135992586e-05 1.71715760164e-05 1.69301915315e-05 1.66305036866e-05 1.65718064004e-05  1.6690531168e-05
 1.9795991688e-05 0.000196834314006  0.00066167977612 0.000823675319529 0.000735714975189  0.00106414026585  0.00150544873587  0.00155957636481  0.00132172054985 0.000891373257097 0.000580821762394 3.30067905445e-05 2.69780204456e-05 2.76576189505e-05 2.66484094535e-05 2.45190038335e-05 2.07972224273e-05 2.15423021472e-05   2.108549587e-05 1.88228269001e-05 1.82993600683e-05 1.77328138239e-05 1.74060935267e-05  1.6823826737e-05 1.66570189462e-05 1.66932382366e-05   1.704745593e-05 1.71074675926e-05  1.6929398037e-05
2.78842748039e-06 0.000176524233621 0.000711517451872 0.000900364438576 0.000761065991659  0.00104137605193  0.00148556071309  0.00157142010803  0.00133417861282 0.000893701587573 0.000582646267175 3.28936009382e-05 2.90881048262e-05 2.92117227188e-05 2.83320884161e-05 2.71925778472e-05 2.39841538042e-05 2.43317529053e-05  2.3847463813e-05 2.18299366899e-05 2.02391617494e-05 1.97611702962e-05 1.98848779908e-05 1.90937376639e-05 1.89673052198e-05 1.87812393723e-05 1.81268935812e-05 1.80608220909e-05 1.81810776937e-05
6.71180377789e-05 0.000352902505717 0.000739429395412 0.000906391126861 0.000844721378288  0.00105733250443  0.00146150678428  0.00159746034535  0.00137412727875 0.000910242068054 0.000595047292961 2.60027079926e-05 2.56295987223e-05 2.44398350723e-05 2.49703671627e-05 2.52582242594e-05 2.49753108057e-05 2.48451471551e-05 2.49706472694e-05 2.33599692064e-05 2.29086683742e-05 2.21655761993e-05 2.24595648151e-05  2.1014018835e-05  2.0766429534e-05 2.07437865583e-05 2.00874340617e-05 1.99085090254e-05 1.99086261342e-05
1.76815381544e-05 0.000199977509549 0.000670197078518 0.000828385431085 0.000758361358837 0.000962157684716   0.0013993610074  0.00159441027492  0.00137590923654 0.000901763139099 0.000591624905919 2.86482068808e-05 2.82653032025e-05 2.92210403232e-05 2.81118413257e-05 2.52568660161e-05  2.2631469391e-05 2.36396719545e-05 2.31376601849e-05 2.28883582161e-05 2.25770639967e-05 2.22723315176e-05 2.24117625545e-05 2.22461161731e-05 2.24809537782e-05 2.21771384367e-05 2.18771427374e-05 2.18160328195e-05 2.18758993741e-05
2.20307257095e-05 0.000303598499051 0.000783111440046 0.000983207650447 0.000840117195589 0.000943029053482  0.00134008936321  0.00160736446305  0.00140194954161 0.000905687968698 0.000600424470841 1.74770331874e-05 2.57478435728e-05 2.60703725486e-05 2.63416960255e-05 2.77517115388e-05 2.86769585471e-05 2.65955798084e-05  2.7034107008e-05  2.6822768971e-05 2.60475025556e-05 2.55727587966e-05 2.54012354839e-05 2.38586158271e-05 2.37836770493e-05 2.36092005984e-05 2.30697696706e-05 2.29490267432e-05 2.30085558008e-05
 1.0473469426e-05 0.000211570252134 0.000687763992108 0.000902078492022 0.000853083004808 0.000929898679991  0.00128451812869   0.0016367366336  0.00144190997337 0.000906387890183 0.000604115307221  8.4175892217e-05 2.81085796847e-05 2.78398518608e-05 2.77305124919e-05 2.54947154104e-05 2.33820871824e-05 2.43181700524e-05 2.39267180139e-05 2.46981116647e-05 2.45350096538e-05 2.44265668508e-05 2.45216480489e-05 2.46360542456e-05 2.49760220407e-05 2.49208411551e-05 2.46168084928e-05 2.39635876616e-05 2.36634240087e-05
7.91238734777e-06 0.000231874015795 0.000710956395812 0.000935916825108 0.000922457239066  0.00110799859035   0.0014179115758  0.00147995371789  0.00125946006256 0.000869306285756 0.000584650827814 0.000393314063099  3.4420435572e-05 3.37068646933e-05 3.51585059304e-05 3.51202287702e-05 3.25423791094e-05 3.16621589818e-05 3.05780686934e-05  2.7828017272e-05 2.64329337524e-05   2.546311541e-05 2.57070253351e-05 2.39652601012e-05 2.34286110235e-05 2.33487882429e-05 2.25441912862e-05 2.31269142118e-05 2.29302291138e-05
9.86432229089e-06 0.000249195021975 0.000732265740712 0.000914210526573 0.000909645908708  0.00115982107049  0.00144568064685   0.0014170931099  0.00121768804207 0.000884674002405 0.000607405024649 0.000391735543353 4.64010153536e-05 4.41420813134e-05 4.09733839898e-05 3.66003217908e-05 3.10512454996e-05 3.23194094762e-05 3.17793840617e-05 2.78538059832e-05 2.68557125861e-05 2.55357039072e-05 2.55122197233e-05  2.3982723405e-05 2.41896475445e-05 2.41232127537e-05 2.34350548357e-05  2.3897374605e-05 2.37558721677e-05
 2.6839132369e-05 0.000254416385867 0.000741130845827 0.000925133998742 0.000904136595319  0.00112324549122  0.00141041898616  0.00140273368298  0.00121912192176 0.000904178227192 0.000626583810644 0.000404099327684 3.60265739682e-05 3.38930539172e-05  3.2819285731e-05 3.52474581685e-05 3.48236662058e-05 3.33678492191e-05 3.30215279598e-05 3.19318672629e-05 3.07876922668e-05 2.95123808081e-05  2.9342032359e-05 2.62738362683e-05 2.64458334673e-05 2.55813143209e-05 2.42185314006e-05 2.41481259551e-05   2.460488111e-05
2.79868995833e-05 0.000278974476611 0.000735699263086 0.000917535349014 0.000868410131214   0.0010954060976  0.00140540670381  0.00138536393192   0.0012045706179 0.000912175978502 0.000647884769789 0.000416695266288 3.52343918698e-05 3.12034869678e-05 3.05527916337e-05 2.96575486926e-05 2.65120763143e-05 2.69466107503e-05 2.74253432764e-05 2.83514436389e-05 2.85324553593e-05 2.87093097523e-05 2.86192308611e-05 2.85331985474e-05 2.86302304143e-05 2.87236415833e-05 2.88147002466e-05 2.90502331859e-05  2.9078916436e-05
9.23747057106e-06 0.000159982668681 0.000703042710748  0.00092477301479 0.000904617151657  0.00109751132598  0.00134066245298  0.00135482808616  0.00120707294571 0.000913237559117 0.000626526761515 0.000397690552902    4.44379025e-05 3.66830907552e-05 3.62311553511e-05 3.12184732636e-05 3.00259100591e-05 2.93619166855e-05 2.90097863559e-05 2.84006125103e-05 2.79353814001e-05 2.80742661991e-05 2.80937160602e-05 2.75976947744e-05 2.73060190784e-05 2.73493105072e-05 2.58601914189e-05 2.58644713592e-05 2.67809355103e-05
2.84774620453e-05 0.000370083971168 0.000697551336442 0.000844043113642 0.000880913716787  0.00105182091742  0.00131039815355  0.00144932151029  0.00135767709888  0.00102890175497 0.000670403189444 0.000424397311455 4.28260317889e-05 2.86475356546e-05 2.89605744993e-05   3.217012653e-05  2.7335228818e-05 2.70110377673e-05 2.85973277655e-05 2.83892111354e-05 2.84436158042e-05 2.78619081262e-05 2.76714884342e-05 2.74602324554e-05 2.78122299867e-05 2.80406478465e-05 2.69281093413e-05 2.76092782471e-05 2.87257287095e-05
2.67158253923e-05 0.000220698659296  0.00072284596837 0.000919301063676 0.000719475232117  0.00088034423317  0.00125422503664   0.0014168656793  0.00132997521429  0.00102824001756 0.000671122383937 0.000421458532381 5.19386065454e-05 3.22727949111e-05 3.25294635564e-05 3.38920417216e-05 3.76135210031e-05 3.75672814017e-05 3.46323022626e-05 3.18643136307e-05 3.10198979721e-05 3.00627926527e-05 2.97367596679e-05 2.89433528294e-05 2.91240555702e-05  2.9093005134e-05  3.0050968991e-05 3.02996014094e-05  3.1094267738e-05
6.85224995739e-06 0.000228637686216  0.00065302987207 0.000795148656179 0.000794226940936 0.000955036216178  0.00124436265496  0.00141323654359  0.00134371377252  0.00104293017075 0.000684645003925 0.000422117847683 3.34416200635e-05   3.501837421e-05 3.42152726479e-05 3.51464190858e-05 3.53521373884e-05 3.43966057289e-05 3.44275778102e-05  3.3171688433e-05 3.22661033794e-05 3.26702819338e-05 3.26986892806e-05 3.12512558196e-05 3.09632217721e-05 3.05880771216e-05 2.97714050677e-05 2.96165517625e-05 3.04380355579e-05
6.86297679599e-06 0.000180782606854 0.000659282618248 0.000846793071938 0.000768287748541  0.00087312138228  0.00116073273128  0.00136892566744   0.0013265158924  0.00104574341775 0.000695393487153 0.000423634131993 0.000267403025907 3.61927357563e-05 3.51010887706e-05 3.41377147364e-05 3.00652004012e-05 2.91879820763e-05 2.91812563613e-05 2.82914193603e-05 2.72604964173e-05 2.77561238024e-05 2.76041105274e-05 2.77530876963e-05 2.82876989367e-05 2.77135479886e-05 2.87214035517e-05 2.84820406821e-05 3.03299254021e-05
 1.9302513465e-05 0.000174448723702 0.000618777000784 0.000782828131421 0.000746168357085   0.0008578797687  0.00114056806612  0.00135906909276  0.00133147271327  0.00106710080963 0.000710343877051 0.000436193940144  0.00029168414986 3.09203270409e-05 2.99735514714e-05 3.11532786406e-05  3.1896383681e-05 3.22198805168e-05 3.17029199638e-05 3.17578845789e-05 3.16411307317e-05 3.22431930553e-05 3.26720217996e-05 3.17024191798e-05 3.18217917025e-05  3.1907589623e-05 3.23458322219e-05 3.26106354959e-05  3.4259610305e-05
1.98504758906e-05 0.000199605031999 0.000648700753781 0.000822115059341 0.000777106248776 0.000848693999053  0.00109548701835  0.00132452413289  0.00131836812489  0.00107570576626 0.000730053375945 0.000442578593378 0.000291895033652 3.25485197081e-05 3.16234554934e-05 3.23868331469e-05 3.20534056707e-05 3.16137924109e-05 3.24873201241e-05 3.34119291098e-05 3.33201293249e-05 3.29925573216e-05 3.31183595811e-05  3.2180160762e-05  3.2174588492e-05 3.14947842329e-05 3.06745678438e-05 2.95158302587e-05 3.01326092517e-05
3.45208628889e-06 0.000174653577759  0.00061062230083 0.000746248013942 0.000654771276363 0.000679848525326 0.000945881485826  0.00127629399518  0.00133036829008  0.00111722948049    0.000715457998 0.000485880155969 0.000289281668991 5.12706320354e-05 3.82671248617e-05 3.35409250586e-05 3.20939637896e-05 3.15545801624e-05 3.06620314385e-05 2.90291639621e-05 2.81084407663e-05 2.87199926131e-05 2.90939667796e-05 2.78929995996e-05 2.84424721314e-05 2.78072277464e-05 2.74575639317e-05 2.70768491211e-05 2.85846532555e-05
1.95894374786e-06 0.000165210414152 0.000564617549412 0.000636640713953 0.000542041733865 0.000652343075933  0.00100542443465  0.00137874868305  0.00142829943636  0.00120598598527 0.000683022768595 0.000509789616851 0.000307334706837 6.98596981417e-05 3.65552910163e-05 3.26565908504e-05   3.188031264e-05 3.16277488592e-05 3.15306775112e-05 3.15207605668e-05 3.18575674652e-05 3.17947623632e-05 3.26782193186e-05 3.09963781625e-05 3.16519885952e-05 3.06028822823e-05 2.94048657958e-05 2.89069046672e-05 3.06055522547e-05
 1.5941974038e-05 0.000155225993182  0.00055126285539 0.000628158990324 0.000553301154895 0.000690919138194  0.00106512744385  0.00143877396038  0.00149009664502  0.00125148654522   0.0006668915118 0.000500125176335 0.000282864021271 6.40098279513e-05 5.29853443711e-05 4.71443539775e-05 3.74437598892e-05 4.04360519608e-05   3.877646637e-05 3.58729509752e-05 3.48235673737e-05 3.33733320335e-05 3.33948952422e-05 3.18948382049e-05 3.12076602345e-05 3.09873686687e-05 3.13702393849e-05 3.12009998207e-05 3.26558157117e-05
 1.3190725629e-05 0.000175947291835 0.000588789839702 0.000680239883455 0.000622029749963 0.000787331813116  0.00118625493176  0.00155452013229  0.00160673341492  0.00135191518503 0.000715784262299  0.00050606760763 0.000302478016666 6.79441410291e-05 5.02164974901e-05 5.01312092616e-05 4.86582970308e-05 4.67300795171e-05 4.61732623492e-05 4.06535357488e-05 3.83507054904e-05 3.56645028304e-05 3.46046448809e-05  3.3348389267e-05  3.2945442971e-05 3.29254332664e-05 3.29607218494e-05 3.15324098391e-05 3.27354093504e-05
1.20550343034e-05 0.000198266360333  0.00059987204237 0.000727614328012 0.000728614775804 0.000879781856835  0.00123328119845  0.00155616044546  0.00158473665916  0.00129919216244 0.000702506916114 0.000549561385991 0.000312700858022 3.41875930973e-05 3.17121106561e-05  3.8132618857e-05 4.15918503485e-05 4.06480625798e-05 4.07969547087e-05 4.08616603544e-05 4.01445579337e-05 4.04575746916e-05 4.07268363268e-05 3.85491657679e-05 3.98573389452e-05 3.86345501497e-05 3.80050106849e-05 3.75113226366e-05 3.79575018434e-05
6.87376279612e-06 0.000171996097673 0.000604005325213 0.000769964645868 0.000775737489857 0.000913615639045  0.00126706772467    0.001574127955  0.00158280702591  0.00126334971318 0.000694388522312 0.000552810568359 0.000328461456055 8.46557867961e-05 3.02196130268e-05 2.99747700656e-05 3.09454032921e-05 3.08814225753e-05 3.24268989103e-05 3.58333611513e-05 3.73816173883e-05 3.91949375903e-05 3.90183882652e-05 4.13360494494e-05  4.1224713505e-05 4.01584745999e-05 4.01708885203e-05 3.94309644144e-05 3.92910364313e-05
5.16989579625e-06 0.000218668935067 0.000647008588926 0.000814530837993 0.000841490932339  0.00096220496475  0.00129938863481  0.00156657061257  0.00153331146107  0.00119450347521 0.000706905895036 0.000588707159934 0.000334909003931 0.000231201747948 2.12255045645e-05 2.30722383295e-05 2.80875030566e-05 2.52582594233e-05 2.64021665437e-05 2.97423743274e-05 3.24529228286e-05 3.36111042438e-05  3.2880863258e-05 3.50100173982e-05  3.4819779661e-05 3.59786986425e-05 3.67133435377e-05 3.62685937324e-05 3.79306914184e-05
7.90304664199e-06 0.000190137260883 0.000633003872686 0.000820150107719 0.000841672247188 0.000963268914792  0.00118054976009  0.00138681831314  0.00144343812289  0.00125412985564 0.000795391071983  0.00050967584684  0.00036865118824 0.000193111488285 4.73419681832e-05 3.96025798061e-05  3.6064664481e-05 3.72385981036e-05 3.54548103977e-05 3.19767253606e-05 3.11263678797e-05 3.07461765418e-05 2.87242600069e-05 2.98700791748e-05 3.00725517037e-05 3.03481345201e-05 3.34642394144e-05 3.36441458636e-05 3.45686160945e-05
1.10286457422e-05 0.000230383310681 0.000613622863656 0.000742450021899 0.000736826274438 0.000841903431963  0.00109087281291  0.00135684956349  0.00145955283218  0.00129936175551 0.000855003529854 0.000568574342403 0.000424145282641 0.000209163509133 4.30628745209e-05 4.22909472299e-05 3.90360142841e-05 3.93538538679e-05 3.83297984545e-05 3.70892985307e-05 3.58120757434e-05 3.36728922076e-05 3.52339618586e-05 3.10880937183e-05 3.04802769598e-05 3.10096887922e-05 3.12799793656e-05 3.17718790682e-05 3.29363531414e-05
1.23449761156e-05 0.000211084405805 0.000585815672607  0.00071268219615 0.000710119721312  0.00081002678562   0.0010521007668  0.00133643855067  0.00145833525108  0.00131159615391 0.000871798475706 0.000535451058227 0.000417195227034 0.000216809265405 5.57060924381e-05 4.92802037468e-05 4.27099124271e-05 4.21122422776e-05 4.11594349237e-05 3.75830918446e-05 3.51217682441e-05 3.40276882377e-05  3.4396011825e-05 3.46447895908e-05 3.60681121503e-05 3.69695647013e-05 3.64946474092e-05 3.59543528687e-05 3.53248047392e-05
1.35328198985e-05  0.00019755276497 0.000611102573485 0.000768414870744 0.000745427329857 0.000831442642914   0.0010478499563  0.00131450774005  0.00143823236341  0.00129392683693 0.000849678961622 0.000558894377187 0.000455872807953 0.000216935429942 3.44583489484e-05 3.79100916006e-05  3.7629760479e-05 3.67235512485e-05 3.66980841282e-05 3.66827033622e-05 3.64737692251e-05 3.54982597832e-05  3.5936191617e-05 3.50699897134e-05 3.28100695883e-05 3.48596606964e-05 3.54920510691e-05 3.42266795234e-05 3.38973873455e-05
2.29218175726e-05 0.000228474171634 0.000582073535454 0.000720083839644 0.000762228271977 0.000856404129673  0.00105668130891  0.00131640808764  0.00145269178289  0.00132196156393 0.000883748572836 0.000545427922565 0.000451092492632 0.000232335282057 3.46169568803e-05 3.26061650655e-05 3.06679980019e-05 2.94255339582e-05 2.97666910375e-05 2.92999877076e-05 2.97050266222e-05 3.01249188087e-05  3.2981477647e-05 3.38410587063e-05 3.08122145352e-05 3.12802065205e-05 3.18325077269e-05 3.30123413732e-05 3.31853142087e-05
5.16183329257e-06 0.000228982955877 0.000592923310146 0.000745689149345 0.000808878871883  0.00091739774348  0.00110412058701  0.00134403146418  0.00147528740343  0.00134320343115 0.000891237961575  0.00053263029203 0.000440996324324 0.000233080057523 1.96902322623e-05 2.58901744522e-05 2.82382508956e-05 2.99356725655e-05 2.97035465385e-05 3.39634469302e-05 3.71810966097e-05 3.73104128387e-05 3.52446956892e-05 3.50042485862e-05  3.4763371142e-05 3.48863903317e-05 3.46335428634e-05 3.46558885083e-05 3.49537189577e-05
3.04860983591e-05 0.000227325303627 0.000596770146001 0.000781944187284 0.000864501749112 0.000982536735276  0.00115745340333   0.0013862367522   0.0015273198588  0.00141125968735 0.000966068965396 0.000539135262625 0.000457108427761 0.000261577307348 4.59828224625e-05 2.47670013245e-05 2.49353780294e-05 2.53366762243e-05 2.89024299234e-05 3.20067646426e-05 3.23474522517e-05 3.31927370988e-05 3.34448455059e-05 3.58250722551e-05 3.45837428689e-05 3.48654693534e-05 3.41546869443e-05 3.41914084301e-05  3.3898648292e-05
2.13008701636e-05 0.000242393845649 0.000607403456136 0.000809228370177 0.000914627787845  0.00104307688609  0.00119190851665  0.00137054380014  0.00149402185843  0.00137711358211 0.000932133617187 0.000538238934131 0.000462322703665 0.000258886442337 0.000182769918394 1.84753361107e-05 2.38698230961e-05 2.25749198728e-05 2.22254403349e-05 2.42310521658e-05 2.66692863798e-05  3.0893816049e-05 3.07876922668e-05  3.6716509562e-05 3.99924764107e-05 3.63230559771e-05 3.62155486904e-05 3.55062153588e-05 3.53584680077e-05
2.17372267416e-05 0.000239548588094 0.000600090404478 0.000806110378274  0.00091340443889  0.00100726344053  0.00106097874591   0.0011746911667  0.00132312847522  0.00126572407858 0.000896800774761 0.000573006894476 0.000463636577927 0.000279077814192 0.000204220442111 5.73586283153e-06 9.52641152861e-06 9.02577491595e-06 1.12264699696e-05 1.94018669404e-05 2.38137946147e-05 2.43157183062e-05 2.35502893995e-05  2.6261346699e-05 2.66658059454e-05 2.68738465842e-05 2.82981525538e-05 2.92295155465e-05 2.91392692928e-05
2.20208841292e-05 0.000243769725105  0.00057295059394  0.00077724643457 0.000880199145324   0.0009726342767  0.00102056036244  0.00113856365106  0.00130244898376  0.00126125604622 0.000904543973212 0.000567602148197 0.000462997952615 0.000281391810305 0.000199743536616 6.95468341024e-06 7.55694580467e-06 6.81665830033e-06 9.23948900037e-06 1.41431174825e-05   1.636158356e-05 1.87092193841e-05 1.84299414643e-05  2.2155180561e-05 2.28683116028e-05 2.36695412288e-05 2.44685052679e-05 2.43972057447e-05 2.39822049221e-05
1.24649269758e-05 0.000246155961882 0.000626941629663 0.000860655720417 0.000989553588438  0.00109999527918  0.00113528421356  0.00118494608015  0.00129247626526  0.00122172800674 0.000837392918099 0.000526306586891 0.000470232624597 0.000263159143362 0.000186655574145 7.39549298564e-06 9.97559012341e-06 1.02081655215e-05 1.08838983097e-05 1.35328880684e-05 1.48505902469e-05 1.66986909487e-05 1.61048466048e-05 1.85397274983e-05 1.84611435618e-05 1.88939202697e-05 1.94659361711e-05 1.98811871182e-05 1.98962589866e-05
1.06273079439e-05 0.000253993575334 0.000618683443701 0.000878961289989  0.00105772109463  0.00121943640651  0.00126694787494  0.00125739640357  0.00130963100479  0.00121460514092 0.000814276590771 0.000511427302154 0.000447981680693 0.000269753922512 0.000191863909818 3.72613167625e-06 7.83795412598e-06 7.21985479589e-06 7.96196247967e-06  1.0868004369e-05 1.30236489821e-05 1.42949597256e-05 1.39506705229e-05  1.6698405058e-05 1.71118281141e-05  1.7321233093e-05 1.78362915844e-05 1.79926322902e-05 1.81944581639e-05
1.47238816957e-05 0.000225792922666 0.000608049333621 0.000880376452031  0.00107846974073  0.00125182474664  0.00125864219271  0.00117370740607   0.0012321136452  0.00119738411985 0.000890343745125  0.00054590547371 0.000440916528929 0.000252581526459 0.000146970960298 2.95108629759e-05 1.71679549484e-05 1.63389109078e-05 1.58818698336e-05 1.19130659994e-05 1.12929666959e-05 1.26700272147e-05 1.25868865806e-05 1.29593506474e-05 1.35575674728e-05 1.38709322106e-05 1.42131224892e-05 1.43760376504e-05 1.44976888548e-05
1.33916903943e-05 0.000249718663862 0.000572138165306 0.000779277497017 0.000882727229151  0.00096527924785 0.000878666511604 0.000844382494035  0.00109062422127  0.00121429973427  0.00100322158939 0.000681408829833 0.000463687074027 0.000310169630705 0.000130217644915 5.79399184203e-05 3.85855518672e-05 3.89607551263e-05 3.62100669868e-05 2.92623144073e-05 2.68516650664e-05 2.24266832411e-05 2.19421407457e-05 1.81385819196e-05 1.84274051781e-05 1.79644051068e-05 1.67548698872e-05 1.69469708055e-05 1.65903401664e-05
 6.8256710368e-06 0.000204923392265 0.000517100678871 0.000720771652618 0.000831374507255 0.000913863094813 0.000823149797839 0.000792400453131  0.00106039807786  0.00120308241111  0.00102363852821 0.000703767587315 0.000481683876329 0.000324679182063 0.000143807072357 3.69912264854e-05 4.46687095514e-05 4.23369577533e-05 4.19600215544e-05 3.60035490937e-05 3.34666578867e-05 3.02944821585e-05 3.01960073294e-05 2.57658442471e-05 2.60864989944e-05  2.4895341064e-05 2.15774782702e-05  2.1213397957e-05 2.09282392682e-05
9.97006284393e-06 0.000207862971817 0.000518019887068 0.000684585995401 0.000716014007569 0.000747492066099   0.0006018964025 0.000615522821955  0.00105201205733   0.0012941405911  0.00117516670992 0.000885225592387 0.000520524094818 0.000374664158631 0.000147297839806  7.1966846396e-05 4.01984983679e-05 4.43325949013e-05 3.99031979742e-05  3.5335416716e-05 3.34122181951e-05  3.1646337358e-05 3.06959291071e-05 2.68642810619e-05 2.77034067801e-05 2.78379216545e-05 2.55125286943e-05   2.620480518e-05  2.5790810812e-05
 1.1069795448e-05 0.000200759916462 0.000469256686207 0.000509144883154  0.00035433333763 0.000251578799857 0.000254008269665 0.000564914347299  0.00107008299103  0.00132496144231  0.00115723086116 0.000744935784597 0.000598081974264 0.000473265039131 0.000173106803328 0.000115793905699 3.54164608394e-05 3.42097073339e-05  3.3222265035e-05 3.19497193725e-05 3.37948776134e-05 3.30055304853e-05   3.280316932e-05 3.20012593205e-05 3.32775225975e-05 3.24576161373e-05 2.92998247733e-05 2.92136077594e-05  2.8964438477e-05
1.31561778306e-05 0.000192282287347 0.000455289429439 0.000449883810256 0.000333761232872 0.000360119567177 0.000492814008432  0.00073582719302  0.00112339782391  0.00138487434441  0.00121900074144 0.000694428281202 0.000719089465739 0.000610585410477 0.000196365239508 0.000127030406886 2.88400206829e-05  2.8640144232e-05 2.99823805284e-05 3.11216735842e-05 2.95340413402e-05 3.13049955378e-05 3.09952785356e-05 3.20102227633e-05 3.24696849496e-05  3.4476923919e-05 3.38077399359e-05 3.36805933116e-05 3.39479194878e-05
1.83912869869e-05 0.000155387549753 0.000399146782556 0.000425125355003 0.000343616632837 0.000306852641921 0.000394733852137 0.000670711271248  0.00112722052567  0.00141054004685  0.00121881851093 0.000673527490853 0.000692540390469 0.000595755473937 0.000219792126512 0.000147284024059 2.69293238385e-05  2.4130846764e-05 2.53395637194e-05 2.91511809092e-05 3.07610932875e-05 2.99890487425e-05 2.92406538215e-05 2.90976337154e-05 2.96825894583e-05 3.08409545979e-05 3.00658023082e-05 2.96889211402e-05 3.00627446435e-05
1.43410570816e-05  0.00025054406863  0.00050189051292 0.000524740807588 0.000378781718862 0.000287494856207 0.000384864211493  0.00070594566526  0.00115833342211  0.00143243300956  0.00125800030382 0.000739605347287 0.000548713029378 0.000522457281756 0.000285424903483  0.00021076044431 6.87648177788e-05 3.85749620993e-05 2.50272665651e-05 2.57443252601e-05 2.68417731557e-05 2.65826859366e-05 2.63451223524e-05 2.62675309403e-05 2.65156648554e-05 2.78402985011e-05 2.59369639135e-05 2.67166642023e-05 2.65263606001e-05
5.05181565444e-06 0.000182760486702 0.000469065720259 0.000558153842445 0.000427673096509 0.000317869306074 0.000373185380905 0.000694378860266  0.00113447483233  0.00140705592069  0.00126597916703 0.000757683916619 0.000553012433706 0.000556635559303 0.000255300289733 0.000167155692644 1.32901081461e-05 9.80206492216e-06 9.91151271673e-06 1.74409800777e-05 1.95383716458e-05  2.1089286574e-05  2.1360101206e-05 2.39645698286e-05 2.34000426441e-05 2.53972140809e-05 2.49275049415e-05 2.52231590636e-05 2.55014948053e-05
 9.8547136815e-06 0.000158824653086 0.000424121178799 0.000530004951758 0.000494568952145 0.000400348097912 0.000387889007769 0.000647129245356  0.00113956005519  0.00144764037243  0.00131077265211 0.000757194098333 0.000503403427996 0.000540528711928 0.000321632683434 0.000223890751108 3.91945436522e-05  1.9307857221e-05 1.01081837769e-05 1.02229025134e-05 1.29527438333e-05 1.54992993942e-05 1.50664298969e-05 1.88384626444e-05 1.77653841042e-05 2.10936081982e-05 2.30854914269e-05 2.39180301742e-05 2.43711987675e-05
1.48092857314e-05 0.000192526705837 0.000438462958863 0.000561302327075 0.000553730251603 0.000498263928222 0.000508521505644 0.000734659576034  0.00125714411171  0.00160769470573  0.00149282783695 0.000905949737715 0.000496018935736 0.000709226474581 0.000542789806426 0.000276038585887 7.62264385221e-05 4.13570577532e-05 3.06268420293e-05 2.49326530111e-05 2.34289901203e-05  2.2209049772e-05 2.16448227349e-05 2.07747840255e-05  2.2357785878e-05 2.02239501748e-05 2.01469485581e-05 2.02099796932e-05 2.04529931856e-05
1.31379508099e-05 0.000216805797314 0.000548207027195 0.000718314371132 0.000670445016485 0.000642301177246 0.000682594501756  0.00086062109999  0.00136586915005   0.0017307692728   0.0016019004062 0.000968442375717 0.000505819255938 0.000739257728481 0.000567345187673 0.000303379250027 7.71795954217e-05 4.35089312665e-05 2.60813913789e-05 2.49433153971e-05 2.59692356751e-05 2.57223264434e-05 2.55714042351e-05 2.54343572426e-05 2.51515048466e-05 2.50350905412e-05 2.11575972627e-05  2.1609052372e-05 2.21134236236e-05
1.18718404748e-05 0.000230343306026 0.000528295709138 0.000735335524051 0.000825041265846  0.00086153047787 0.000950136354334  0.00109714095216  0.00153886054819  0.00187770563954  0.00171691869997  0.00102472433171 0.000461104620135 0.000731994170189 0.000561813540916 0.000316183928721 0.000123642624244 3.86497699059e-05  2.8200005639e-05 2.31381400137e-05 2.40485722086e-05 2.42331963624e-05 2.38422723451e-05 2.33242540799e-05 2.31752486186e-05 2.28987555439e-05 2.26862239092e-05 2.17565985796e-05 2.22782875135e-05
1.24685365449e-05   0.0002004872891 0.000519316976604 0.000774653291583  0.00090467291163  0.00100558664025  0.00115362543757  0.00130297248608  0.00170838310531  0.00202851701974  0.00185071043256   0.0011089784266 0.000457080112402 0.000777206677032 0.000650742315342 0.000260254925407 8.55020009281e-05 5.22716897415e-05 4.76923972847e-05 3.89324198662e-05 3.46355719673e-05 3.13599495439e-05 3.06157366409e-05 2.57009092528e-05 2.58323566711e-05  2.5074381905e-05 2.32449899736e-05 2.22072350729e-05 2.29106455796e-05
1.80460398847e-05 0.000138865629436 0.000507072099044 0.000806382536697 0.000931982273802  0.00105144681109  0.00122424175228  0.00140848918161  0.00187012899856  0.00226169898603  0.00217011311033  0.00140939300969 0.000590897121521 0.000816142164525 0.000783025626487 0.000169941880536  4.6116944364e-05 7.86649288327e-05 7.39570735894e-05  5.6316677097e-05 5.32622554136e-05 4.85981149238e-05 4.81868648747e-05  4.0358883876e-05 4.08184884158e-05 3.91073700893e-05 3.54858569119e-05  3.2273648246e-05 3.04165990303e-05
9.83916090076e-06 0.000238866800984 0.000581738214875 0.000873468856997  0.00103815754316  0.00119216710361  0.00142920251458   0.0016848725703  0.00214932680972  0.00250877295204  0.00233864864279   0.0015596102579  0.00061408324788 0.000886992306032 0.000827548249549 0.000161320454179   5.282593643e-05 7.64270489335e-05 7.59231578988e-05 7.13893358437e-05 6.21278072048e-05 5.53582630743e-05 5.54032788037e-05  4.4610624926e-05 4.48108020695e-05 4.36224794102e-05 4.00944810731e-05 4.11965556007e-05 4.23629739568e-05
5.04596817206e-06 0.000199728465399 0.000558497726809 0.000910932497793   0.0011446134792  0.00136016757671  0.00163788110575  0.00186849434012  0.00220221408585  0.00242865888519  0.00216413138074  0.00144667810244 0.000475167115059  0.00102152541757 0.000996239574229 0.000282875971208 0.000117043916792  6.9133520881e-05 6.48025716522e-05 6.24454028395e-05 5.92160915496e-05 5.63770797279e-05 5.58489478352e-05 4.99611935962e-05 4.95986241566e-05 4.99933847017e-05 4.82417033148e-05 4.97148921734e-05 5.14854505487e-05
7.17574846308e-06 0.000187515905625 0.000633818349952  0.00105364233386  0.00127357736464  0.00150576576403  0.00182839293959  0.00208988094231  0.00237586998675  0.00253512820964  0.00222222050509  0.00144511163135 0.000367516576779  0.00106873800764  0.00104340747596 0.000274731866209 0.000135573130986 6.59993103603e-05 6.29041113567e-05 6.45685936414e-05 6.35793574142e-05 6.20074828678e-05 6.09854048028e-05  5.8533733795e-05 6.02539282697e-05  5.9549552073e-05 5.84132532186e-05 5.77962624246e-05 5.86060680656e-05
1.22593441821e-05 0.000200856755302 0.000612851543555  0.00103676929751  0.00137747202098  0.00171652913115  0.00213150017903  0.00244024297038  0.00265444432276  0.00269410362493  0.00227262921869  0.00143911383752 0.000306273644851  0.00104938505827  0.00104510633405 0.000333921975156 0.000192542784965 8.62457280657e-05 3.06567733369e-05 3.31074159027e-05 3.91906800102e-05 4.16277746699e-05 4.24072701171e-05 5.14914880645e-05 5.24402519204e-05 5.47077133567e-05    5.39504541e-05 5.43232821609e-05 5.61736700747e-05
1.22633493358e-05  0.00016703211539 0.000626368679095  0.00113948565266  0.00153287374917  0.00192587575185  0.00240173796085  0.00277125942437  0.00295292168573  0.00290016819388  0.00240221642973  0.00150858613519 0.000320954853452 0.000958479488931  0.00094486886129 0.000397071233663 0.000260514187797 9.15489309125e-05 2.79081678943e-05 2.14165562277e-05 2.79771632811e-05 3.50439101868e-05 3.07263858849e-05 4.25781640316e-05 4.45679980777e-05 4.72753987347e-05 5.17028293635e-05 5.19897734295e-05 5.41714761305e-05
 1.2982879647e-05  0.00022006513423 0.000707486138689  0.00125097179517  0.00164899181517  0.00205346702227  0.00254389933681  0.00291617108153  0.00306152919792  0.00296179798508  0.00249078710367  0.00172423260165 0.000768064434949 0.000391492640145 0.000608213862149 0.000370390141828 0.000199178702024 9.60811693645e-05 1.70189504139e-05 1.57169675404e-05 2.21879240886e-05  2.6281563725e-05 2.63819114818e-05 3.18817195278e-05  3.0100404626e-05 2.99138277944e-05 3.25376946149e-05 3.32001215449e-05 3.33143611528e-05
1.36966691213e-05 0.000203620836964 0.000765663067293  0.00133501166827  0.00168499204943  0.00204348135701  0.00249525574219  0.00289487257405  0.00312348131372  0.00311480762527  0.00275078157526  0.00211588373067  0.00121099116111 0.000454023504385 0.000387115969028 0.000347865754759 6.87512988142e-05 2.88636862441e-05 7.98959534863e-05 6.38448263565e-05 5.34061359095e-05 4.94909267691e-05  4.9021051865e-05 4.03340523281e-05 3.97622067073e-05 3.91028985505e-05 3.52681525528e-05 3.34875874557e-05 3.45902173279e-05
1.74585007456e-05 0.000210513164484 0.000829487619526  0.00141581573017  0.00175581359014  0.00210907263103  0.00256840614463   0.0029672628456  0.00315964268228  0.00310005412473  0.00273517790493  0.00208274966546  0.00117049724857 0.000470196907719 0.000648989946445 0.000537181513155 9.46520887388e-05 5.12171459586e-05 5.42345502392e-05 5.93735341974e-05 5.87191974776e-05 5.50055954962e-05 5.47151342668e-05 4.86204864338e-05 4.84878587673e-05 4.98339032763e-05 4.69270286838e-05 4.52933436643e-05 4.72725547173e-05
1.05931444731e-05 0.000189853860991  0.00081417252189   0.0012978297137  0.00144922080575  0.00164508671692  0.00200896607736  0.00224208598747  0.00230887348459  0.00229045062878  0.00207520074781  0.00165162220451 0.000969760448699 0.000487514617373  0.00133076450869  0.00113398749045 0.000242032747149 6.62931228672e-05 5.08386786117e-05 4.91830269021e-05 4.81586073049e-05 4.87820436243e-05 4.75028288593e-05 4.91528845733e-05 4.87961156651e-05 4.97863673154e-05 5.11423916692e-05 5.10482117639e-05 5.19590136448e-05
2.08422267454e-05 0.000214540234806 0.000769012937611  0.00118056123521  0.00127191209447  0.00136785893772  0.00161762445603  0.00182288071751  0.00199945331887  0.00211294466677  0.00198711139862  0.00162169432415 0.000949261059696 0.000443148106524  0.00141875064439  0.00120480632743 0.000275264302548 0.000138650657189 4.93250449304e-05 2.38458436356e-05 2.41771099288e-05 3.00592766982e-05 3.03072804959e-05 3.99545121577e-05 4.03856217906e-05 4.30947378301e-05 4.49562303866e-05 4.42272514023e-05 4.57166459755e-05
3.99577811873e-06 0.000187188637734  0.00084685080278  0.00129126920867  0.00133801817762   0.0014152028452  0.00165079633846  0.00186057082763  0.00204242313538  0.00215185466804   0.0020137368225  0.00162952764988 0.000928547358459 0.000325532761507  0.00135629992492  0.00119430862554 0.000337648040619  0.00019288154222 7.36149336895e-05 2.64629394157e-05 1.12481659808e-05 2.38534966016e-06 1.22670138484e-06 1.51734508255e-05 1.52589127533e-05 1.81256502186e-05 2.29713084085e-05 2.41112576139e-05 2.48426267532e-05
1.07795723698e-05 0.000190422997138 0.000858504629062  0.00134221594757   0.0014471653296    0.001569877622  0.00182411672879  0.00205990469232  0.00224422838452   0.0023194827513  0.00213501085099  0.00171833380694 0.000997948015476 0.000160049241194   0.0012285942503  0.00111953875092 0.000416547786343 0.000229099155434 8.04138717988e-05 4.17737491388e-05 2.97327757526e-05 2.15924561453e-05 2.11708323046e-05 4.41154910802e-06 5.00714493812e-06  1.7943374185e-06 5.98101129212e-06 7.06247447699e-06 7.08444833315e-06
3.75473215347e-05 0.000228043547058 0.000902487233043  0.00133825986797  0.00157820977544  0.00178607289357  0.00209021246244   0.0023817675574  0.00255776691657  0.00255287327683  0.00226153776164  0.00178194896762  0.00104080004004 0.000130890531842  0.00110148089456  0.00103842386986 0.000429837613187 0.000223192667105 8.01845125099e-05 4.95039279491e-05 4.17513545153e-05 3.39390523531e-05 3.38179153084e-05 2.22328520949e-05 2.21140461672e-05 1.95904427685e-05 1.44515837198e-05 1.35905125528e-05 1.35902593082e-05
1.52599321696e-06 0.000318821801447  0.00100734128606  0.00139442048858  0.00163222877239  0.00188903372038  0.00225699170839  0.00263637304741  0.00282350158459  0.00274790897398  0.00238086386583  0.00184720175761  0.00109474253876 5.02986967241e-05 0.000914644382011 0.000853152536499 0.000452091766323 0.000235879144168 9.70023332108e-05 4.19604606818e-05 3.75207836079e-05 3.52444940859e-05 3.47040846274e-05  2.9355166527e-05 2.97528691064e-05 2.89227508291e-05 2.65034484286e-05 2.59907393123e-05 2.60473661616e-05
4.19634208852e-06 0.000325230714034 0.000945295334941  0.00133422435341   0.0016269320719  0.00193435782532  0.00234472800899  0.00277155472128  0.00295542320811  0.00282027832531  0.00238539713479  0.00183669803922  0.00112259855955 0.000101382040337 0.000922473750235 0.000963265868751 0.000510392661211 0.000252729585127 0.000141148296745 4.26247987897e-05 4.07525482398e-05 3.86797980608e-05 3.78933218427e-05 3.32598490976e-05 3.31580302719e-05 3.23204262672e-05 2.86623516004e-05 2.81931584338e-05 2.76841118069e-05
1.77356663771e-05 0.000310639641024 0.000915983928128  0.00132203590669  0.00162177101415  0.00191696026349  0.00231839728959  0.00275531515748  0.00297685161488  0.00279550192792  0.00228303890032  0.00174711991887  0.00110699182105 0.000172177048698 0.000557979793253 0.000653588291518 0.000468854194467 0.000215749316396 8.03945567032e-05 2.13212317091e-05 1.28144441529e-05 1.37298574719e-05 1.18595644949e-05 2.19962591405e-05 2.17219527472e-05 2.33111748279e-05 2.43292112613e-05 2.52146361225e-05 2.56531399174e-05
2.77568358875e-05 0.000249960451076 0.000873573601086  0.00123539809866  0.00140713119116  0.00158326991075  0.00185687150764  0.00216743943453  0.00225416236942   0.0018762960882  0.00135296405105   0.0010613394859 0.000792223078929  0.00042299396533 0.000490629906316 0.000763922770327 0.000622808809781  0.00020902836729 3.24723916544e-05 5.31407751469e-05 3.55075035937e-05 2.33830367986e-05 2.31004383313e-05 4.30847176755e-06 4.23234950926e-06 1.48324574687e-06 7.86839163795e-06 8.29361739745e-06 8.22772172824e-06
1.66714023027e-05 0.000268023926614 0.000730655619184 0.000906081200363  0.00088796993692 0.000830858564236  0.00090107818469  0.00107377093754  0.00103762180173 0.000803720364204 0.000769100679601 0.000875443103627 0.000771964065396 0.000503841312389 0.000696724719913  0.00130319287298  0.00099554865204 0.000204093141672 3.37405603957e-05 5.69132053829e-05 4.86378466631e-05 4.05945511143e-05 4.10733337693e-05  2.7063171277e-05 2.81397688032e-05 2.47010018923e-05 1.73768305335e-05 1.55676632273e-05 1.50916397573e-05
1.41494916382e-05 0.000227277568149 0.000695248505111 0.000819465059086  0.00070565526499 0.000574668018196 0.000564428909593 0.000666508028325 0.000608238253746 0.000546156971486 0.000739100258218 0.000904808968984 0.000801668607389 0.000508561320642 0.000652091315315  0.00129610493042  0.00100770928949 0.000232235801718 8.28176590995e-05  4.3211050817e-05 3.37603261117e-05 3.31959111403e-05 3.23341635505e-05 2.95642042337e-05 2.94179568148e-05 2.93185221987e-05 2.65612769845e-05  2.5953237422e-05 2.52827040736e-05
1.71028009028e-06 0.000222167718806 0.000680937732266 0.000836699685172 0.000768747762502 0.000679062962594 0.000698193073593 0.000809425682043 0.000783729051222 0.000659582860988 0.000726165913597 0.000863032989892 0.000769024024964 0.000470132276536 0.000648640595887   0.0013125119509  0.00106312322654 0.000316494923223 0.000150760371599 6.39894871444e-05 2.21223032617e-05 6.44972452975e-06 4.88923879887e-06 1.47864050584e-05 1.51695870215e-05 1.75369638335e-05 2.18863718668e-05  2.2458951849e-05 2.32719502148e-05
 1.5490380057e-06 0.000219010707819  0.00068180318071 0.000861211045577 0.000829204790817 0.000758461926482 0.000773343053624 0.000865379051123 0.000841746614207  0.00067152173261 0.000704688204262 0.000860005314214 0.000792412819289 0.000478394059691 0.000484396162268  0.00104486340234 0.000880614216719 0.000283746430068 0.000151265166608 4.45704274656e-05 1.84456157815e-05 1.21060632215e-05 1.22192792732e-05 1.45024359949e-06 1.67132316742e-06 3.29514509253e-07 4.01569015091e-06 5.60523375633e-06 5.85342572883e-06
1.49320116313e-07 0.000217837600613 0.000678163123886 0.000856253096749  0.00082272103252  0.00074062615987 0.000730073642536 0.000795087106545 0.000774590621703 0.000668325051779 0.000817004145497  0.00099668008769  0.00092902387043 0.000541026237606 0.000398937742277  0.00105394235669 0.000910300011662 0.000403044005542 0.000255871519431 9.25074062426e-05 3.57133456865e-05 2.68262331796e-05 2.63671952527e-05 1.57407123955e-05 1.59146145591e-05  1.4422176446e-05 1.06754002938e-05 9.95505751439e-06  1.0074066654e-05
2.99265439509e-05 0.000215398255456 0.000676433986763 0.000865317179902 0.000847166319086 0.000775441071486  0.00076841436158 0.000830969575085 0.000888589562598 0.000892210227348 0.000960787815908  0.00109156738701 0.000993332832469 0.000559233298225 0.000362898892271  0.00106836922475 0.000980569615977 0.000462081839664 0.000315796951333 0.000157004687339 4.24938232817e-05 3.17384519323e-05 3.20920818811e-05 2.53468051088e-05 2.48606080685e-05 2.47531746003e-05 2.17217023036e-05 2.09817292232e-05 2.11001284377e-05
2.65574185959e-05 0.000212651591287 0.000678356466931  0.00088807423203 0.000901019652021 0.000855667586656 0.000869765942145 0.000954767686398  0.00108274206569  0.00111684296784  0.00115109819056  0.00124617278693   0.0011212267988 0.000643962313246 0.000316014065094  0.00101516612275  0.00102466220534 0.000533645837984 0.000312774723163 0.000150111610029 5.27136512204e-05 4.41405797657e-05 4.42415049237e-05 3.82181524248e-05   3.768946727e-05   3.668985442e-05 3.30798394963e-05 3.22480959115e-05 3.21869255465e-05
1.16599605405e-05 0.000270317684152 0.000799738540284  0.00104692765084   0.0010336109903 0.000976761353922 0.000996139229414  0.00110261102251  0.00129261804566  0.00132149722001  0.00131979746257  0.00137845949403  0.00121652581471 0.000686542956003 0.000228117496888   0.0010162677599    0.001016435918 0.000587924409611 0.000378522271299  0.00018974225468 6.29218139039e-05 5.09334245142e-05  4.9717529489e-05 4.35543583001e-05  4.3532094292e-05 4.26475737014e-05  3.8395249841e-05 3.77950586219e-05 3.85023658625e-05
7.22441853687e-06 0.000231251437626 0.000720541101793 0.000969750056176  0.00106048156028   0.0010867690089  0.00116291047452  0.00130673507145  0.00151483872308  0.00157446334943  0.00150007236608  0.00149723245554  0.00132439428613 0.000781630271579 0.000194271773832 0.000975048892432  0.00106575564843 0.000620060916577 0.000340098321282 0.000144658314123 5.33101421599e-05 4.71509661973e-05 4.57115774411e-05 4.21574918804e-05 4.23118911603e-05 4.21853557736e-05 3.61140731922e-05 3.46069644087e-05 3.58155012298e-05
 1.0733317071e-05 0.000255147402464 0.000736382183838 0.000994110649829   0.0010819639029  0.00112226298135  0.00121672168626  0.00137271223236  0.00161626165373   0.0016733479142   0.0015766813171  0.00157563577354  0.00141693281435 0.000882312083829 0.000200021135546 0.000920107720494  0.00114216033389 0.000631062472056 0.000280829951648 0.000170398951449 7.12653400454e-05 5.18277724351e-05 5.20351621284e-05  4.6850691596e-05 4.60349929597e-05  4.6430794035e-05 4.20045840651e-05 4.11420709756e-05 4.23807886163e-05
1.07988058314e-05 0.000254633118618 0.000761076622801  0.00103759208746  0.00110175275131  0.00111195678468  0.00118456385938  0.00132673389523  0.00156138201598  0.00153382437817  0.00136920308157  0.00140520388748  0.00132928858589  0.00090443394853 0.000305306270094 0.000557601635989  0.00107494632126 0.000803028990786 0.000203570265876 5.14541790252e-05 4.02753352495e-05  1.5898805736e-05 1.67538427837e-05  1.2074400893e-05 1.29593506474e-05 1.79608944518e-05  2.9239560309e-05 3.15335365053e-05 3.25791356383e-05
9.30055962361e-06 0.000202838415741 0.000688400480001 0.000925913812011 0.000943246785794 0.000918161423733 0.000940607843277  0.00101597886135  0.00118649736057  0.00124108815189  0.00130060522079  0.00154818138105  0.00161386633776  0.00127775942271 0.000698515096776 0.000499892291969  0.00103444031678  0.00082165667781 0.000141056923171 1.82649680443e-05 6.01536168432e-05 4.69149893762e-05 4.95392975397e-05 2.25460822733e-05 2.18084234023e-05  1.7510379817e-05 3.82632108824e-06 2.19811068947e-06 3.24095973995e-06
