1.35610799911e-17                 0    0.117220321661                 0                 1                 1                 0                 1                 1                 0                 1                 1                 0                 1                 1                 0                 1                 1                 0                 1                 1                 0                 1                 1                 0                 1                 1                 0                 1
1.35610799911e-17                 0    0.117220321661                 0                 1                 1                 0                 1                 1                 0                 1                 1                 0                 1                 1                 0                 1                 1                 0                 1                 1                 0                 1                 1                 0                 1                 1                 0                 1
1.35610799911e-17   0.0614365073835    0.117220321661                 0                 1                 1                 0                 1                 1                 0                 1                 1                 0                 1                 1                 0                 1                 1                 0                 1                 1                 0                 1                 1                 0                 1                 1                 0                 1
             0              0 0.117220321661              0              1              1              0              1              1              0              1              1              0              1              1              0              1              1              0              1              1              0              1              1              0              1              1              0              1
             0              0 0.117220321661              0              1              1              0              1              1              0              1              1              0              1              1              0              1              1              0              1              1              0              1              1              0              1              1              0              1
                0                 0    0.117220321661 7.52273562357e-16                 1                 1                 0                 1                 1                 0                 1                 1                 0                 1                 1                 0                 1                 1                 0                 1                 1                 0                 1                 1                 0                 1                 1                 0                 1
                0                 0    0.117220321661 7.39033701759e-16                 1                 1                 0                 1                 1                 0                 1                 1                 0                 1                 1                 0                 1                 1                 0                 1                 1                 0                 1                 1                 0                 1                 1                 0                 1
                0                 0    0.117220321661 7.45747412371e-16                 1                 1                 0                 1                 1                 0                 1                 1                 0                 1                 1                 0                 1                 1                 0                 1                 1                 0                 1                 1                 0                 1                 1                 0                 1
                0                 0                 0 7.58184075227e-16                 1                 1                 0                 1                 1                 0                 1                 1                 0                 1                 1                 0                 1                 1                 0                 1                 1                 0                 1                 1                 0                 1                 1                 0                 1
                0                 0                 0 7.48116154436e-16                 1                 1                 0                 1                 1                 0                 1                 1                 0                 1                 1                 0                 1                 1                 0                 1                 1                 0                 1                 1                 0                 1                 1                 0                 1
                0                 0                 0 1.53277307097e-17                 1                 1                 0                 1                 1                 0                 1                 1                 0                 1                 1                 0                 1                 1                 0                 1                 1                 0                 1                 1                 0                 1                 1                 0                 1
                0                 0                 0 1.60129252308e-17                 1                 1                 0                 1                 1                 0                 1                 1                 0                 1                 1                 0                 1                 1                 0                 1                 1                 0                 1                 1                 0                 1                 1                 0                 1
                0                 0                 0 3.30068099001e-17                 1                 1                 0                 1                 1                 0                 1                 1                 0                 1                 1                 0                 1                 1                 0                 1                 1                 0                 1                 1                 0                 1                 1                 0                 1
                0                 0                 0 1.70448907544e-17                 1                 1                 0                 1                 1                 0                 1                 1                 0                 1                 1                 0                 1                 1                 0                 1                 1                 0                 1                 1                 0                 1                 1                 0                 1
                0                 0                 0 1.72687653177e-17    0.990602328291                 1                 0                 1                 1                 0                 1                 1                 0                 1                 1                 0                 1                 1                 0                 1                 1                 0                 1                 1                 0                 1                 1                 0                 1
             0              0              0              0 0.990602328291              1              0              1              1              0              1              1              0              1              1              0              1              1              0              1              1              0              1              1              0              1              1              0              1
             0              0              0              0 0.990602328291              1              0              1              1              0              1              1              0              1              1              0              1              1              0              1              1              0              1              1              0              1              1              0              1
             0              0              0              0 0.990602328291              1              0              1              1              0              1              1              0              1              1              0              1              1              0              1              1              0              1              1              0              1              1              0              1
             0              0              0              0 0.707106781187              1              0              1              1              0              1              1              0              1              1              0              1              1              0              1              1              0              1              1              0              1              1              0              1
             0              0              0              0 0.136773634831              1              0              1              1              0              1              1              0              1              1              0              1              1              0              1              1              0              1              1              0              1              1              0              1
             0              0              0              0 0.136773634831              1              0              1              1              0              1              1              0              1              1              0              1              1              0              1              1              0              1              1              0              1              1              0              1
             0              0              0              0 0.117220321661 0.990602328291              0              1              1              0              1              1              0              1              1              0              1              1              0              1              1              0              1              1              0              1              1              0              1
             0              0              0              0              0 0.990602328291              0              1              1              0              1              1              0              1              1              0              1              1              0              1              1              0              1              1              0              1              1              0              1
             0              0              0              0              0 0.990602328291              0              1              1              0              1              1              0              1              1              0              1              1              0              1              1              0              1              1              0              1              1              0              1
             0              0              0              0              0 0.707106781187              0              1              1              0              1              1              0              1              1              0              1              1              0              1              1              0              1              1              0              1              1              0              1
             0              0              0              0              0 0.136773634831              0              1              1              0              1              1              0              1              1              0              1              1              0              1              1              0              1              1              0              1              1              0              1
             0              0              0              0              0 0.136773634831              0              1              1              0              1              1              0              1              1              0              1              1              0              1              1              0              1              1              0              1              1              0              1
                0                 0                 0                 0                 0    0.136773634831 7.54916166793e-16                 1                 1                 0                 1                 1                 0                 1                 1                 0                 1                 1                 0                 1                 1                 0                 1                 1                 0                 1                 1                 0                 1
                0                 0                 0                 0                 0                 0 7.62217431732e-16                 1                 1                 0                 1                 1                 0                 1                 1                 0                 1                 1                 0                 1                 1                 0                 1                 1                 0                 1                 1                 0                 1
                0                 0                 0                 0                 0                 0 7.60958459107e-16                 1                 1                 0                 1                 1                 0                 1                 1                 0                 1                 1                 0                 1                 1                 0                 1                 1                 0                 1                 1                 0                 1
               0                0                0                0                0                0 7.6188674376e-16                1                1                0                1                1                0                1                1                0                1                1                0                1                1                0                1                1                0                1                1                0                1
                0                 0                 0                 0                 0                 0 2.15497467004e-16                 1                 1                 0                 1                 1                 0                 1                 1                 0                 1                 1                 0                 1                 1                 0                 1                 1                 0                 1                 1                 0                 1
                0                 0                 0                 0                 0                 0 1.93313136031e-17                 1                 1                 0                 1                 1                 0                 1                 1                 0                 1                 1                 0                 1                 1                 0                 1                 1                 0                 1                 1                 0                 1
                0                 0                 0                 0                 0                 0 1.98790539335e-17                 1                 1                 0                 1                 1                 0                 1                 1                 0                 1                 1                 0                 1                 1                 0                 1                 1                 0                 1                 1                 0                 1
             0              0              0              0              0              0              0 0.990602328291              1              0              1              1              0              1              1              0              1              1              0              1              1              0              1              1              0              1              1              0              1
             0              0              0              0              0              0              0 0.990602328291              1              0              1              1              0              1              1              0              1              1              0              1              1              0              1              1              0              1              1              0              1
             0              0              0              0              0              0              0 0.990602328291              1              0              1              1              0              1              1              0              1              1              0              1              1              0              1              1              0              1              1              0              1
             0              0              0              0              0              0              0 0.707106781187              1              0              1              1              0              1              1              0              1              1              0              1              1              0              1              1              0              1              1              0              1
             0              0              0              0              0              0              0 0.136773634831              1              0              1              1              0              1              1              0              1              1              0              1              1              0              1              1              0              1              1              0              1
             0              0              0              0              0              0              0 0.136773634831              1              0              1              1              0              1              1              0              1              1              0              1              1              0              1              1              0              1              1              0              1
             0              0              0              0              0              0              0              0 0.990602328291              0              1              1              0              1              1              0              1              1              0              1              1              0              1              1              0              1              1              0              1
             0              0              0              0              0              0              0              0 0.990602328291              0              1              1              0              1              1              0              1              1              0              1              1              0              1              1              0              1              1              0              1
             0              0              0              0              0              0              0              0 0.990602328291              0              1              1              0              1              1              0              1              1              0              1              1              0              1              1              0              1              1              0              1
             0              0              0              0              0              0              0              0 0.707106781187              0              1              1              0              1              1              0              1              1              0              1              1              0              1              1              0              1              1              0              1
             0              0              0              0              0              0              0              0 0.136773634831              0              1              1              0              1              1              0              1              1              0              1              1              0              1              1              0              1              1              0              1
             0              0              0              0              0              0              0              0 0.136773634831              0              1              1              0              1              1              0              1              1              0              1              1              0              1              1              0              1              1              0              1
                0                 0                 0                 0                 0                 0                 0                 0    0.136773634831 7.72814165646e-16                 1                 1                 0                 1                 1                 0                 1                 1                 0                 1                 1                 0                 1                 1                 0                 1                 1                 0                 1
                0                 0                 0                 0                 0                 0                 0                 0                 0 7.24637367542e-16                 1                 1                 0                 1                 1                 0                 1                 1                 0                 1                 1                 0                 1                 1                 0                 1                 1                 0                 1
                0                 0                 0                 0                 0                 0                 0                 0                 0 7.47316412834e-16                 1                 1                 0                 1                 1                 0                 1                 1                 0                 1                 1                 0                 1                 1                 0                 1                 1                 0                 1
                0                 0                 0                 0                 0                 0                 0                 0                 0 1.05548108743e-16                 1                 1                 0                 1                 1                 0                 1                 1                 0                 1                 1                 0                 1                 1                 0                 1                 1                 0                 1
                0                 0                 0                 0                 0                 0                 0                 0                 0 3.10504587596e-16                 1                 1                 0                 1                 1                 0                 1                 1                 0                 1                 1                 0                 1                 1                 0                 1                 1                 0                 1
                0                 0                 0                 0                 0                 0                 0                 0                 0 1.83912590636e-17                 1                 1                 0                 1                 1                 0                 1                 1                 0                 1                 1                 0                 1                 1                 0                 1                 1                 0                 1
                0                 0                 0                 0                 0                 0                 0                 0                 0 1.87736233544e-17    0.990602328291                 1                 0                 1                 1                 0                 1                 1                 0                 1                 1                 0                 1                 1                 0                 1                 1                 0                 1
             0              0              0              0              0              0              0              0              0              0 0.990602328291              1              0              1              1              0              1              1              0              1              1              0              1              1              0              1              1              0              1
             0              0              0              0              0              0              0              0              0              0 0.990602328291              1              0              1              1              0              1              1              0              1              1              0              1              1              0              1              1              0              1
             0              0              0              0              0              0              0              0              0              0 0.707106781187              1              0              1              1              0              1              1              0              1              1              0              1              1              0              1              1              0              1
             0              0              0              0              0              0              0              0              0              0 0.707106781187              1              0              1              1              0              1              1              0              1              1              0              1              1              0              1              1              0              1
             0              0              0              0              0              0              0              0              0              0 0.136773634831              1              0              1              1              0              1              1              0              1              1              0              1              1              0              1              1              0              1
             0              0              0              0              0              0              0              0              0              0 0.136773634831              1              0              1              1              0              1              1              0              1              1              0              1              1              0              1              1              0              1
             0              0              0              0              0              0              0              0              0              0              0 0.990602328291              0              1              1              0              1              1              0              1              1              0              1              1              0              1              1              0              1
             0              0              0              0              0              0              0              0              0              0              0 0.990602328291              0              1              1              0              1              1              0              1              1              0              1              1              0              1              1              0              1
             0              0              0              0              0              0              0              0              0              0              0 0.990602328291              0              1              1              0              1              1              0              1              1              0              1              1              0              1              1              0              1
             0              0              0              0              0              0              0              0              0              0              0 0.707106781187              0              1              1              0              1              1              0              1              1              0              1              1              0              1              1              0              1
             0              0              0              0              0              0              0              0              0              0              0 0.136773634831              0              1              1              0              1              1              0              1              1              0              1              1              0              1              1              0              1
             0              0              0              0              0              0              0              0              0              0              0 0.136773634831              0              1              1              0              1              1              0              1              1              0              1              1              0              1              1              0              1
               0                0                0                0                0                0                0                0                0                0                0   0.117220321661 7.4440328841e-16                1                1                0                1                1                0                1                1                0                1                1                0                1                1                0                1
                0                 0                 0                 0                 0                 0                 0                 0                 0                 0                 0                 0 7.67525800667e-16                 1                 1                 0                 1                 1                 0                 1                 1                 0                 1                 1                 0                 1                 1                 0                 1
                0                 0                 0                 0                 0                 0                 0                 0                 0                 0                 0                 0 7.60440141383e-16                 1                 1                 0                 1                 1                 0                 1                 1                 0                 1                 1                 0                 1                 1                 0                 1
                0                 0                 0                 0                 0                 0                 0                 0                 0                 0                 0                 0 2.02523806895e-16                 1                 1                 0                 1                 1                 0                 1                 1                 0                 1                 1                 0                 1                 1                 0                 1
                0                 0                 0                 0                 0                 0                 0                 0                 0                 0                 0                 0 1.76956047961e-17                 1                 1                 0                 1                 1                 0                 1                 1                 0                 1                 1                 0                 1                 1                 0                 1
                0                 0                 0                 0                 0                 0                 0                 0                 0                 0                 0                 0 1.75519261417e-17                 1                 1                 0                 1                 1                 0                 1                 1                 0                 1                 1                 0                 1                 1                 0                 1
                0                 0                 0                 0                 0                 0                 0                 0                 0                 0                 0                 0 1.77798744964e-17    0.990602328291                 1                 0                 1                 1                 0                 1                 1                 0                 1                 1                 0                 1                 1                 0                 1
             0              0              0              0              0              0              0              0              0              0              0              0              0 0.990602328291              1              0              1              1              0              1              1              0              1              1              0              1              1              0              1
             0              0              0              0              0              0              0              0              0              0              0              0              0 0.990602328291              1              0              1              1              0              1              1              0              1              1              0              1              1              0              1
             0              0              0              0              0              0              0              0              0              0              0              0              0 0.707106781187              1              0              1              1              0              1              1              0              1              1              0              1              1              0              1
             0              0              0              0              0              0              0              0              0              0              0              0              0 0.707106781187              1              0              1              1              0              1              1              0              1              1              0              1              1              0              1
             0              0              0              0              0              0              0              0              0              0              0              0              0 0.136773634831              1              0              1              1              0              1              1              0              1              1              0              1              1              0              1
             0              0              0              0              0              0              0              0              0              0              0              0              0 0.136773634831 0.990602328291              0              1              1              0              1              1              0              1              1              0              1              1              0              1
             0              0              0              0              0              0              0              0              0              0              0              0              0              0 0.990602328291              0              1              1              0              1              1              0              1              1              0              1              1              0              1
             0              0              0              0              0              0              0              0              0              0              0              0              0              0 0.990602328291              0              1              1              0              1              1              0              1              1              0              1              1              0              1
             0              0              0              0              0              0              0              0              0              0              0              0              0              0 0.707106781187              0              1              1              0              1              1              0              1              1              0              1              1              0              1
             0              0              0              0              0              0              0              0              0              0              0              0              0              0 0.707106781187              0              1              1              0              1              1              0              1              1              0              1              1              0              1
             0              0              0              0              0              0              0              0              0              0              0              0              0              0 0.136773634831              0              1              1              0              1              1              0              1              1              0              1              1              0              1
                0                 0                 0                 0                 0                 0                 0                 0                 0                 0                 0                 0                 0                 0    0.136773634831 7.65153742203e-16                 1                 1                 0                 1                 1                 0                 1                 1                 0                 1                 1                 0                 1
                0                 0                 0                 0                 0                 0                 0                 0                 0                 0                 0                 0                 0                 0                 0 7.59294685201e-16                 1                 1                 0                 1                 1                 0                 1                 1                 0                 1                 1                 0                 1
                0                 0                 0                 0                 0                 0                 0                 0                 0                 0                 0                 0                 0                 0                 0 7.60516321463e-16                 1                 1                 0                 1                 1                 0                 1                 1                 0                 1                 1                 0                 1
                0                 0                 0                 0                 0                 0                 0                 0                 0                 0                 0                 0                 0                 0                 0 2.97504608925e-16                 1                 1                 0                 1                 1                 0                 1                 1                 0                 1                 1                 0                 1
                0                 0                 0                 0                 0                 0                 0                 0                 0                 0                 0                 0                 0                 0                 0 1.94253817327e-16                 1                 1                 0                 1                 1                 0                 1                 1                 0                 1                 1                 0                 1
0 0 0 0 0 0 0 0 0 0 0 0 0 0 0 0 1 1 0 1 1 0 1 1 0 1 1 0 1
                0                 0                 0                 0                 0                 0                 0                 0                 0                 0                 0                 0                 0                 0                 0 1.72419298573e-17                 1                 1                 0                 1                 1                 0                 1                 1                 0                 1                 1                 0                 1
             0              0              0              0              0              0              0              0              0              0              0              0              0              0              0              0 0.990602328291              1              0              1              1              0              1              1              0              1              1              0              1
             0              0              0              0              0              0              0              0              0              0              0              0              0              0              0              0 0.990602328291              1              0              1              1              0              1              1              0              1              1              0              1
             0              0              0              0              0              0              0              0              0              0              0              0              0              0              0              0 0.707106781187              1              0              1              1              0              1              1              0              1              1              0              1
             0              0              0              0              0              0              0              0              0              0              0              0              0              0              0              0 0.707106781187              1              0              1              1              0              1              1              0              1              1              0              1
             0              0              0              0              0              0              0              0              0              0              0              0              0              0              0              0 0.136773634831              1              0              1              1              0              1              1              0              1              1              0              1
             0              0              0              0              0              0              0              0              0              0              0              0              0              0              0              0 0.136773634831              1              0              1              1              0              1              1              0              1              1              0              1
             0              0              0              0              0              0              0              0              0              0              0              0              0              0              0              0              0 0.990602328291              0              1              1              0              1              1              0              1              1              0              1
             0              0              0              0              0              0              0              0              0              0              0              0              0              0              0              0              0 0.990602328291              0              1              1              0              1              1              0              1              1              0              1
