0.305553387727 0.428253915609 0.707106781187 0.990602326108              1              1              1              1              1              1              1              1              1              1              1              1              1              1              1              1              1              1              1              1              0              0              0              0              0
0.305553387727 0.428253915609 0.707106781187 0.990602326108              1              1              1              1              1              1              1              1              1              1              1              1              1              1              1              1              1              1              1              1              0              0              0              0              0
0.305553387727 0.428253915609 0.707106781187 0.990602326108              1              1              1              1              1              1              1              1              1              1              1              1              1              1              1              1              1              1              1              1              0              0              0              0              0
0.0808729817969  0.117220217521  0.707106781187  0.990602326108               1               1               1               1               1               1               1               1               1               1               1               1               1               1               1               1               1               1               1               1               0               0               0               0               0
0.0808729817969  0.117220217521  0.707106781187  0.990602326108               1               1               1               1               1               1               1               1               1               1               1               1               1               1               1               1               1               1               1               1               0               0               0               0               0
0.0808729817969  0.117220217521  0.707106781187  0.990602326108               1               1               1               1               1               1               1               1               1               1               1               1               1               1               1               1               1               1               1               1               0               0               0               0               0
0.0808729817969  0.117220217521  0.707106781187  0.990602326108               1               1               1               1               1               1               1               1               1               1               1               1               1               1               1               1               1               1               1               1               0               0               0               0               0
0.0808729817969  0.117220217521  0.707106781187  0.990602326108               1               1               1               1               1               1               1               1               1               1               1               1               1               1               1               1               1               1               1               1               0               0               0               0               0
0.0808729817969  0.117220217521  0.136773650639  0.990602326108               1               1               1               1               1               1               1               1               1               1               1               1               1               1               1               1               1               1               1               1               0               0               0               0               0
             0 0.117220217521 0.136773650639 0.990602326108              1              1              1              1              1              1              1              1              1              1              1              1              1              1              1              1              1              1              1              1              0              0              0              0              0
             0 0.117220217521 0.136773650639 0.707106781187 0.990602326108              1              1              1              1              1              1              1              1              1              1              1              1              1              1              1              1              1              1              1              0              0              0              0              0
             0              0 0.136773650639 0.707106781187 0.990602326108              1              1              1              1              1              1              1              1              1              1              1              1              1              1              1              1              1              1              1              0              0              0              0              0
             0              0 0.136773650639 0.707106781187 0.990602326108              1              1              1              1              1              1              1              1              1              1              1              1              1              1              1              1              1              1              1              0              0              0              0              0
             0              0 0.136773650639 0.707106781187 0.990602326108              1              1              1              1              1              1              1              1              1              1              1              1              1              1              1              1              1              1              1              0              0              0              0              0
             0              0 0.136773650639 0.707106781187 0.990602326108              1              1              1              1              1              1              1              1              1              1              1              1              1              1              1              1              1              1              1              0              0              0              0              0
             0              0 0.136773650639 0.136773650639 0.990602326108              1              1              1              1              1              1              1              1              1              1              1              1              1              1              1              1              1              1              1              0              0              0              0              0
             0              0              0 0.136773650639 0.990602326108              1              1              1              1              1              1              1              1              1              1              1              1              1              1              1              1              1              1              1              0              0              0              0              0
             0              0              0 0.136773650639 0.990602326108 0.990602326108              1              1              1              1              1              1              1              1              1              1              1              1              1              1              1              1              1              1              0              0              0              0              0
             0              0              0 0.136773650639 0.707106781187 0.990602326108              1              1              1              1              1              1              1              1              1              1              1              1              1              1              1              1              1              1              0              0              0              0              0
             0              0              0 0.136773650639 0.707106781187 0.990602326108              1              1              1              1              1              1              1              1              1              1              1              1              1              1              1              1              1              1              0              0              0              0              0
             0              0              0 0.136773650639 0.707106781187 0.990602326108              1              1              1              1              1              1              1              1              1              1              1              1              1              1              1              1              1              1              0              0              0              0              0
             0              0              0 0.136773650639 0.707106781187 0.990602326108              1              1              1              1              1              1              1              1              1              1              1              1              1              1              1              1              1              1              0              0              0              0              0
             0              0              0              0 0.136773650639 0.990602326108              1              1              1              1              1              1              1              1              1              1              1              1              1              1              1              1              1              1              0              0              0              0              0
             0              0              0              0 0.136773650639 0.990602326108              1              1              1              1              1              1              1              1              1              1              1              1              1              1              1              1              1              1              0              0              0              0              0
             0              0              0              0 0.136773650639 0.707106781187 0.990602326108              1              1              1              1              1              1              1              1              1              1              1              1              1              1              1              1              1              0              0              0              0              0
             0              0              0              0 0.136773650639 0.707106781187 0.990602326108              1              1              1              1              1              1              1              1              1              1              1              1              1              1              1              1              1              0              0              0              0              0
             0              0              0              0 0.136773650639 0.707106781187 0.990602326108              1              1              1              1              1              1              1              1              1              1              1              1              1              1              1              1              1              0              0              0              0              0
             0              0              0              0 0.136773650639 0.707106781187 0.990602326108              1              1              1              1              1              1              1              1              1              1              1              1              1              1              1              1              1              0              0              0              0              0
             0              0              0              0              0 0.136773650639 0.990602326108              1              1              1              1              1              1              1              1              1              1              1              1              1              1              1              1              1              0              0              0              0              0
             0              0              0              0              0 0.136773650639 0.990602326108              1              1              1              1              1              1              1              1              1              1              1              1              1              1              1              1              1              0              0              0              0              0
             0              0              0              0              0 0.136773650639 0.990602326108 0.990602326108              1              1              1              1              1              1              1              1              1              1              1              1              1              1              1              1              0              0              0              0              0
             0              0              0              0              0 0.136773650639 0.707106781187 0.990602326108              1              1              1              1              1              1              1              1              1              1              1              1              1              1              1              1              0              0              0              0              0
             0              0              0              0              0 0.136773650639 0.707106781187 0.990602326108              1              1              1              1              1              1              1              1              1              1              1              1              1              1              1              1              0              0              0              0              0
             0              0              0              0              0 0.136773650639 0.707106781187 0.990602326108              1              1              1              1              1              1              1              1              1              1              1              1              1              1              1              1              0              0              0              0              0
             0              0              0              0              0              0 0.136773650639 0.990602326108              1              1              1              1              1              1              1              1              1              1              1              1              1              1              1              1              0              0              0              0              0
             0              0              0              0              0              0 0.136773650639 0.990602326108              1              1              1              1              1              1              1              1              1              1              1              1              1              1              1              1              0              0              0              0              0
             0              0              0              0              0              0 0.136773650639 0.990602326108 0.990602326108              1              1              1              1              1              1              1              1              1              1              1              1              1              1              1              0              0              0              0              0
             0              0              0              0              0              0 0.136773650639 0.707106781187 0.990602326108              1              1              1              1              1              1              1              1              1              1              1              1              1              1              1              0              0              0              0              0
             0              0              0              0              0              0 0.136773650639 0.707106781187 0.990602326108              1              1              1              1              1              1              1              1              1              1              1              1              1              1              1              0              0              0              0              0
             0              0              0              0              0              0 0.136773650639 0.707106781187 0.990602326108              1              1              1              1              1              1              1              1              1              1              1              1              1              1              1              0              0              0              0              0
             0              0              0              0              0              0 0.136773650639 0.136773650639 0.990602326108              1              1              1              1              1              1              1              1              1              1              1              1              1              1              1              0              0              0              0              0
             0              0              0              0              0              0              0 0.136773650639 0.990602326108              1              1              1              1              1              1              1              1              1              1              1              1              1              1              1              0              0              0              0              0
             0              0              0              0              0              0              0 0.136773650639 0.990602326108 0.990602326108              1              1              1              1              1              1              1              1              1              1              1              1              1              1              0              0              0              0              0
             0              0              0              0              0              0              0 0.136773650639 0.707106781187 0.990602326108              1              1              1              1              1              1              1              1              1              1              1              1              1              1              0              0              0              0              0
             0              0              0              0              0              0              0 0.136773650639 0.707106781187 0.990602326108              1              1              1              1              1              1              1              1              1              1              1              1              1              1              0              0              0              0              0
             0              0              0              0              0              0              0 0.136773650639 0.707106781187 0.990602326108              1              1              1              1              1              1              1              1              1              1              1              1              1              1              0              0              0              0              0
             0              0              0              0              0              0              0 0.136773650639 0.707106781187 0.990602326108              1              1              1              1              1              1              1              1              1              1              1              1              1              1              0              0              0              0              0
             0              0              0              0              0              0              0              0 0.136773650639 0.990602326108              1              1              1              1              1              1              1              1              1              1              1              1              1              1              0              0              0              0              0
             0              0              0              0              0              0              0              0 0.136773650639 0.990602326108 0.990602326108              1              1              1              1              1              1              1              1              1              1              1              1              1              0              0              0              0              0
             0              0              0              0              0              0              0              0 0.136773650639 0.707106781187 0.990602326108              1              1              1              1              1              1              1              1              1              1              1              1              1              0              0              0              0              0
             0              0              0              0              0              0              0              0 0.136773650639 0.707106781187 0.990602326108              1              1              1              1              1              1              1              1              1              1              1              1              1              0              0              0              0              0
             0              0              0              0              0              0              0              0 0.136773650639 0.707106781187 0.990602326108              1              1              1              1              1              1              1              1              1              1              1              1              1              0              0              0              0              0
             0              0              0              0              0              0              0              0 0.136773650639 0.707106781187 0.990602326108              1              1              1              1              1              1              1              1              1              1              1              1              1              0              0              0              0              0
             0              0              0              0              0              0              0              0              0 0.136773650639 0.990602326108              1              1              1              1              1              1              1              1              1              1              1              1              1              0              0              0              0              0
             0              0              0              0              0              0              0              0              0 0.136773650639 0.990602326108              1              1              1              1              1              1              1              1              1              1              1              1              1              0              0              0              0              0
             0              0              0              0              0              0              0              0              0 0.136773650639 0.707106781187 0.990602326108              1              1              1              1              1              1              1              1              1              1              1              1              0              0              0              0              0
             0              0              0              0              0              0              0              0              0 0.136773650639 0.707106781187 0.990602326108              1              1              1              1              1              1              1              1              1              1              1              1              0              0              0              0              0
             0              0              0              0              0              0              0              0              0 0.136773650639 0.707106781187 0.990602326108              1              1              1              1              1              1              1              1              1              1              1              1              0              0              0              0              0
             0              0              0              0              0              0              0              0              0 0.136773650639 0.707106781187 0.990602326108              1              1              1              1              1              1              1              1              1              1              1              1              0              0              0              0              0
             0              0              0              0              0              0              0              0              0              0 0.136773650639 0.990602326108              1              1              1              1              1              1              1              1              1              1              1              1              0              0              0              0              0
             0              0              0              0              0              0              0              0              0              0 0.136773650639 0.990602326108              1              1              1              1              1              1              1              1              1              1              1              1              0              0              0              0              0
             0              0              0              0              0              0              0              0              0              0 0.136773650639 0.990602326108 0.990602326108              1              1              1              1              1              1              1              1              1              1              1              0              0              0              0              0
             0              0              0              0              0              0              0              0              0              0 0.136773650639 0.707106781187 0.990602326108              1              1              1              1              1              1              1              1              1              1              1              0              0              0              0              0
             0              0              0              0              0              0              0              0              0              0 0.136773650639 0.707106781187 0.990602326108              1              1              1              1              1              1              1              1              1              1              1              0              0              0              0              0
             0              0              0              0              0              0              0              0              0              0 0.136773650639 0.707106781187 0.990602326108              1              1              1              1              1              1              1              1              1              1              1              0              0              0              0              0
             0              0              0              0              0              0              0              0              0              0 0.136773650639 0.707106781187 0.990602326108              1              1              1              1              1              1              1              1              1              1              1              0              0              0              0              0
             0              0              0              0              0              0              0              0              0              0              0 0.136773650639 0.990602326108              1              1              1              1              1              1              1              1              1              1              1              0              0              0              0              0
             0              0              0              0              0              0              0              0              0              0              0 0.136773650639 0.990602326108 0.990602326108              1              1              1              1              1              1              1              1              1              1              0              0              0              0              0
             0              0              0              0              0              0              0              0              0              0              0 0.136773650639 0.707106781187 0.990602326108              1              1              1              1              1              1              1              1              1              1              0              0              0              0              0
             0              0              0              0              0              0              0              0              0              0              0 0.136773650639 0.707106781187 0.990602326108              1              1              1              1              1              1              1              1              1              1              0              0              0              0              0
             0              0              0              0              0              0              0              0              0              0              0 0.136773650639 0.707106781187 0.990602326108              1              1              1              1              1              1              1              1              1              1              0              0              0              0              0
             0              0              0              0              0              0              0              0              0              0              0 0.136773650639 0.707106781187 0.990602326108              1              1              1              1              1              1              1              1              1              1              0              0              0              0              0
             0              0              0              0              0              0              0              0              0              0              0              0 0.136773650639 0.990602326108              1              1              1              1              1              1              1              1              1              1              0              0              0              0              0
             0              0              0              0              0              0              0              0              0              0              0              0 0.136773650639 0.990602326108 0.990602326108              1              1              1              1              1              1              1              1              1              0              0              0              0              0
             0              0              0              0              0              0              0              0              0              0              0              0 0.136773650639 0.707106781187 0.990602326108              1              1              1              1              1              1              1              1              1              0              0              0              0              0
             0              0              0              0              0              0              0              0              0              0              0              0 0.136773650639 0.707106781187 0.990602326108              1              1              1              1              1              1              1              1              1              0              0              0              0              0
             0              0              0              0              0              0              0              0              0              0              0              0 0.136773650639 0.707106781187 0.990602326108              1              1              1              1              1              1              1              1              1              0              0              0              0              0
             0              0              0              0              0              0              0              0              0              0              0              0 0.136773650639 0.707106781187 0.990602326108              1              1              1              1              1              1              1              1              1              0              0              0              0              0
             0              0              0              0              0              0              0              0              0              0              0              0              0 0.136773650639 0.990602326108              1              1              1              1              1              1              1              1              1              0              0              0              0              0
             0              0              0              0              0              0              0              0              0              0              0              0              0 0.136773650639 0.990602326108 0.990602326108              1              1              1              1              1              1              1              1              0              0              0              0              0
             0              0              0              0              0              0              0              0              0              0              0              0              0 0.136773650639 0.707106781187 0.990602326108              1              1              1              1              1              1              1              1              0              0              0              0              0
             0              0              0              0              0              0              0              0              0              0              0              0              0 0.136773650639 0.707106781187 0.990602326108              1              1              1              1              1              1              1              1              0              0              0              0              0
             0              0              0              0              0              0              0              0              0              0              0              0              0 0.136773650639 0.707106781187 0.990602326108              1              1              1              1              1              1              1              1              0              0              0              0              0
             0              0              0              0              0              0              0              0              0              0              0              0              0 0.136773650639 0.707106781187 0.990602326108              1              1              1              1              1              1              1              1              0              0              0              0              0
             0              0              0              0              0              0              0              0              0              0              0              0              0              0 0.136773650639 0.990602326108              1              1              1              1              1              1              1              1              0              0              0              0              0
             0              0              0              0              0              0              0              0              0              0              0              0              0              0 0.136773650639 0.990602326108 0.990602326108              1              1              1              1              1              1              1              0              0              0              0              0
             0              0              0              0              0              0              0              0              0              0              0              0              0              0 0.136773650639 0.707106781187 0.990602326108              1              1              1              1              1              1              1              0              0              0              0              0
             0              0              0              0              0              0              0              0              0              0              0              0              0              0 0.136773650639 0.707106781187 0.990602326108              1              1              1              1              1              1              1              0              0              0              0              0
             0              0              0              0              0              0              0              0              0              0              0              0              0              0 0.136773650639 0.707106781187 0.990602326108              1              1              1              1              1              1              1              0              0              0              0              0
             0              0              0              0              0              0              0              0              0              0              0              0              0              0 0.136773650639 0.707106781187 0.990602326108              1              1              1              1              1              1              1              0              0              0              0              0
             0              0              0              0              0              0              0              0              0              0              0              0              0              0              0 0.136773650639 0.990602326108              1              1              1              1              1              1              1              0              0              0              0              0
             0              0              0              0              0              0              0              0              0              0              0              0              0              0              0 0.136773650639 0.990602326108 0.990602326108              1              1              1              1              1              1              0              0              0              0              0
             0              0              0              0              0              0              0              0              0              0              0              0              0              0              0 0.136773650639 0.707106781187 0.990602326108              1              1              1              1              1              1              0              0              0              0              0
             0              0              0              0              0              0              0              0              0              0              0              0              0              0              0 0.136773650639 0.707106781187 0.990602326108              1              1              1              1              1              1              0              0              0              0              0
