4.67052725442e-05 0.000236584534379  0.00101339467575  0.00140335952697  0.00098953919455 0.000696344128611 0.000491479009605 0.000346656380194 0.000244536137674 0.000172994469063 0.000123774899987 8.82570506384e-05 6.32560292371e-05 4.78130508902e-05 3.75224534407e-05  3.1296408612e-05 2.84438073627e-05  2.6846784949e-05 2.62723231726e-05 2.56907510925e-05 2.60481332147e-05 2.61226045577e-05 2.74188241872e-05 2.69188728398e-05 2.61022438971e-05 2.73002563064e-05 2.62730790217e-05 2.62508728147e-05 2.73790391318e-05
2.82769965849e-05 0.000219647044546  0.00133603460698   0.0014141122203 0.000995868822956 0.000700620463914 0.000498044743343 0.000350097151203 0.000250643803416 0.000179093594121 0.000131963959412  9.6185459335e-05  6.9223406945e-05 5.58328734326e-05 4.60500595618e-05 3.88475852369e-05 3.29732563701e-05 3.10221039836e-05  2.9770032291e-05 2.80345857266e-05 2.74127114725e-05 2.68683189438e-05 2.83339341249e-05 2.73271660697e-05 2.61822546387e-05 2.65995660148e-05 2.59572446938e-05 2.55958731969e-05  2.6398139619e-05
7.64038777798e-05 0.000401087810989  0.00153563298552  0.00147319727788  0.00107996695196 0.000718758148657 0.000523985910925 0.000373889108393 0.000273098348659 0.000202035082054 0.000162287673751 0.000123132181173 8.55691070283e-05 7.46701126073e-05 6.62900363438e-05  5.5046040756e-05 4.37535054522e-05 4.21509954243e-05 3.98351675674e-05 3.57865038269e-05 3.41864524012e-05 3.15105777454e-05  3.3481989556e-05 3.10886615744e-05 3.04131405511e-05 3.04703252334e-05 2.87351966267e-05 2.82456889879e-05 2.83036276883e-05
0.000250133484047 0.000361575311765  0.00151649861526  0.00172965336733  0.00136833547323 0.000794880790643 0.000621928166143 0.000451802969605 0.000364231120257 0.000285126086539 0.000250487355498 0.000194571952003 0.000128653549986 0.000123036725909 0.000112384142057 9.16686040223e-05 6.68186109135e-05  6.4917639999e-05 5.96152818214e-05 4.75306229701e-05 4.33241836346e-05 4.00498364925e-05 4.21151011282e-05 3.65912639285e-05 3.53122950433e-05 3.53381742654e-05 3.25854128339e-05 3.18072529534e-05 3.20728513751e-05
 0.00136782310244 0.000224767403916  0.00103360285407   0.0018929705871  0.00157304411348 0.000980640624268 0.000861721590381   0.0006958527172 0.000609573863719 0.000514791391172 0.000501277478756 0.000425576773883 0.000305133447364 0.000299697528617 0.000267565237017 0.000213953742182  0.00013874401712 0.000137235084782 0.000128620662974 9.21625589871e-05 8.03844064839e-05 7.04364370007e-05 7.09105592579e-05 5.44004834343e-05 5.40890812644e-05 5.23333663496e-05 4.45644677158e-05 4.26195523179e-05 4.37259519295e-05
 0.00156190101439 0.000402706634804 0.000976289863796  0.00229155757037   0.0023806650548   0.0015879873141  0.00134644241214  0.00114908075505  0.00107663855843 0.000965954056705 0.000958047216086 0.000856202551142  0.00065208535405  0.00064469109268 0.000596869658533 0.000507464946251 0.000348586999843 0.000337416359842  0.00030863407035 0.000211742739188 0.000186908449794 0.000161710152864 0.000159996068309 0.000109210389414 0.000109533299399 0.000104131810795 8.23617843965e-05 7.68318069674e-05 8.23269855193e-05
0.000287223278348 0.000910058764891 0.000634712848789  0.00248495542968  0.00298484987872  0.00206889725087  0.00175920551378  0.00158627857606  0.00151617829689   0.0014090355298  0.00140059244203  0.00129150139057  0.00110241847529  0.00110326697785  0.00105934192561 0.000959306257121 0.000776890592626 0.000788739297499 0.000732931103654 0.000609535150871 0.000524065415771 0.000444470654573 0.000451101705377 0.000311753373141 0.000322172800943 0.000297619571971 0.000246554192838 0.000236922262011  0.00025206893181
0.000104775188782 0.000947133673572 0.000874790977212  0.00258088741935  0.00360674006748  0.00342297808293  0.00259974554454  0.00214493383216  0.00206778283791  0.00197207240318  0.00197225922978  0.00189014508031  0.00171147768543  0.00171188937991  0.00166895746848   0.0015868182049  0.00142465126433  0.00142341716643  0.00139215477486  0.00128678272428  0.00122596633821  0.00118271079829  0.00117684475816  0.00110519328442  0.00109654764399   0.0010852865774  0.00103773048528  0.00103422524688   0.0010169821622
0.000140938711369 0.000832709946074  0.00105403954228  0.00240101052145  0.00357732972408   0.0037649682525  0.00327367896199  0.00294845170366   0.0028761995289  0.00288398097479  0.00288088888732  0.00289399858014  0.00291814700665  0.00291747914685  0.00292280435631  0.00293357646564  0.00295237411748  0.00295235846691  0.00295663770563  0.00296891378654  0.00297630641845  0.00298393519046  0.00298369002886  0.00299913056846  0.00299806046573   0.0030015721356  0.00301200188137  0.00301224018652  0.00301265738819
0.000133452368444  0.00105259798559  0.00148722821369  0.00259758154933  0.00346056197125  0.00361451981816  0.00350213591525  0.00351679224917  0.00350400073393  0.00351750302711  0.00351500369217  0.00353317086288  0.00356822926032  0.00356783716731  0.00357628576323  0.00359267273662  0.00362601981016  0.00362517387214  0.00363207548284  0.00365281549489  0.00366485550074  0.00367570267328  0.00367558051248   0.0036943576827  0.00369435943559   0.0036969194902  0.00370472681612  0.00370645542421   0.0037059784183
0.000284659237836  0.00129157096729  0.00205057734484  0.00321412003416  0.00388911172234  0.00389315129033  0.00379860955397  0.00371156635782  0.00367601902045  0.00365324283874  0.00364954194128   0.0036327442576  0.00361128197077  0.00361091498617  0.00360634123104  0.00359732617981  0.00357988557443  0.00357963193669  0.00357533336842  0.00356257395661   0.0035566119154  0.00355124680236  0.00355148363462   0.0035423054044  0.00354242579296  0.00354081469107  0.00353640324096  0.00353604566258  0.00353574753906
0.000109510636428  0.00108214482455  0.00162966845867  0.00251980592073  0.00388972033149  0.00452135607958  0.00426247410026  0.00408650998143  0.00403219707291   0.0040150007572  0.00400887899182  0.00401741118534  0.00403498304953  0.00403450278529  0.00403877008634  0.00404843155071  0.00406853042652  0.00406839133537  0.00407362675667  0.00408912010898  0.00409686761755  0.00410366178894  0.00410342256981   0.0041148671104  0.00411462959166   0.0041167146799  0.00412178042942  0.00412243612443  0.00412309173009
5.38628901269e-05  0.00115977682883  0.00182778784147  0.00244092089255  0.00342330943016  0.00414845680455  0.00418280052861  0.00389225373351  0.00373281017687  0.00370293019002   0.0036972534164  0.00370918435364  0.00373629640177  0.00373529306905  0.00374185427996  0.00375523930186  0.00377923339231  0.00378038631067   0.0037858582917  0.00380182644587  0.00380861939772  0.00381445977838  0.00381457851841  0.00382435387692   0.0038245332022     0.00382643993  0.00383138659225  0.00383305555486  0.00383371116293
8.95753214755e-05 0.000992322706949  0.00165543118043   0.0020804353694  0.00294940339471  0.00370466182233   0.0039683714648  0.00361213843487   0.0033672655158  0.00330333453401  0.00329032276191  0.00328209499313  0.00326313399286  0.00326237971776  0.00325693634994  0.00324700239913  0.00322827824389  0.00322822386808  0.00322438723736  0.00321317269095  0.00320804341222   0.0032036314807  0.00320351177738   0.0031964784616  0.00319534623832  0.00319486899207  0.00319176916436  0.00319057707186  0.00318974256878
5.64858386366e-05  0.00128222449362  0.00224375650898  0.00266122119614  0.00310894996387  0.00351975216974  0.00377149410624  0.00366537641657  0.00358494299456  0.00352753724381   0.0035082373888  0.00349617700213  0.00347561542844  0.00347452757726  0.00346969549166   0.0034606238001  0.00344481889222  0.00344473259229  0.00344088064748  0.00343025578336  0.00342476666712  0.00342011568494  0.00342035353632  0.00341236646207  0.00341343952078  0.00341159143314  0.00340878965988  0.00340795521219  0.00340777636377
8.85458040157e-05  0.00133501984321  0.00203398090682  0.00239126764049  0.00289736510297  0.00394035181019  0.00433922311607  0.00413433302432  0.00399968061288  0.00391356110157   0.0038871484734  0.00387164085195  0.00384767876591  0.00384633371665  0.00384048660638  0.00382986836775  0.00381338817959  0.00381325458019  0.00381068792977  0.00380303106389  0.00380015942685  0.00379765234248  0.00379753199514  0.00379335942496  0.00379341903781  0.00379228625621  0.00378936533593  0.00378876925299  0.00378876925259
0.000455762783275  0.00106251611962  0.00208495157767  0.00238628345773  0.00335610749562  0.00452626460822  0.00474376520224  0.00471193378208   0.0046680987431  0.00460858184755  0.00459606229474  0.00457972321331  0.00456036331288  0.00455612925209  0.00455015306966  0.00454142948819  0.00452677162744   0.0045266100149  0.00452337695039   0.0045146144735  0.00450970202222  0.00450540107097  0.00450563633871  0.00449836362499  0.00449830373138  0.00449746887273    0.004494905538  0.00449448825488  0.00449454785152
2.57851108941e-05  0.00118172458706  0.00222633220351  0.00299784282341  0.00375375682294  0.00465850166854   0.0050327529907   0.0047947879747  0.00468236625978  0.00467247961641  0.00463834706914  0.00466316695484  0.00471871039353   0.0047168774511  0.00472825488654  0.00475371523905  0.00479768886042  0.00479725037994  0.00480579206656  0.00483033603113  0.00484148453588  0.00485075945682  0.00485051227278  0.00486564875485  0.00486564763758  0.00486743509749  0.00487291825843  0.00487428904901  0.00487548114532
9.10184404347e-05  0.00117204353782  0.00204127991211  0.00270036594463   0.0037770812406  0.00432168879689  0.00463535180314  0.00451495005012  0.00444336829261  0.00435229464217  0.00432178118534  0.00428202130562   0.0042501320533  0.00424958112354  0.00424458639514  0.00423421296209   0.0042187417054  0.00421832711644  0.00421578042042   0.0042089434384  0.00420647939264  0.00420489359304  0.00420487878542  0.00420260812064  0.00420272527292  0.00420296268596  0.00420266409493  0.00420260432716  0.00420171030834
0.000237829948219  0.00115581205742  0.00203294541475  0.00268283596844   0.0035349616916  0.00400154117813  0.00431203833492   0.0042639280167  0.00425154247207  0.00425633820632  0.00424674466762  0.00425557302112  0.00428049686116   0.0042780033117  0.00428403399095  0.00429733435237  0.00431875670973  0.00431875685253  0.00432251012687  0.00433427993513  0.00433978708452   0.0043445041448   0.0043445995886  0.00435269564254  0.00435257245453  0.00435400121175  0.00435817272561  0.00435864932851  0.00435847048698
0.000398316862063  0.00132999279524  0.00223330562627  0.00278790290443  0.00341367371732  0.00371767476204  0.00370126587953  0.00366889416476  0.00364554544743   0.0036137161008  0.00355667482078  0.00357076648507   0.0036108233785  0.00360806311853  0.00361791265917  0.00363886959865  0.00367832924458  0.00367836870591  0.00368726352545  0.00371329153592  0.00372657423071  0.00373821115862  0.00373806678824  0.00375808184564  0.00375807661591  0.00376117377973  0.00376981542636  0.00377142441198  0.00377118596974
0.000152597071213  0.00119908987558  0.00213493494793  0.00268040153155   0.0031265924804  0.00319927772521  0.00301960984488  0.00289023461181  0.00282742780229  0.00276493091383  0.00272306766526  0.00268216576172  0.00262914907324  0.00262554023314  0.00261399189226  0.00259396172561  0.00256035000023  0.00256039384314  0.00255336184533   0.0025333021554  0.00252348773814  0.00251499329638  0.00251485561625  0.00250066035855  0.00250065619454  0.00249862781718  0.00249290499057  0.00249183187579  0.00249189144958
0.000410259804207  0.00101002828291  0.00152726463921  0.00219512666819   0.0020301821354  0.00235830174984  0.00352557952895  0.00403905004377  0.00369646664484  0.00335548661459  0.00314977179181  0.00307904654978  0.00300720411142  0.00300193646555  0.00298297715125   0.0029502134275  0.00289157894046  0.00289124505351  0.00287864650733   0.0028415708261  0.00282294766586  0.00282375333728   0.0027890426013  0.00277770567198  0.00277769985682  0.00277280967363  0.00275903988122   0.0027567745265  0.00275677449706
0.00014889242961 0.00111946424163  0.0018009310104 0.00243813612223 0.00270206298898 0.00321359069932 0.00415817034114 0.00469713091924 0.00458122178638 0.00448604103691 0.00441336402292 0.00441521385932 0.00441705347985 0.00440888564807 0.00440101079903 0.00439127119748 0.00437142633616 0.00437118506351 0.00436726245104 0.00435621592765 0.00435193153403 0.00433093353108 0.00436536241791 0.00434197973117 0.00434196921208 0.00434065253885 0.00433731212299 0.00433725157086 0.00433731102446
7.49852430564e-05  0.00123810101052  0.00227768663691  0.00288767194366  0.00310038550967  0.00377133039652  0.00446334699095  0.00490132226861  0.00485476164575  0.00483862396851   0.0048296257388  0.00483776184605  0.00488081872189  0.00487949792102   0.0048921295053  0.00491958946682  0.00497600485058  0.00497540005981  0.00498749675679  0.00502384671328  0.00504198984375  0.00505797240979  0.00505832327149  0.00508572922811  0.00508583828989  0.00509060018491  0.00510359054594  0.00510567518381  0.00510644968074
0.000441596443927  0.00127484187986  0.00210367765002  0.00268725596598  0.00321366615537  0.00398441284436  0.00436853438337  0.00459494737843  0.00458029327381  0.00456805941178  0.00456384217356  0.00456699409509  0.00456719648074  0.00456628812051  0.00456654215775   0.0045635552186   0.0045559855984  0.00455542222685  0.00455342949428  0.00454808350529   0.0045456931452  0.00454415502845  0.00454404014116   0.0045420100453  0.00454152714336  0.00454152208034  0.00454169771723  0.00454139815637  0.00454074210615
0.000147408107674  0.00154239552367  0.00271085951096  0.00323607754633  0.00392343605171  0.00477029565456  0.00480518579182  0.00466685882916  0.00450371737528  0.00446506514955  0.00444432132537  0.00443921591132  0.00444325575631  0.00444419755816  0.00444299440251  0.00444461035753  0.00444646178862  0.00444602461845  0.00444518420535  0.00444608581147  0.00444257621305  0.00444352905381  0.00444341749801  0.00444151165341  0.00444198607944  0.00444150549859  0.00444090648021  0.00444084528255  0.00444096401372
3.9603044281e-05  0.0011824003663 0.00239354032305 0.00326054470535 0.00383626225057 0.00460926008131 0.00448343233984   0.004136905993 0.00391712902287 0.00392335678601 0.00389478551057 0.00390676845805 0.00392874913943 0.00393076748647 0.00393464602243 0.00394240414333 0.00395625534989 0.00395602958818 0.00395992159101 0.00396857325133 0.00397624956219 0.00397861700079 0.00397885057149 0.00398660306346 0.00398648420487 0.00398767448848 0.00399053347246 0.00399077062884 0.00399053175761
0.00033249700126 0.00113396672864 0.00189191353453 0.00249213194935 0.00285798589884 0.00268142083933 0.00263513282365  0.0034093483563 0.00385733866083 0.00357441580445 0.00340038411625 0.00331412896907  0.0032991904557 0.00329787320401 0.00329544710112 0.00329024936895 0.00327786638296 0.00327644112609 0.00327289065439 0.00326190343331 0.00325789778252 0.00325453623678 0.00325465293422  0.0032494102035 0.00324941122416 0.00324881430742 0.00324678624483 0.00324678520309 0.00324696367185
8.03643172371e-05  0.00110856958349  0.00166810375462  0.00221077325139  0.00247482791839  0.00217352448215  0.00258217096789   0.0034822742082  0.00410099613578  0.00387158020116  0.00369161576602  0.00354324544067  0.00351695806436  0.00350470388125  0.00349890881318  0.00348824346671  0.00346421494287  0.00346482327691  0.00345854756012  0.00344195201961  0.00343303793206  0.00342763476448  0.00342273774298  0.00341105618233  0.00341093869957    0.003408196874  0.00340080484571  0.00339919438345  0.00339919392406
7.32297636854e-05  0.00107130372971  0.00173156343998  0.00231616263322  0.00264368639495    0.002710640048  0.00324214089635  0.00399751617569  0.00449307525331  0.00443161028785  0.00436222628699  0.00432617707367  0.00432002126122  0.00431415616669   0.0043130880112  0.00430787698109  0.00429853674277  0.00429877090701  0.00429809227774  0.00429589586781  0.00429483587201   0.0042922749622   0.0042970218577  0.00429451491376  0.00429487409313  0.00429535189198  0.00429666274984  0.00429684065376  0.00429689976111
2.77468365775e-05  0.00126654819716  0.00208937060764  0.00264850236478  0.00299852216068  0.00316009786324   0.0037852456599  0.00423806016062  0.00449538064366  0.00449860750998  0.00446289562584  0.00444234398344  0.00445136288966  0.00446125401607  0.00446825233589  0.00448480883286  0.00451613686063  0.00451673677525  0.00452225242715  0.00454008007665  0.00454854540922  0.00455562702366  0.00455571335682  0.00456810091197  0.00456786201136  0.00456988976452  0.00457561202609  0.00457632682787  0.00457579007858
8.03399234167e-05  0.00114341107142  0.00219948964106  0.00291098468359  0.00339243689125  0.00384479084587  0.00438977857103  0.00459418326317  0.00462036613069   0.0045431281204  0.00453423342434  0.00452736415467  0.00452335444812   0.0045238481416  0.00452333884698  0.00452329614995  0.00452473688559  0.00452173403732  0.00452059665689   0.0045166274041  0.00451483785173  0.00451165873348  0.00451137712709  0.00450730696564  0.00450730333395  0.00450682710545  0.00450527799371  0.00450563551031  0.00450587369638
3.90580335168e-05  0.00135941917884  0.00260453236185  0.00328757171607  0.00383567387728  0.00454154190483  0.00501073320355  0.00488928680889  0.00447304716237  0.00421083798926  0.00416441360087  0.00415268922852  0.00417778161272  0.00416838637848  0.00417132220946  0.00417654620034  0.00418089761172  0.00418235247702   0.0041835498857  0.00418974752867  0.00419167161813  0.00419385976201  0.00419428970554  0.00419784378028  0.00419783669028  0.00419831291822  0.00419986324991  0.00420016138613   0.0042008169423
6.94756337527e-05    0.001307758028  0.00223813188265  0.00284269819018  0.00329272185407  0.00362278937965  0.00376660072972  0.00322876647453  0.00333752097126  0.00344699948996  0.00341900358791  0.00340014921475  0.00338373243885  0.00338833192519  0.00338903989537  0.00339246608047  0.00340303795211  0.00340333747149  0.00340718795791  0.00341746990805  0.00342335419384  0.00343044178291  0.00343004165255  0.00344253559605  0.00344264659654   0.0034450293299   0.0034515861951  0.00345271886053  0.00345212277336
1.13259880295e-05  0.00119378738711  0.00179514410175  0.00231360821872  0.00255100799205  0.00267856817917  0.00266674288438  0.00291440726962  0.00369442357379  0.00414121739063  0.00396688859302  0.00382214534477  0.00372014167039  0.00370696481802  0.00369788807017  0.00367938209386   0.0036330934798  0.00363458494268  0.00362331298631  0.00358795160261  0.00356915581874  0.00355204380279  0.00355152416628  0.00352074108507  0.00352061088245  0.00351536287911  0.00350117707645  0.00349843552659  0.00349837590155
5.80778562425e-05  0.00111412228556  0.00175213863351  0.00241629949493  0.00279469209597  0.00298549032369  0.00310614980591  0.00330952975609   0.0039266352422  0.00436295367742  0.00431546610994  0.00424941705185  0.00420193920478  0.00419307231888  0.00419480360385   0.0041961661567  0.00420691385314  0.00420546774441  0.00420745260524  0.00421382414602  0.00421684511648  0.00421904347432  0.00421946941329  0.00422348907166  0.00422335325084  0.00422346674812  0.00422382357843  0.00422418146699  0.00422495646316
0.000107796152443   0.0010183454863  0.00177465127964  0.00238379192623  0.00276145544769  0.00294856564108  0.00315144835247  0.00361515018399  0.00400588146932  0.00436559104378  0.00436739618361  0.00429463618173  0.00428664889542  0.00428908139572  0.00429214636604  0.00430002806261  0.00431900910828  0.00431877745476  0.00432233357723  0.00433515587599  0.00434129811312  0.00434648815215  0.00434631748662  0.00435450768563  0.00435448767478  0.00435662492014  0.00436019912845  0.00436055667179  0.00436002036718
9.84290326525e-05   0.0013240537895   0.0022986423274  0.00280677401404  0.00319622383759  0.00349018897955  0.00370311624129  0.00413637215646  0.00437388040015  0.00452830101924  0.00449586572194  0.00447980530787   0.0044493431121  0.00446876504431  0.00446130401464  0.00445726798592   0.0044408705814  0.00444053847869  0.00443720291957  0.00442430771178   0.0044159212522  0.00440669007292  0.00440807610446  0.00439635692349  0.00439693036685  0.00439441602832  0.00438904805511  0.00438904762793  0.00439071667052
0.000135613456366  0.00145029102088  0.00275781136151  0.00348777520909  0.00402027295748  0.00453423898951  0.00487023051101  0.00540022652956  0.00522933762292  0.00476401420101  0.00445518684893  0.00443857927295  0.00441389423801  0.00435913115966    0.004367663324   0.0043798340901  0.00440568519524  0.00440604259656  0.00441367815547  0.00443643719054  0.00445154912919  0.00446700870523  0.00446577958883  0.00448791701929  0.00448729655903  0.00448978646076  0.00450158271248  0.00450730443685  0.00450540552118
6.32356019012e-05  0.00119381460154  0.00228816763725  0.00314439359946  0.00363155684742  0.00405270606314  0.00429119530593  0.00435708612201  0.00385974974259  0.00379047703177  0.00375982044497  0.00380507748114  0.00384920559186  0.00385546797531  0.00386272501338  0.00387379232403  0.00388753216365  0.00388773596582  0.00388937988225  0.00389364870261  0.00389553002258  0.00389764666647  0.00389761514051  0.00390175951943  0.00390197784207  0.00390399240065  0.00390517883434  0.00390124541734  0.00390149585604
5.48440496266e-05   0.0012238666875  0.00189408259149  0.00240618786214  0.00271721330549  0.00281233309232  0.00304358351327  0.00261746812456  0.00272258366057  0.00367458893667  0.00421260667883  0.00395263998503   0.0037114178323  0.00363669150646  0.00361851411137  0.00361313977674  0.00359878533512  0.00359887564877  0.00359444203096  0.00358118692131   0.0035738929096  0.00356754922265  0.00356644865322  0.00355474073507  0.00355507918394  0.00355256368432  0.00354707441336  0.00354611904833  0.00354647637856
2.29152452087e-05    0.001048208871  0.00163009518028  0.00218462233969  0.00251262102122  0.00270487317819  0.00291727443511  0.00281798708187    0.002987672938  0.00368089297067  0.00411245787213  0.00406784540432  0.00398780899613  0.00393813485959  0.00391584020175  0.00389558944665  0.00384820722077  0.00384792421451  0.00383644850015  0.00380161657874  0.00378263566968  0.00376532307034   0.0037664875583  0.00373820926502  0.00373759274961  0.00373328731443  0.00372016729432  0.00371778068314  0.00371670730842
0.000110707425935  0.00117142885551  0.00187230063841  0.00242825981119  0.00276249489978  0.00286535085007  0.00307686062109  0.00289238178568  0.00311847123505  0.00374773396444  0.00444892736136  0.00441289644741  0.00427110015001   0.0041994609527  0.00421930413068  0.00423845614155  0.00428263726395  0.00428283291014  0.00429328643256  0.00432841992053  0.00434687044816  0.00436376700648  0.00436361860333  0.00439208175842   0.0043915816497  0.00439716797872  0.00440967573921  0.00441217550975  0.00441348598699
5.47558718177e-05  0.00112146567307  0.00202439906685  0.00269022748516  0.00309519812089  0.00338134006812  0.00358783831456  0.00370145254508  0.00418069720981   0.0042576829897  0.00422900011883  0.00414038110094  0.00411186364794  0.00411125645872  0.00411918996149  0.00411969854239    0.004122966367  0.00412288518398  0.00412349150527  0.00412288363366  0.00412334028797  0.00412295943954  0.00412317097195  0.00412409941511  0.00412467389225  0.00412382350826  0.00412476692456  0.00412428567344  0.00412356914237
6.51349393322e-05  0.00128423467009  0.00246849243293  0.00320555034597  0.00371660213209  0.00412835756918  0.00433692726449  0.00473468543251  0.00515042604105  0.00495271826296  0.00461222909827  0.00433756491214  0.00424833704479  0.00419159118303  0.00414649400451  0.00414248189324  0.00415041961058  0.00415021204179  0.00415358702922  0.00416361861143  0.00416635953314  0.00416968365319  0.00416942410496  0.00417440718248   0.0041742668333  0.00417508460131  0.00417733913348  0.00417745352512  0.00417733282677
0.000183102100465  0.00139429486117  0.00265748137293   0.0033703584539    0.003841989273  0.00431677931164    0.004545326427   0.0049312159315  0.00494376058909  0.00474480688673  0.00419608114646  0.00396685483159  0.00398389057694  0.00395724549559  0.00395205855772  0.00396137677304  0.00396021533548  0.00396067792206  0.00395806428418  0.00395259211308  0.00395152221914  0.00394996562299  0.00395018999121   0.0039458801598  0.00394538477155   0.0039454884487  0.00394321296803  0.00394285010149  0.00394284839701
8.61445283706e-05  0.00112130731371  0.00181953065027  0.00237090618183  0.00273027341943  0.00291508832467  0.00312840976344  0.00323365897922   0.0031153204412  0.00276663775773   0.0036927599232  0.00412376073583   0.0038893942008  0.00373752314364  0.00371189143808  0.00371232915895  0.00371063266346  0.00371056610031  0.00370883827648  0.00370261836552  0.00369915136161  0.00369604265075  0.00369555398195  0.00369029333313  0.00369099281397  0.00368883307263  0.00368536477326  0.00368535875514  0.00368547584172
6.76253096242e-05  0.00102722095601  0.00152385750762  0.00206129964124  0.00235248117154  0.00246252449456  0.00270429451126  0.00283448013579  0.00265252856228  0.00269458428141  0.00360747707354  0.00419516094974  0.00401877400303  0.00386299765177  0.00377881599684  0.00375931784406  0.00373706740248  0.00373676617544  0.00373309260665  0.00372195743993  0.00371823652701  0.00371500082768  0.00371522460751  0.00371044053267  0.00371054411307  0.00371017263029  0.00370873162891  0.00370848651041  0.00370788768437
4.65212177002e-05  0.00111675591459  0.00187463322703  0.00243957797434  0.00282588672964  0.00301015117604  0.00322082627554  0.00322804052761  0.00323382870645  0.00344490880361  0.00369548972274  0.00404404218254  0.00400278234539  0.00395556136858  0.00394951641961  0.00395062035993  0.00396409781107  0.00396211633671  0.00396643379918   0.0039710259425  0.00396931325387  0.00396690308226  0.00396712170697  0.00396376613421  0.00396398778226  0.00396313840256   0.0039612190334  0.00396085375915   0.0039625194779
5.97644945696e-05  0.00137967409908   0.0020994039414  0.00257540404793   0.0029730097128  0.00317922077326  0.00335852296741  0.00346695900177   0.0036176207446   0.0040683204961  0.00428052368826  0.00442888331733  0.00440929142242  0.00440606659535  0.00439924903315   0.0044069874712  0.00440330222279  0.00440288885185  0.00440172316322  0.00440374323518  0.00440777691748  0.00441085249721  0.00441071104719  0.00441700867229  0.00441687027576  0.00441816411095  0.00442208465995  0.00442207630914  0.00442088056726
6.61416232782e-05  0.00124453589379  0.00233319601696  0.00304521600232  0.00355911429377  0.00401228810474   0.0042188544145  0.00448878506876  0.00471254595921  0.00510450133951  0.00501943893969  0.00483846918221  0.00472479384211  0.00471256299368  0.00470468273145  0.00473881969609  0.00474278411436  0.00474853567864  0.00475071795138  0.00475895597499   0.0047630082872  0.00476669198813  0.00476679324675  0.00477511808074  0.00477414487979  0.00477567668702  0.00477828508692  0.00477911029511  0.00477934443356
8.47013207789e-05   0.0013200916685  0.00275427308717  0.00371951533185  0.00425849057049  0.00468427746842  0.00488274239445  0.00527402249739  0.00551785411642  0.00557531369283  0.00529760030338  0.00471943894316  0.00444457661964  0.00440050254394  0.00437061076139  0.00437904825975  0.00438490238193  0.00438522094372  0.00438271679945  0.00438391141812  0.00438700890463  0.00438997579749  0.00439032046489  0.00439173567229   0.0043926727997  0.00439277679152  0.00439431307668  0.00439454205066  0.00439441824881
0.000108492239175  0.00119776432216  0.00210816018155  0.00271120659866  0.00312577889155  0.00342259098705  0.00362152336725  0.00376937693657  0.00386988205494    0.003677799083  0.00304604383695  0.00365398611875  0.00402740200265  0.00386846639157  0.00380691380429  0.00378607505258  0.00381988610484  0.00381573694181  0.00382269733964  0.00383399517027  0.00383433992524  0.00383552322533  0.00383503422948  0.00383645084963  0.00383631774619  0.00383618495685  0.00383581551627  0.00383556859471  0.00383532594125
4.34807522569e-05  0.00114263754528  0.00175942049112  0.00227629550807   0.0026260010199   0.0028011722927  0.00301183594779  0.00309328021805  0.00320805312297  0.00276288460635  0.00273296209106  0.00360447077217  0.00410856745188  0.00396830168003  0.00383919803166  0.00376264966258  0.00374025766938  0.00373893739463  0.00373739151394  0.00372744720885  0.00372229203978   0.0037164343494  0.00371653997362  0.00370746654713  0.00370757214643  0.00370684348938  0.00370385133864  0.00370348510299  0.00370359986302
0.000144531566754  0.00103280062004  0.00158005801022  0.00213074797481  0.00245164164827  0.00257700062201  0.00278508231384  0.00286793601951  0.00300317744946  0.00268214565005  0.00290055257767  0.00353301695225  0.00411431916819  0.00410094013156  0.00394577387843  0.00388213501034  0.00391397243314  0.00391366416417  0.00391600238427  0.00393132523208  0.00393736923884  0.00394413783566  0.00394149612547  0.00395137431307  0.00395124019917  0.00395170305429  0.00395395550919  0.00395406521255  0.00395394088487
4.05875535909e-05  0.00118327641908  0.00197180447316  0.00255766382667  0.00293088366353  0.00316035324142  0.00336513994341  0.00343684354314   0.0035143227668  0.00361894902229  0.00391193198558  0.00407135516491  0.00410007488117  0.00408255692312  0.00406446280376  0.00402583554571  0.00400013262496  0.00398794993315    0.003979880203  0.00395654176477  0.00394354762195  0.00393602642097  0.00393803937198  0.00392204990928   0.0039221546413  0.00392011413574  0.00391342576957  0.00391234313145  0.00391233770765
1.8884252116e-05 0.00119231469772 0.00219657911049 0.00282562800109 0.00329686030492 0.00366940623144 0.00387592721675 0.00408080971404 0.00420229597141 0.00440451066426  0.0047619931556 0.00470232459631  0.0045640678143 0.00443634970825 0.00443081651465 0.00443452614878 0.00445487012563  0.0044486958248 0.00445167650276 0.00446040996868 0.00446638784229 0.00446758369661 0.00446793040533 0.00447375852179 0.00447410112867 0.00447515906195 0.00447967521124 0.00448037946804 0.00448037304446
7.14955781341e-05  0.00139782247494  0.00270650097731  0.00344764174041  0.00399693656252  0.00448978265956  0.00470255721618  0.00504348345019  0.00524159407748  0.00550700759127  0.00546746219861  0.00528322949865  0.00470862926933  0.00437934048084  0.00435686453007  0.00434920550327  0.00432870621185  0.00434189426679  0.00434595576645  0.00435168653253  0.00435753461572  0.00436230644791  0.00436266049874  0.00437135405811  0.00437098439931  0.00437228260626  0.00437548861976  0.00437702728673  0.00437785463068
7.65072766412e-05  0.00132662273373  0.00238004626169  0.00308999703634   0.0035920447411  0.00395520714737  0.00414808879855  0.00436452817884  0.00450047296139  0.00466267882271  0.00486620330173  0.00402720830678  0.00378448305816  0.00375000367031  0.00377704281022  0.00378717103072   0.0037892567988  0.00378789012239  0.00378133882052  0.00376037822755  0.00374608966828  0.00373286451377  0.00373250688748   0.0037096127947  0.00370984252293  0.00370601728089  0.00369456223684  0.00369204849634  0.00369073027718
6.12864048239e-05   0.0010908790964  0.00166838163161  0.00220231445179  0.00254797989004   0.0026980266211  0.00286046594804  0.00292689884487   0.0030528282568  0.00318117889053  0.00277882621543  0.00268254086559  0.00392193723337  0.00460192725077  0.00428395903313  0.00405383222882  0.00402187602888  0.00401885473847  0.00402990328288  0.00406710032151  0.00408368199482  0.00409799694702  0.00409812021053  0.00412231796353   0.0041220726285  0.00412551983354  0.00413599882687  0.00413801411438  0.00413895997585
0.000199500994863  0.00108775136476  0.00170016054194  0.00224562877336  0.00259909669533  0.00279006182487  0.00303052232443   0.0031042358589  0.00319216942403  0.00318908724353  0.00302188622927  0.00277766860603  0.00361212111572  0.00424155153876  0.00415896993848  0.00399179604506  0.00393331589561  0.00392643389693  0.00392720892035  0.00392646863907  0.00392729272425  0.00392788676629  0.00392824334712   0.0039302669493  0.00392632673138  0.00392941735013  0.00393203005783  0.00393213934323  0.00393201309387
0.00020778279431 0.00107810440195 0.00175476156068  0.0022942441644 0.00267736112878 0.00291072936997 0.00311180680144 0.00321509986475 0.00330133035589  0.0033454687602 0.00343084455846 0.00378823428673 0.00399846058858 0.00413520291976 0.00412219350071 0.00411281130597 0.00408456957746 0.00408344150331 0.00407485461646 0.00405221139053 0.00403731568042 0.00402408588893 0.00402384838138 0.00399928884201 0.00400309812614 0.00399641389184 0.00398388674393 0.00398113517293 0.00398088972373
 4.863878132e-05 0.00124425517265 0.00219740233549 0.00281694032661  0.0032416407642 0.00357660339624 0.00378459875766  0.0039547134312 0.00406608275063 0.00415826266102 0.00424648313702 0.00466337001161 0.00461140799406 0.00449400467235 0.00440605943909 0.00441634583813 0.00443258629387 0.00443150906016 0.00443629458251 0.00444918120468 0.00445920034267 0.00446790603216 0.00446766828546 0.00448304463473  0.0044830399929 0.00448541635939 0.00449136660138 0.00449409766455 0.00449349389245
0.000166576032204   0.0013308480154  0.00257414908593  0.00331200030157  0.00383199521094  0.00428470461121  0.00447943346994  0.00478362945562  0.00495892658251  0.00517312894808   0.0053301298073   0.0053810083686  0.00527083014396  0.00474889560051  0.00449132682111  0.00448023626566  0.00447976802535  0.00447721062616  0.00447992847296  0.00448731859235  0.00449137726147  0.00449615099193  0.00449603517762  0.00450449919255  0.00450473412232  0.00450711184678  0.00451365933462  0.00451186117848  0.00451328416033
3.24871184431e-05  0.00143687415076   0.0028138516418  0.00366259983442  0.00427923440326   0.0047064436466  0.00488848754623  0.00515202522888  0.00530994187225  0.00547925264425  0.00556464968272  0.00561434783477  0.00503621729319  0.00439136446833  0.00410107067234  0.00410697936009  0.00407750404353  0.00406674205655  0.00406794589318  0.00407283333365  0.00407199983898  0.00407033234055  0.00407069086473  0.00406818683897  0.00406794547731  0.00406722467058  0.00406519054165  0.00406661241821  0.00406612809326
0.000235025839503  0.00108402039205  0.00166942691895   0.0022053106326  0.00254626433939  0.00271616666876  0.00290778660077  0.00302008864752  0.00314576567639  0.00326927542942  0.00336107537164  0.00305067987987  0.00261452610807  0.00352526230681  0.00405140324285  0.00381042044031  0.00362815197711  0.00362993229467   0.0036286327836  0.00362828206823  0.00362662056101  0.00364593742939  0.00360397809317  0.00362186021672  0.00362185834561  0.00362125778184  0.00361934388117  0.00361981309782  0.00361956810657
0.00013304276189 0.00106403726377 0.00167440620869 0.00220484980354 0.00254923859679 0.00271265248406 0.00291607821153 0.00297966006912 0.00305986879149 0.00306386669338 0.00312804010893 0.00302211506371 0.00297815286053 0.00368244901322 0.00418722384725 0.00411059854009 0.00403505309446 0.00402008154166 0.00401502537146 0.00401322142668 0.00401095595044 0.00398771298296 0.00402884310894 0.00400321360324 0.00400321214896 0.00400213519817 0.00399974440023 0.00399854421719 0.00399877546678
0.000176884353174   0.0011156390086  0.00173328454378  0.00228852074027  0.00263233010025  0.00279509556192   0.0029853387157  0.00304190075347  0.00310502003726   0.0031250308459   0.0031795267973   0.0030903834915  0.00333602997728  0.00375584946208  0.00425569996987   0.0042791906835  0.00414749154972  0.00409172681796  0.00408507565471  0.00409545717993  0.00409964216549  0.00410334326882  0.00410501587566  0.00411324334465  0.00411336181877   0.0041150276637  0.00411812145878   0.0041191867213  0.00411941753362
4.78185882309e-05  0.00113769689438  0.00191309303172  0.00248105419058  0.00287979810744   0.0031365393403  0.00333732920864  0.00345271222145  0.00354924647148  0.00361027713704  0.00367281939914  0.00363062864794   0.0038860121244  0.00408586856434  0.00423347578608  0.00423269021947  0.00422439658035  0.00422565585768  0.00422068312788  0.00420690055807  0.00420094267596  0.00419666714712  0.00419548747541  0.00418595621296    0.004186673073  0.00418476429034  0.00418225623429   0.0041816530595  0.00418271870083
0.000119937120759  0.00129181876696  0.00242552224443  0.00312665516054  0.00362180251711  0.00402671778967  0.00422212849673  0.00446010257692  0.00459446762143  0.00473476697943  0.00481078731526  0.00504028794293  0.00524796733965  0.00514250111634  0.00466170275896  0.00435823624475  0.00431367996328  0.00429197524294  0.00428725883628  0.00428665298917   0.0042876090338  0.00428785652212  0.00428798619612  0.00428847140445  0.00428466119835  0.00428776095898  0.00428286984248  0.00428501088271  0.00428261771071
3.80873076583e-05  0.00144781637181  0.00285021139993  0.00370378849872  0.00432681386555  0.00477299463804  0.00495157647394  0.00524759197485  0.00542009869426  0.00564176415635  0.00572487535773  0.00590872614628  0.00601527074335  0.00545353678251  0.00467656280467  0.00433357965449  0.00432898643402  0.00427598915425  0.00427058962901  0.00427880230477  0.00427915611538  0.00427856323241  0.00427856914513  0.00427797940674  0.00428108270868  0.00427798372262  0.00428167749823  0.00428215079636  0.00428154553862
0.000229128035123  0.00114581524736  0.00188003888154  0.00243724897442  0.00282329345124  0.00308103420053  0.00327848211345  0.00339354616606  0.00348505102663  0.00352782008599  0.00359032802259  0.00361058787905  0.00311797932442  0.00278059244258  0.00382261951208  0.00442140005234  0.00412939103006  0.00396040416885   0.0039626376212  0.00397670880214  0.00398398539266  0.00399138201661  0.00399138898525  0.00400331611233  0.00400320116531  0.00400475228283  0.00401011466314  0.00400712974637  0.00400855457534
6.65015505495e-05  0.00110041272665  0.00174430371211  0.00228044651677  0.00262942414756  0.00282230799852  0.00302800952922  0.00313917399529  0.00324899182157  0.00332074999785  0.00339688113211  0.00341933588764  0.00302622150051  0.00287347140941  0.00360948619263  0.00421057995042  0.00411383660514  0.00393537475615    0.003870115564  0.00386216175557  0.00385802146596  0.00385358954657  0.00385346703297  0.00384452848904  0.00384465068921  0.00384274527503  0.00383630640111  0.00383570574471  0.00383617733393
6.43227992457e-05  0.00109377715942  0.00168506159673   0.0022140367409  0.00257346203879  0.00274505949452  0.00294881185271  0.00298807082602  0.00305228337012  0.00303913112499   0.0030956812895  0.00305756652938   0.0027050442039  0.00285540422677  0.00341863169774  0.00402121371586   0.0040089186149  0.00379158646899  0.00368738171177  0.00366533738716  0.00365892193457  0.00365451148303  0.00365450958403  0.00364842995897  0.00364831216382  0.00364795503435   0.0036468809631  0.00364699701315  0.00364723017437
0.000100506070946  0.00107415029125  0.00174603506201  0.00228283252227  0.00267848780049  0.00294019429659  0.00314046219209  0.00325069778433  0.00333425794465  0.00338686836351  0.00343638310923   0.0034624632595  0.00346057668677  0.00378024311181  0.00404291677508  0.00416875907127  0.00418648794189  0.00420065227861  0.00422120217413  0.00423385551709  0.00424170589821   0.0042486303327   0.0042485213647  0.00426021098432  0.00426033452597  0.00426236323379  0.00426796601254  0.00426879722233   0.0042683146467
0.000107340223001  0.00129053651752  0.00248224020284  0.00320480406061  0.00369673547182  0.00409421765456  0.00428729560277  0.00450348147297   0.0046277392038  0.00475693999511  0.00482197153715  0.00493272093679  0.00520563703474  0.00540973949493  0.00529642393653  0.00476350115509   0.0044393005814  0.00441515977802  0.00439301979031  0.00437361354366  0.00436893110188  0.00436367914782  0.00436403842103  0.00435510142888  0.00435510513451  0.00435367673609  0.00434962401997  0.00434962170197  0.00434997406182
8.20849100515e-05  0.00147397059196  0.00298613732747  0.00388274840283  0.00448080467986  0.00496961803356  0.00515709780301  0.00548540274014   0.0056616734211   0.0058808977593  0.00595744616816  0.00614830039407  0.00650301933135  0.00650594100127  0.00596833683947  0.00511274713769  0.00462520732891  0.00450043924227  0.00440670469415   0.0043956582678   0.0043970734725  0.00439718541496  0.00439730245053  0.00439944911352  0.00439945102594   0.0043998106421  0.00440124175071  0.00440076264481  0.00440028111201
7.66736439924e-05  0.00121846686584  0.00194464007079  0.00249951058002  0.00288645841531  0.00314102810883  0.00334660813008  0.00348097235337  0.00358225872737  0.00364865697793   0.0036970854748  0.00372409451695  0.00373971853038  0.00356575431483  0.00304664490722  0.00399745395446    0.004539720664  0.00435580290536  0.00426757669663  0.00429654451659  0.00430188382338  0.00430791815387  0.00430683056013  0.00431338259207  0.00431278669968  0.00431207215752  0.00431147600496  0.00431147397043  0.00431182714593
1.81157883331e-05  0.00107312350854  0.00168173490849  0.00222432320398  0.00257854057275  0.00275208614001  0.00294153768117   0.0030098918581  0.00310669726685  0.00316333659658  0.00325301104853  0.00326699313337  0.00319753255724  0.00299597169865  0.00271189988119  0.00377848185071  0.00453367557842  0.00432482981581  0.00401653019782  0.00397508186529  0.00397401755302  0.00400004115663  0.00395112913785  0.00397841265108  0.00397876362712   0.0039799542888  0.00398114536122  0.00398209662171  0.00398161524718
7.30052785622e-05  0.00111025337092  0.00177221151877  0.00231399475711  0.00268050196758  0.00289114829234  0.00299685242305   0.0031445635195  0.00323515321866  0.00326549214778  0.00332118377884  0.00332048532511  0.00328418517444    0.002933360046  0.00309410198007  0.00353460230287  0.00396046220605  0.00398336089587  0.00384339309547  0.00378770683415  0.00377872110247  0.00375239295939  0.00380126963173   0.0037728927056  0.00377229276887  0.00377121755124  0.00376835557052  0.00376751886419  0.00376822948614
8.29732275538e-05  0.00111484350234   0.0018764097458  0.00243724731081  0.00281047778194  0.00304150271135  0.00334573564973  0.00340331445355  0.00349320829377  0.00354040196659  0.00359021850376  0.00360089269534  0.00356392043047  0.00365098003546  0.00382738251401  0.00406952128635  0.00419137697371  0.00417613748916  0.00418553133924  0.00418517409815  0.00417840923002  0.00417269772246  0.00417306808451  0.00416305990474  0.00416234595453  0.00416055773602  0.00415543122158  0.00415459459753  0.00415327861174
3.64934025458e-05  0.00123332169524    0.002267731815  0.00293294579741  0.00338879946968  0.00376608760361  0.00397508432751  0.00419304684004  0.00432192529549  0.00445178827986  0.00450504923544  0.00459945103047  0.00476513881176  0.00493519526356  0.00526906179952  0.00513179634411  0.00463301971905  0.00436199586658   0.0043610935947  0.00437350928601  0.00437271381735  0.00437241758032  0.00437275950829  0.00437251602728  0.00437358703335  0.00437346721076  0.00437358558171  0.00437274921085  0.00437310248593
7.70018922458e-05  0.00149893433289  0.00293096943296  0.00378537979647  0.00440062865003  0.00490712634229  0.00509847085426  0.00545082791313  0.00563721240217  0.00587053395979  0.00595836789808  0.00617096834565  0.00649130036763  0.00656765925313  0.00658338537137  0.00616760259066  0.00527529248208  0.00471230249824  0.00457073104854  0.00448917039507  0.00448270382677   0.0045000985599   0.0044774357397  0.00450126949438  0.00449339722087   0.0045005471281  0.00450877064421  0.00451139062196  0.00451043317496
0.000135972363567  0.00126375346686  0.00216433793038  0.00280849732084  0.00325304611275  0.00354796838765   0.0037508521142  0.00389651862069  0.00401115483018    0.004096925646  0.00414962568082    0.004172365233  0.00419279620353  0.00421346643147  0.00404056197598  0.00336819022683  0.00392394836212  0.00437124673099  0.00428285405806  0.00427752116186  0.00428068970855  0.00427200329196  0.00429442701672   0.0042853718644  0.00429133390674  0.00428596769801  0.00428215165896  0.00428059963491  0.00428178810255
6.29301721751e-05  0.00103524715081  0.00165686596002  0.00218545206659  0.00252928758579   0.0027035365616  0.00288417857666  0.00295781563584  0.00305622228157  0.00312186083405  0.00322240347177  0.00325116049149  0.00318111278458  0.00320539743065  0.00287458426242  0.00253557941597  0.00368628935943  0.00441332521049  0.00420737114619  0.00392688697497  0.00393001838627  0.00394380562393  0.00394405649269  0.00396921909154   0.0039717269891  0.00397637752227  0.00398889394948  0.00399115699086  0.00399127300123
8.41250486917e-05  0.00110705550122  0.00172316891185  0.00224250626378  0.00259617290062  0.00277516850113  0.00298690111416  0.00307172775639  0.00317065379335  0.00320650888121  0.00327049022984  0.00325410291606  0.00315213399354  0.00314995389904   0.0029074718673  0.00299362799714  0.00345877413362  0.00396783777376  0.00397594109363  0.00375350263763  0.00370310437274  0.00368405048294  0.00368249814096  0.00365997864779  0.00365974861819  0.00365581831348  0.00364616364064  0.00364497066141  0.00364484833313
2.55804920396e-05  0.00109511812993  0.00179471888716   0.0023513997702  0.00272084311391  0.00295393747065  0.00315672194708  0.00327069667938  0.00336327200566  0.00341684616868  0.00346847226548  0.00348712791619  0.00347601116647  0.00349529118784  0.00345872977476  0.00368928300837  0.00400996329145   0.0042161176723  0.00423911190805  0.00425715623324  0.00427027361563  0.00426972354557   0.0042713897752  0.00427294865323  0.00427295897481    0.004273680953  0.00427523370326  0.00427499583159  0.00427558949346
4.54401291506e-05  0.00125714083195  0.00222429079609  0.00283796011178  0.00328490426875   0.0036558596898  0.00386664903293  0.00407227087062  0.00419310827509   0.0043035571365  0.00435236750542  0.00442873555291  0.00453598499888  0.00455720155641  0.00471414035479  0.00498345430553  0.00492451156591  0.00449703759324  0.00430504027912  0.00432847110951  0.00434182815628  0.00434202324809  0.00434186576219   0.0043449604706  0.00434496354019  0.00434592138266  0.00434902385749  0.00434878609389  0.00434818753057
6.66967656453e-05  0.00142722172843  0.00287881629196  0.00377739548909  0.00440063914685  0.00487879636451  0.00505860537233  0.00538036979181  0.00554984446603  0.00576610813745  0.00584833998764  0.00604818220482  0.00636764996487  0.00642687619594  0.00657732251466  0.00675017300146  0.00630275468115  0.00541891811009  0.00479874850157  0.00459854325853  0.00452193282915  0.00451089173446  0.00450803433148   0.0045005279923    0.004500532395  0.00449874865252  0.00449469806368  0.00449362589482  0.00449481602849
9.69227605368e-05  0.00126615354203  0.00238958994158  0.00313547205722  0.00364744555294  0.00398475420197  0.00417142756936  0.00433776250026  0.00446143146319  0.00457357301163  0.00465138198042  0.00471176484032  0.00474048456157   0.0047235378738  0.00471922191284  0.00453273150625  0.00383662779105  0.00415436313616   0.0044537777025  0.00451688215766  0.00453017325814  0.00454010439598  0.00454296572208  0.00455941841072   0.0045578719751  0.00456097511274  0.00456455430234  0.00456717827619  0.00456646101927
9.43940186135e-05  0.00105717970521  0.00158462633751  0.00208861857693  0.00244726978123  0.00262207444742  0.00278851578337  0.00284207595866  0.00291385049549  0.00297022707146  0.00307401453135  0.00314848744042  0.00317862126546  0.00322110165982  0.00319555188947  0.00284186003149  0.00252792249258  0.00340588988506  0.00418223834876  0.00395457186111   0.0036841062413  0.00366485639506  0.00366509639205  0.00367952701423  0.00368120066345  0.00368346920423  0.00369288978215  0.00369241421508  0.00369241209677
3.25974870847e-05  0.00109247688921  0.00165952386455  0.00217477078617  0.00249745921107  0.00263649787642  0.00283752174612  0.00290667136417  0.00300639802988   0.0030425826961  0.00311329069472  0.00309043345208  0.00296824628198  0.00297209701611  0.00293390703117  0.00263571463428  0.00255306071912  0.00315810567129  0.00377014597056  0.00371223291359  0.00344972514627  0.00343412447544  0.00343060884226  0.00341153568575  0.00340856442903  0.00340570775118  0.00339605575456  0.00339653408943  0.00339402878272
3.38101839465e-05  0.00116096888116  0.00180575022039  0.00234173798737  0.00267122787114  0.00284638265217  0.00305069005168  0.00313511567353  0.00322022664469  0.00325700794206  0.00330899600121   0.0033065443977  0.00326125218911  0.00327873264004  0.00327675750001   0.0031784684235   0.0034271001494  0.00378054145935  0.00406864008439  0.00408718397912  0.00407459879909  0.00409010681184  0.00408948192898  0.00408089195104  0.00408387853389   0.0040812645082  0.00407614541396  0.00407543374395  0.00407757814936
