0.000309076062083 0.000593158859588 0.000373001757454  0.00182033103222  0.00336382052214  0.00436461375066  0.00455524179971  0.00414676237046  0.00312930088948  0.00270758203772  0.00260609370981  0.00267007361349  0.00285961944362  0.00284412405361  0.00288270203067  0.00296850219415   0.0031228627305  0.00312212641429  0.00315642391915  0.00323871708973  0.00327767877096  0.00332073060223  0.00333118393608  0.00338121252666  0.00339116223459  0.00340847308656  0.00344153313437  0.00344994441657  0.00345118320593
0.000181024513506  0.00018938840977   0.0011283128195  0.00282822172593  0.00406709231259  0.00481785419965  0.00487814165177  0.00443347060119  0.00341484136949  0.00250343119527  0.00219512795599  0.00224853587714  0.00244574304638  0.00241600068304  0.00245664215306  0.00256657034807  0.00276348225757  0.00276746594532   0.0028014014869  0.00294058827403  0.00301866817505  0.00308511896887  0.00308619491955  0.00321349003859  0.00321837507191  0.00324147452372  0.00330468490518  0.00331504167792  0.00332258503237
0.000247748676439 0.000437456797628  0.00182646788559  0.00299571704305  0.00375044683117  0.00415384892941  0.00410426519428  0.00379378704972  0.00312674457721  0.00230375012746  0.00167018014221  0.00169018044275  0.00181051041708  0.00177333688767  0.00178413120687   0.0018269646877   0.0019304088917  0.00191415061571  0.00193076243998  0.00200123377348  0.00203250897094  0.00206206777134  0.00206363784115  0.00211206504243   0.0021016363769  0.00211142638866   0.0021324279596  0.00213277980116  0.00213888681161
0.000187789943515 0.000668805184468  0.00144132095005  0.00167102662325  0.00170836394319  0.00164280264075  0.00144345420352  0.00119564247161 0.000853518005433 0.000450241981137 0.000316082542261 0.000766374296035  0.00102955230254  0.00102549286157  0.00103599789485  0.00104112176897  0.00103543724464  0.00104655626275  0.00105453141135  0.00107392887647  0.00107532743957  0.00107212842159  0.00105262551279  0.00105498499016  0.00106927109624  0.00105133220206  0.00106104589784  0.00106530984838  0.00106508314703
0.000190211287866  0.00240158716358  0.00262687963648 0.000661382126383 0.000497170724047  0.00107027379737  0.00142985528017   0.0016728510848  0.00180614680641  0.00185861056356  0.00183407368212  0.00170453792218  0.00162456662946  0.00166914459693  0.00169669443052   0.0017268795626  0.00175963047374  0.00177368306212  0.00177850276555  0.00178076861409  0.00179022671514  0.00181430485047  0.00181194557812  0.00181062743543  0.00180202198895  0.00182318658675  0.00184444868675  0.00183924136144  0.00182811461893
0.000188361312992 0.000491365433428  0.00111060651533  0.00141694466574 0.000751657755964 0.000364633028265   0.0011321952147  0.00175757242159   0.0021428868182   0.0023138437714  0.00229912778804  0.00207952859459  0.00193518769991  0.00196206505961  0.00198347293263  0.00200185741485  0.00201881031292  0.00201218158353  0.00201691546765  0.00201383120205  0.00201861104978  0.00200841526684  0.00203134928087  0.00204726437646  0.00204482584315  0.00204729852121  0.00203092744334  0.00203432542873  0.00204725182283
0.000189806649784 0.000352509667896 0.000864379082025 0.000937972672077 0.000681316103018 0.000274694677504 0.000407590135589 0.000844406492683  0.00119813217287  0.00147386418247  0.00167746084436  0.00196291761941  0.00217580638791  0.00219093085459  0.00220469311736  0.00221394757774  0.00222566296223  0.00223007495428  0.00224619798743  0.00226822491058  0.00227396511734  0.00227949406709  0.00227658098199  0.00227466758838  0.00227809935557  0.00227293306452  0.00228060091639  0.00227926114941  0.00228491705603
 0.00026735007276 0.000600604569885 0.000998089308262 0.000166172124761 0.000635549845474  0.00102184532035  0.00118960896496  0.00140189922381  0.00161486117764  0.00184842151706  0.00205650403984  0.00224704795073  0.00235233074499  0.00235512255145  0.00235522870943  0.00235724520972  0.00235659082424  0.00235828390242   0.0023554441334  0.00235213206057  0.00235271395198   0.0023622486092  0.00234176260559  0.00235601612386  0.00235313988057  0.00235168506485  0.00234711481356  0.00235465595465  0.00233699472028
0.000234631571015 0.000252813559081  0.00115856656726  0.00158519679086 0.000917500617478 0.000414535527719 0.000957413577568  0.00150749294187  0.00184951868629  0.00210274809097  0.00228409152267   0.0024782201846  0.00262068219494  0.00260965310265  0.00260687793073  0.00261257063087  0.00261962887795  0.00261468843641  0.00262297746531  0.00262412349021  0.00261617904308  0.00260168767847  0.00260363038076  0.00261270346282  0.00262373685683  0.00262686921478  0.00264101933032   0.0026371183705  0.00265060239815
0.000253233631323 0.000211060018455   0.0019428948083    0.001009253703 0.000610790470052 0.000976209444419  0.00105583354553  0.00128365994483  0.00158814816189  0.00195538965722  0.00232429146794  0.00273017234371  0.00296400722268   0.0029562918009  0.00295586235511  0.00294981496696  0.00294930576111  0.00294399151393  0.00292769681513  0.00292658435263    0.002928059621  0.00292347939986  0.00292211344535  0.00291932189512  0.00291288112444   0.0029060357254  0.00289212746781  0.00288950880935  0.00288240499161
0.000292836473204  0.00173928039352  0.00267269400922  0.00354364305394  0.00425752862074   0.0035218131925  0.00268060062737   0.0020332844683  0.00195700505632  0.00226860029128   0.0027768297672   0.0033518926821  0.00377057170035  0.00391724306996  0.00392166532346  0.00392027895538  0.00390541905899  0.00390599072606  0.00390219821876  0.00388084014672  0.00387182157153  0.00386091622437  0.00385678083746  0.00384440842249  0.00385773823523  0.00385829779077  0.00384505000514  0.00383873292587  0.00384092242651
0.000237223142102 0.000978302401322  0.00298611158005  0.00390312669337  0.00364559505436  0.00332212292524  0.00303746284833  0.00293367108725  0.00294859875534  0.00312826618645  0.00337052140749  0.00370241761352  0.00401411560325  0.00408787249156  0.00410897330887   0.0041507346478  0.00422991187863  0.00422555287209  0.00423655667215  0.00429341017811  0.00431038499509  0.00434582166812   0.0043436284308  0.00435481221534  0.00435884200546  0.00437434015836  0.00439050047101  0.00439180204342  0.00437121226913
0.000347167108051 0.000588785833487  0.00449144498798  0.00485544835643  0.00268519089344  0.00187943423394  0.00275889794493  0.00372011090612  0.00438353292017  0.00469729689106  0.00473743867911  0.00460209846218  0.00432109654522  0.00415750232528  0.00415520259074  0.00414419572449  0.00411197014645  0.00410702209145  0.00410905162302  0.00409763132493  0.00410618457112   0.0040857660928  0.00409223158297  0.00409239722412  0.00408278749632  0.00407759284139  0.00406436536244  0.00406233106603  0.00408210879418
0.000281185191851  0.00158786544343  0.00615095365467  0.00697938542921  0.00575126702801   0.0049918123218  0.00428945849795  0.00382715570595  0.00360580606679  0.00359859427808    0.003695140851  0.00383644376705  0.00401756999073  0.00411271646362  0.00410018036711  0.00410205700068  0.00411438766836  0.00412085818998  0.00412322920537  0.00413129313344  0.00413111403818  0.00414467268458  0.00413311327251   0.0041632751187   0.0041683942334  0.00417066297396  0.00418630824173  0.00419338165349  0.00421212336009
0.000288040953444 0.000676659834576    0.003291278081  0.00258925376178  0.00213317464256  0.00293371998241  0.00375114040414   0.0043845268652  0.00469531814644  0.00480026058174  0.00478604562671  0.00478997797573  0.00483917177307  0.00484370886162  0.00484902293883  0.00486848639419  0.00488748417993   0.0048808552192  0.00487804827301  0.00487635624352     0.00487681554  0.00487175308191  0.00487090707986  0.00486222407002  0.00486961958563  0.00486687555221  0.00488460864758  0.00489036148833   0.0048734169495
0.000589261400403 0.000726764657514  0.00220577773837  0.00271278761784  0.00244705192966  0.00267448374113  0.00305208896477  0.00350400207563  0.00392425368023  0.00428515275041  0.00449367704319  0.00456157748743  0.00445449599557  0.00433935382432  0.00433685968627  0.00433644693313   0.0043659224083  0.00437170659396   0.0043773038424  0.00440605930394   0.0044338921743  0.00444765526807  0.00445917199375  0.00447787384198  0.00447534942575  0.00448816924074  0.00449130000396  0.00449983168732  0.00450546312845
0.000160386514891  0.00145890789398  0.00434761207964  0.00421413277271  0.00496633945245  0.00460025658249  0.00409481106383  0.00353528907306  0.00346697945194  0.00364390693713  0.00396142258055   0.0042505761772  0.00462022728325  0.00488896914163  0.00487262249691  0.00483740184717  0.00477636246084  0.00476358801329  0.00477241381735  0.00474028162706  0.00470133060049  0.00468496419403  0.00469729781723  0.00467809084408  0.00468616468613  0.00469401963348  0.00469108611536    0.004696294232  0.00469253313783
0.000206192786324  0.00112724958921  0.00321090257724  0.00433521667292   0.0047112148153  0.00508077873784  0.00495756725677  0.00483276307134   0.0047594774168  0.00474949771148  0.00476030062324   0.0049339838803  0.00533303315108  0.00576956363138  0.00594017315223  0.00595230897581  0.00598179772773  0.00599420937921  0.00598072434052   0.0059934070442  0.00602323716668  0.00603721924315  0.00604094088473  0.00605028990481  0.00605633285113  0.00606106253842  0.00606782069352   0.0060760938602  0.00609687062586
0.000167251115499 0.000978825746833   0.0027897151206  0.00414073710296  0.00539888852909  0.00594798623131  0.00607124399797  0.00628847110474  0.00642599350586  0.00646162243511  0.00638094166829  0.00631743153249  0.00633489044544   0.0061847322555  0.00610216693116  0.00615654223271  0.00626615410294  0.00626496094599  0.00630842618708  0.00639766783011  0.00643946291113  0.00648798617151  0.00648796376211  0.00657451037708  0.00658034319954  0.00660032823221  0.00664870974737  0.00665309609075  0.00665456856564
0.000216474473761 0.000748867556949  0.00177824818404  0.00269649669914  0.00341153978267  0.00419935417728  0.00533934685345   0.0062240788958  0.00673806187554  0.00697055936286  0.00692554837389  0.00667071537387  0.00618618437281  0.00577927399064  0.00569137267051  0.00568252337199  0.00567399139125  0.00568091505541  0.00567800401339  0.00567768828787   0.0056857061463  0.00569012789817  0.00571463009089  0.00571394368616  0.00573082589261  0.00572801179902  0.00573136274473  0.00575305397149  0.00577223257132
0.000173860420949 0.000963062719502  0.00265448114392  0.00386656118858  0.00425885835665  0.00410645822511  0.00420639244331  0.00448200725031  0.00475937209189  0.00498513009881   0.0051169348884   0.0052086480449  0.00527907337738  0.00529594925261  0.00530024631888  0.00530791383408  0.00532982803051  0.00534073545465  0.00536072947479  0.00537571027211  0.00538663242985  0.00540445137302  0.00541882699629  0.00541541187267  0.00543254299677  0.00520072134821  0.00439960152468    0.004155997237  0.00407774769134
0.00019705429412 0.00134132173879 0.00341883396294 0.00586424294095  0.0067422472658 0.00558333529015 0.00508620507093  0.0048589875593 0.00480276667228 0.00475212033964 0.00479536675509 0.00483477864022 0.00490723138118 0.00512239489453 0.00516492307894 0.00512157448956 0.00505146030848 0.00506385620307 0.00505929188668 0.00426808563293 0.00372562959022 0.00358998142775 0.00355623008434 0.00350089812722 0.00349646352965 0.00349200684208 0.00347230463807 0.00347104446217 0.00346956703363
0.000179830022833  0.00083078829865   0.0022219082615  0.00318052998488   0.0038962263636  0.00424044800458  0.00450512985069  0.00478307528119  0.00496887111853  0.00512904405274  0.00523157526618  0.00537129344075  0.00556929560163  0.00568261145895  0.00572539739582   0.0057454737746  0.00472121042733  0.00451262764408  0.00448412829354  0.00450189245083  0.00451506071729  0.00452896804048  0.00452699012822  0.00455248662774  0.00455304422604  0.00455570262249  0.00456816195822  0.00456940073675  0.00456940865069
0.000204262328618 0.000771035503749  0.00200319027708  0.00321675598522  0.00406403114452  0.00443332453686  0.00461560889383  0.00487177823781  0.00512050674083  0.00536971257503  0.00554258960294  0.00568826081136  0.00580445188812  0.00564922932662  0.00463802227331  0.00451200278008  0.00451380291148  0.00450395838007  0.00450135787156   0.0045227578352   0.0045294999115  0.00452762689255  0.00453063206508  0.00454140769931  0.00454869537368  0.00454413306118   0.0045468257565  0.00455104778597   0.0045482018018
0.000185875338788 0.000863575142843  0.00215163775746  0.00302585041894  0.00362903447954  0.00387165291301  0.00466911484765  0.00533530005252  0.00557564678928     0.00564930496  0.00566972238034  0.00572549427656   0.0048537824618     0.00461091343  0.00458114910154  0.00457028451003  0.00456557237846  0.00455276019587  0.00454788213897  0.00454361196909  0.00453999454602  0.00454419208214  0.00454176167364  0.00454134789556  0.00453306975412   0.0045395328226  0.00453635461095  0.00453148383345  0.00453358178695
0.000193577278808 0.000818024512895   0.0020203917433  0.00303735414503  0.00388155993702  0.00396778480536  0.00384755481311  0.00406415074316  0.00426132054922  0.00447727856205  0.00455413855437  0.00381527727243  0.00372947922043  0.00372644781056  0.00373872287118  0.00375124450204  0.00376203775511  0.00376234538756  0.00376044924567  0.00376186030017  0.00376634408969  0.00376430710715  0.00376465977045  0.00377759512083   0.0037739653327  0.00377785439821  0.00379139140205  0.00378964485721  0.00379037950428
0.000177257446256 0.000809306374363  0.00213850596546  0.00318002315508  0.00394064420707   0.0038323279979  0.00383142341687  0.00412995958872  0.00437455328409  0.00422316160189  0.00373379041157  0.00364886056741  0.00361129993319   0.0036106641177   0.0036059723361  0.00359462893878  0.00355584258635  0.00355413821317  0.00354213273236  0.00351410406177  0.00349486074925   0.0034800626102  0.00348012636615  0.00345105394688  0.00345456003714  0.00344600587562  0.00342898492541  0.00343192575126  0.00343109610697
0.000193492499428 0.000801975461409  0.00198486318406  0.00268306269706  0.00295147180078   0.0030439430898  0.00309478280579   0.0032511109978  0.00329317440668    0.002943129368  0.00280392806518  0.00276957386874  0.00281534629172  0.00282936473798  0.00285022983446  0.00288196489301  0.00294314782809  0.00294413070404  0.00295489390986  0.00299604181546  0.00301586941907  0.00303436683263  0.00303197577084  0.00306149822788  0.00306259376016  0.00306622657456  0.00307379293666  0.00307221848184  0.00307113107501
0.000215638851702 0.000693364683948  0.00166744109796  0.00233842582576  0.00296340733073  0.00316407886931  0.00317058490295   0.0031552605653  0.00264162494781  0.00248749410355  0.00244713920737  0.00240941547222  0.00236160950887  0.00235394520769  0.00234869298826  0.00233186727791  0.00229385780999  0.00229449457546  0.00228611992977  0.00225496895561  0.00223887029528  0.00222436917797  0.00222305790562  0.00220825531389  0.00221067280587  0.00220816340838  0.00220480731937  0.00220947498338  0.00220862604306
0.000215210098982 0.000767926006667  0.00189398633615  0.00233442390622  0.00265423472011  0.00290496283481  0.00308829775561  0.00299284466229  0.00284546865806  0.00276340923435  0.00268525236895  0.00259938892746   0.0025152506696  0.00245629150133   0.0024630364829  0.00246347370445   0.0024639848066  0.00246705816077   0.0024659436014  0.00246262863542  0.00246523972001  0.00247003608742  0.00246000567598  0.00246164022935  0.00245843612935  0.00245900091418  0.00245995251698  0.00245693967947  0.00245905087746
0.000192956007431 0.000822908935124  0.00207318488091   0.0026731683288  0.00296408054353  0.00316541460445  0.00332646202552  0.00315943319297  0.00312482174188  0.00309770319904  0.00305330685845  0.00300554190788  0.00296104063952  0.00290810373141  0.00287695893725  0.00287955512173  0.00289223963545  0.00289436133519  0.00289883848736  0.00291035111829  0.00290910520425  0.00290969761387  0.00291755397291  0.00291834476093  0.00291837041435  0.00291948106616  0.00292266497226  0.00292399812599   0.0029246406235
 0.00018707908988 0.000906595819231  0.00223887342091  0.00291576567271  0.00317295953685  0.00336960760958  0.00341895058594  0.00319520780278  0.00316934874186  0.00314775515255  0.00314239545708  0.00312625595228  0.00309636085798  0.00309774274629  0.00309302027181  0.00308456015576  0.00305432791489  0.00305692198652  0.00305283529996  0.00302982122619  0.00302696023133    0.003017214738  0.00301618019511  0.00300328769608  0.00300208459342  0.00300055626324  0.00299405668739  0.00299339838404  0.00299426597762
0.000198962307375 0.000784049613041   0.0019134357643  0.00244197091366  0.00253852593056  0.00264578686844  0.00257450667615   0.0025379818431  0.00258121683789   0.0026348452484  0.00265063354463  0.00269087327538  0.00276373352484  0.00276913740575  0.00278908814482  0.00282154017015  0.00288583295386  0.00288744800254  0.00290221353698  0.00294221897534  0.00295460535287    0.002968107867   0.0029714164795  0.00299151669732  0.00299461664173  0.00300020542655  0.00301397457155  0.00300915071844  0.00300714483858
0.000214304928798 0.000734345721683  0.00190884623444  0.00242336083301   0.0025350823012  0.00250744205563  0.00230692747823  0.00218458514688  0.00217535906795  0.00220331766441  0.00224825612904  0.00226867545328   0.0022594532776  0.00225285588407  0.00223449342767   0.0022256854358  0.00220611198763  0.00220689673987  0.00220407456772  0.00219199803884  0.00218626423575  0.00217928797558  0.00217936851675  0.00217367152658   0.0021680532729  0.00216647803526  0.00216288300872  0.00216804267364  0.00216843328722
0.000360746434002 0.000597964031702  0.00110925701669  0.00124609741605   0.0010108629268  0.00087123570174 0.000997754847867  0.00116384045147  0.00133372097545  0.00144143669728  0.00147435425763  0.00141959584079  0.00126800651942 0.000960745688824 0.000603049990586 0.000557339133917 0.000675068246282 0.000667631714597 0.000699484086955 0.000759545463266 0.000808215649203 0.000827579665053 0.000834689189507 0.000875131737939 0.000895651072421 0.000898394812626 0.000903841465277 0.000932158917769 0.000932168647902
0.000319325808184 0.000489782018529  0.00108030281906  0.00150580958989  0.00132710281465 0.000852467970235  0.00120884146329  0.00174458627791  0.00226165669293  0.00258139918029  0.00263971335992  0.00237214584318  0.00173899920494 0.000762750735264 0.000183130130184  0.00020283798058 0.000261772880518 0.000261113045474 0.000275213829867 0.000315656373265 0.000323084116618 0.000336097405463 0.000339468579087 0.000350868780104 0.000353780942643 0.000356704200835 0.000365179699851 0.000346491721655 0.000359131187823
2.74277765356e-05 0.000468276159615  0.00103275807032  0.00104652083456  0.00102794622577 0.000870039856189   0.0012153510377  0.00172560015535  0.00222651417477  0.00252439206205  0.00253165275934  0.00217338432996  0.00145092556177 0.000527921790667  0.00013582842545  0.00015408032765 0.000199556368511 0.000199390713509 0.000207862540312 0.000248108900393 0.000256312307713 0.000288101179637 0.000274097854916 0.000318007217164 0.000299031067444 0.000299705697441 0.000318246446731 0.000308531815647 0.000311613118514
8.32058799283e-05 0.000527956770857  0.00102989868452   0.0012287007049  0.00103549419748 0.000686377504345  0.00103637654507  0.00148033332188  0.00184644221654  0.00198875547092  0.00183809821131  0.00133853800782 0.000494138019305 6.59176721564e-05  8.4399535124e-05 0.000107018492299 0.000166017503595  0.00017552605799 0.000176323138412 0.000209030536168 0.000220977365663 0.000231200946729 0.000233988479399 0.000256391456701 0.000265778180433 0.000265188861727 0.000280099368825 0.000285330149312 0.000279648945574
0.000138355144315 0.000884201805181  0.00130501028817  0.00151785835808  0.00130879756299 0.000730172305613  0.00072582214214  0.00117375985867  0.00155980696203  0.00173246126202  0.00162228532348  0.00117838792066    0.000449339046 7.80766316673e-05  9.4754889465e-05 0.000117314251906 0.000143433082879 0.000135464086238 0.000145848395116 0.000167319384304   0.0001832014141 0.000183043821917 0.000191550652265 0.000213463619486 0.000206569285535 0.000220871767002 0.000230124691894 0.000232281673316 0.000222414292711
5.51493660922e-05 0.000689030912947  0.00113401703627  0.00139824368361  0.00124701418137 0.000776770923606 0.000911673977047  0.00135798518378  0.00171607399752  0.00183327582263  0.00159802972128 0.000948099961761 0.000262728089416 3.49376199524e-05 4.23560337658e-05 7.24447809215e-05 0.000107022302644 0.000109168259214 0.000116511488534  0.00014173300314 0.000151163990074 0.000187558741788 0.000174362029319 0.000196473632151 0.000189601869697 0.000195885453659 0.000203738972991 0.000203384433794 0.000203627154915
7.47576576729e-05  0.00059008669521  0.00102574507402  0.00130424246549  0.00113574208809 0.000730653639473  0.00102646590784  0.00147778931688  0.00179291471234  0.00181129799927  0.00142656556729  0.00055380317084 1.72262702113e-06 5.58886928176e-06 1.89612871284e-05 3.82520209081e-05  7.3161844086e-05 7.28814499164e-05 8.49003254162e-05 0.000109278699609 0.000121306523139 0.000135015764075 0.000133875697695 0.000154593183921 0.000161015287982 0.000158706335841 0.000171658665748 0.000172992719705  0.00017095644014
 4.1621303003e-05 0.000630408717536  0.00109844173768  0.00146289704982  0.00135093857584 0.000882751816228   0.0010624894244  0.00153230399772  0.00187185327985  0.00190833553904  0.00150885208752 0.000598590987964 2.38821777151e-05 2.45363891299e-05 2.44484284972e-05 3.80480339467e-05 7.63428313621e-05 7.63041018733e-05 8.37456607233e-05 0.000107447508033 0.000124192213395 0.000122546298057 0.000128698147793 0.000139860165222  0.00013471264955 0.000141408732486 0.000145455894943 0.000147311055719 0.000145278297716
9.81659528302e-05 0.000583239188042  0.00137951068268  0.00223400506778  0.00281391319089  0.00344306675049  0.00301823782489  0.00274003776742  0.00261189385824  0.00218211707614  0.00114179673171 0.000238068607983 2.08725902066e-05 1.79536493855e-05 1.87363780552e-05 3.84213922552e-05 6.91133028605e-05 6.95986470287e-05 7.76340788073e-05 0.000100286493139 0.000112131819177 0.000115537858717 0.000117265978214 0.000126032799575 0.000124341925949  0.00012639045901 0.000129676466396  0.00013037539173 0.000131682231742
9.86532216734e-05 0.000634792803409  0.00105486125268   0.0013820596558  0.00132088548517  0.00102536816181  0.00117290236105  0.00150341274678  0.00153364014415  0.00122807295847 0.000562894754193 0.000136442920075 7.42191082813e-05 5.13810258188e-05 5.42235712718e-05 5.43399646567e-05 6.81321828845e-05 6.86838487597e-05 7.22185788042e-05 8.37076997476e-05 8.86896735083e-05 9.26625099461e-05 9.34611770679e-05 0.000101370907518 0.000104261034314 0.000106793636597 0.000108319837004   0.0001118760923  0.00011310835333
5.17649636293e-05 0.000592142790251   0.0011326340545  0.00166459685218  0.00177875128637  0.00137706750658 0.000920136107424 0.000784128847375 0.000800007697359 0.000737409330028   0.0003517494708 6.59212916089e-05 5.08432492118e-05 5.11681063951e-05 5.43475670094e-05 6.14024257414e-05 6.40113040681e-05  6.7217083465e-05 6.83180669929e-05 7.27356251933e-05 7.47499103015e-05 7.86816756938e-05 7.72810250405e-05 8.72291321341e-05 8.78629529337e-05 8.87481749122e-05 9.82888951058e-05 9.91798464681e-05 9.91205630324e-05
2.27895609523e-05 0.000537856091532  0.00102638203791  0.00142343338353  0.00135922102147  0.00083616501495 0.000863149984335  0.00131478826893  0.00155149368807  0.00140508109528 0.000617867691004 8.51003345877e-05 4.08594871306e-05 1.36561444153e-05 1.91336545165e-05 3.13846367007e-05 5.14668850664e-05 4.95522224933e-05 5.16950640865e-05  5.9792409136e-05 6.64075460563e-05 6.91898254384e-05 6.98361468052e-05 8.09020819814e-05 8.05605464679e-05 7.94174577406e-05 8.15040721352e-05 8.26280889827e-05 8.24219433769e-05
 2.0237661081e-05 0.000576165747173  0.00116608178842  0.00176212752393   0.0018949683422   0.0013727654772  0.00128693409418  0.00185745839119  0.00202322535377  0.00163521654534 0.000636934104452  7.4185719046e-05 3.58717977345e-05 1.72168578577e-05 1.45959371712e-05  2.2680585574e-05 3.73426310474e-05  3.7885562767e-05 4.20711691193e-05 5.07928740924e-05 5.71004408578e-05 6.27079389571e-05 6.32073253336e-05 6.87086725645e-05 6.75083470416e-05 6.90526948352e-05 7.09773764278e-05 7.22989860565e-05 7.26885317675e-05
3.36647016572e-05 0.000530164887889   0.0010456432084  0.00152946346166  0.00171563675896  0.00155804705453  0.00161420365892  0.00198860157968  0.00167938932167 0.000746862596912  0.00012006796263 3.77685403687e-05 6.18170584075e-06 4.15117157365e-06  1.7953281003e-06 1.18220595937e-05 2.82106216262e-05 2.80000114678e-05 3.13376521547e-05 4.35209018946e-05 4.77514702954e-05 5.05058740579e-05  5.1161467685e-05 5.92745360635e-05   5.847844475e-05 5.87853283176e-05 6.30285299354e-05 6.04523066903e-05 5.98302757827e-05
1.81879016958e-05 0.000459453458873 0.000974708231574  0.00138352385981  0.00146144087617  0.00128130653881  0.00135669319761  0.00177047212576  0.00157505289751 0.000719485800091 0.000103863046964 3.08592122301e-05  6.4318169462e-06 4.77364234406e-06 7.31366405354e-06  1.4283188669e-05 2.82599922979e-05 2.77382784183e-05 3.01034474014e-05 3.95536889794e-05 4.30186407068e-05 4.66455854585e-05 4.74027298081e-05 5.23708470256e-05 5.07875667291e-05 5.16777512222e-05 5.36148335399e-05 5.71825745987e-05 5.77984541588e-05
7.86160215842e-05 0.000476463911228   0.0009727654833  0.00142507846168  0.00145236321033  0.00115021058025  0.00122151089868  0.00166112557191  0.00152989235052 0.000680317872392 7.62057408236e-05 2.25987676942e-05 3.40363545778e-06 4.30284035742e-06 6.38528403964e-06 1.08516882705e-05 2.07605211056e-05 2.07371971077e-05 2.27888013796e-05 2.93246523276e-05 3.25639709263e-05 3.58617210106e-05 3.70197420304e-05 4.35716578261e-05 4.28261161469e-05 4.52678441766e-05 4.94719718593e-05 4.91432705468e-05 4.90256446404e-05
5.80874353156e-06 0.000433151523946 0.000977907956703  0.00148958959637   0.0014869519491  0.00103442873216 0.000982316933841  0.00147529373521   0.0011833847475 0.000354757826576 2.28214523334e-05 4.27725599637e-06 5.68371790755e-06 6.05108549522e-06 7.63842863445e-06 1.11352262524e-05 1.69325718008e-05 1.65529299455e-05 1.81531924623e-05 2.36406300088e-05  2.7550147588e-05 3.03440076875e-05 2.99015219587e-05 3.44595401621e-05 3.46473018972e-05 3.49141584136e-05 3.64408955705e-05 3.66965502748e-05 3.71612852742e-05
3.98656360132e-05 0.000363194222052 0.000978252618319  0.00143934913988  0.00132566261641 0.000885129265299 0.000905245536367  0.00132294707209  0.00107798429882 0.000274292453738 2.04834991689e-05 6.50006566134e-06 3.27359251043e-06 5.04776016129e-06  5.6902376532e-06 8.60167535265e-06 1.62951947969e-05 1.64588704968e-05 1.79661848952e-05 2.28280342525e-05 2.48252316896e-05 2.64747342011e-05  2.6976353703e-05 3.05323047479e-05 3.03397339217e-05 3.12342130424e-05 3.25872962329e-05  3.3366944202e-05 3.32580565284e-05
3.35982429082e-05 0.000394127524027 0.000946353774167  0.00130666907551  0.00124288560494 0.000814451690911  0.00105253365434  0.00127066650195 0.000899408647374 0.000169133785713 1.89855892304e-05 6.23542652571e-06 1.84936588547e-06   2.466637582e-06 3.22058713399e-06 5.72483949521e-06 1.15265273971e-05 1.16857410493e-05 1.28784745769e-05 1.64632409602e-05  1.9035917028e-05 2.13055602149e-05 2.13143076116e-05 2.48331550851e-05 2.50867631765e-05 2.56673658618e-05 2.73954677424e-05 2.74622215498e-05 2.75739656537e-05
6.07429765775e-06 0.000381895293769 0.000961554053179  0.00138783188017  0.00126487641491 0.000791523248503   0.0010171486665   0.0012345647265 0.000865344507017 0.000149573175861  2.2417120174e-05 1.04219718016e-05 3.26117621437e-06 3.08875535853e-06  1.2791574213e-06 3.95498868724e-06 1.01566472336e-05 1.02357420147e-05 1.16466087956e-05 1.57677945235e-05 1.76374175064e-05 1.87113555367e-05 1.90606530423e-05 2.10691248383e-05  2.1178613143e-05 2.20697415628e-05 2.31898839334e-05 2.39443067984e-05 2.39552515197e-05
3.56087504199e-05 0.000408131946094  0.00102121811883  0.00154775484663   0.0014466301099 0.000890751668413  0.00104004906523  0.00125105902143  0.00086662880645 0.000163738134087 1.96308509417e-05 7.87346740438e-06 1.89290170923e-06 2.53371769834e-06  1.0869566794e-06 1.65429778026e-06 6.26318692993e-06  6.1691527218e-06 7.15946135022e-06  9.9482634138e-06 1.14458475933e-05 1.30660073783e-05 1.29683000357e-05 1.77231444513e-05 1.75797582004e-05 1.82107797538e-05 1.99510912126e-05 1.97928316077e-05 1.99690682991e-05
6.63950715938e-05 0.000305380025556 0.000924497942645  0.00137695940714  0.00122821021326 0.000861540490373  0.00110406119841  0.00108960965701 0.000791658778256 0.000153273251518 2.47656494124e-05 1.70312336128e-05 8.10548776479e-06 7.18607067511e-06 5.84141068655e-06 2.96199626777e-06 3.14866157883e-06 2.99717142426e-06  3.7675192595e-06 6.86178653014e-06 8.83055686696e-06 1.03763880483e-05 1.06432684748e-05 1.34437546261e-05 1.27170389389e-05   1.344181379e-05 1.51449247677e-05 1.55454181457e-05 1.55833448428e-05
3.32472218855e-05 0.000416944305115  0.00103434213942  0.00140456454874  0.00118194796995  0.00100127011129  0.00126704390053  0.00110650829457 0.000777612955815 0.000169515805137 1.91422148515e-05 1.68403225362e-05 1.06144933002e-05 1.08800803549e-05 9.27788740369e-06 6.25855754518e-06 1.33944777827e-06 1.78241807755e-06 1.40703578411e-06 4.77767573056e-06 7.47010533747e-06 9.20809777632e-06  8.9617446665e-06 1.09878964023e-05 1.08123302064e-05  1.0849938532e-05 1.07288360596e-05 1.14637200498e-05 1.15644147794e-05
5.69172382605e-05 0.000349775199454  0.00099780762467  0.00135608269499  0.00113346782168 0.000999514568559  0.00127584119469  0.00112397580957 0.000775215971679 0.000227513615057 1.92943223368e-05 1.68345839013e-05 1.11422321471e-05 1.12596985488e-05 1.01836910527e-05 7.42527866866e-06  2.9166714643e-06 2.71892092705e-06 1.76142818865e-06 1.22416462891e-06 2.72740101738e-06 4.30114732414e-06 4.36034050238e-06 6.55585049966e-06 6.59433206841e-06 7.11310016106e-06 8.16213739806e-06 8.11938280095e-06  8.1122693418e-06
3.54379874996e-06 0.000331727845625 0.000991561597684  0.00133928061874  0.00109765465752 0.000960759064577  0.00124252131016  0.00111689999873 0.000758725387826 0.000318829764373 1.25884071047e-05 1.22695746464e-05 8.57965078016e-06 8.95030180121e-06 8.18253107377e-06 6.30634117405e-06 3.36795900964e-06 3.27147518984e-06 2.62366247744e-06 6.55651092511e-07 6.28680679493e-07 1.92824710799e-06 2.00856377217e-06 4.13235288205e-06 3.83142439842e-06 4.14993995168e-06 5.25400659348e-06 5.48492291943e-06 5.72640980894e-06
1.83285824693e-05 0.000300913633762 0.000976056876539  0.00132579951509  0.00110566869318 0.000932939047233  0.00121763472136  0.00112125745215 0.000737433870206 0.000458980045275 1.67206733302e-05 1.62001684854e-05 1.28176167629e-05 1.24986530804e-05 1.14943739806e-05 1.00399745476e-05 6.30812093252e-06  6.4501376321e-06 5.66440159297e-06 3.04917229708e-06 1.80051415765e-06 5.60925311587e-07 5.41591103237e-07 1.80814401056e-06 1.81794166565e-06  2.2938110119e-06  3.2236140449e-06 3.58523920185e-06 3.55088762011e-06
3.17988139269e-05 0.000322452158224   0.0010249268839  0.00136104303582  0.00112617164685  0.00089138269977   0.0011164833212  0.00108309900049 0.000706123177589 0.000474848054528  1.9480522539e-05 1.57083940135e-05 1.24436734695e-05 1.16517252262e-05 1.14120768749e-05 9.42461256406e-06 5.99174911185e-06 5.64006489487e-06  5.1268873784e-06 3.79239675534e-06 2.97202530001e-06 2.39204252143e-06 2.32458114624e-06 1.43678414941e-06 1.43245041593e-06 1.20772969234e-06  8.8608674689e-07 9.31054315079e-07 9.59361708332e-07
 2.2232093941e-05 0.000307750593203 0.000987993385401  0.00136029123762  0.00120653153449 0.000896119623921 0.000972700624819  0.00101825295768 0.000716540045103 0.000534451083836 2.81657780992e-05 1.05973848088e-05 1.15712883349e-05 1.23595913507e-05 1.15198385644e-05 1.10468920922e-05 9.27648421476e-06 9.57207958208e-06 8.91997250003e-06 6.83839922932e-06 5.74218909937e-06 4.77862838219e-06 4.77267700523e-06 3.29045847577e-06 3.23437590144e-06 3.04425289287e-06 2.50769321411e-06 2.28260304358e-06 2.26659348454e-06
1.85873068336e-05 0.000344125619728  0.00101994214137  0.00143251766903  0.00131418963136 0.000943081132795 0.000859089393717   0.0009189736786 0.000687795249069 0.000577745549125 2.93722904428e-05  1.3482904755e-05 1.23179180826e-05 1.16542904085e-05 1.12393429339e-05 1.00370063852e-05 8.08243395758e-06 8.02032764772e-06 7.63311891133e-06 6.79769023324e-06 6.33088946452e-06 5.78750435061e-06  5.7270107982e-06 4.77676937341e-06 4.77267700523e-06 4.59110555927e-06 4.11728009285e-06 3.99629030034e-06 4.05322541061e-06
4.91783603371e-06 0.000223844676164 0.000936988786486  0.00129355959279  0.00104361416246  0.00077345618571  0.00106844597974  0.00109065848419 0.000776943139004 0.000457716084704 2.84941913659e-05 2.33611750984e-05 1.80368986758e-05 1.91316830956e-05 1.78820846197e-05 1.55853514275e-05 1.08033413448e-05 1.06406916222e-05 9.80506597107e-06 8.22545447633e-06 7.27671167817e-06 6.85649369571e-06 6.97603554838e-06 6.08434684523e-06 6.14146617801e-06 5.90133017896e-06 5.60410464933e-06 5.54523444666e-06 5.66512674722e-06
1.94068883864e-05 0.000266970624653 0.000960569875984  0.00123760771277 0.000969144745605 0.000820932359984  0.00124558549886   0.0012595280062 0.000906355475265 0.000504450306278 6.38905693899e-05 1.91379272909e-05 1.49119314248e-05 1.45737914225e-05 1.43921740401e-05 1.32866432745e-05 1.13798922897e-05 1.15942620781e-05 1.11848080165e-05 9.15280704059e-06 8.43484701293e-06 7.87142468415e-06 7.81122224099e-06 7.27214834216e-06 7.27396486233e-06 7.27361380556e-06 6.91824823787e-06 6.85921346023e-06 6.85558686776e-06
 1.8923774525e-05 0.000276084639274 0.000899949011979  0.00117760463172  0.00102701589292 0.000871183753217  0.00125994348257  0.00129402802202 0.000914502693887  0.00050688001758 0.000102626649345  1.4612899118e-05 1.91693562268e-05 1.91835232788e-05 1.75324613864e-05 1.58243206281e-05 1.23110368461e-05 1.22289881157e-05 1.13703183281e-05 9.12652026768e-06 9.15237035519e-06 8.96580716377e-06 9.12652026785e-06 8.52722773876e-06 8.64452309384e-06 8.46574822697e-06 8.16931615597e-06  8.1097370871e-06 8.10624538536e-06
1.55491039721e-05 0.000263340829329 0.000967139526029  0.00128347151583  0.00108279337699 0.000860555642533  0.00121189654356  0.00129342143293  0.00090451039359 0.000502116221124 0.000151875030134  1.2644765122e-05 1.36478829968e-05 1.49005958135e-05 1.45855271586e-05 1.42941661906e-05  1.4049233562e-05  1.4217925526e-05 1.43625242348e-05 1.42550539347e-05 1.29854023033e-05 1.21256362307e-05  1.2107998106e-05 1.10304933597e-05 1.10285607037e-05 1.08500510892e-05 1.03150913784e-05 1.03134229638e-05 1.01934834646e-05
2.47384580869e-05 0.000280156456349 0.000966634096574  0.00126341052568  0.00101013248932 0.000802419763475  0.00124484088399  0.00130152304703 0.000898965038845 0.000492176895991 0.000222098484453 1.74880145715e-05 2.19305127636e-05 1.99117339041e-05 1.94140297706e-05  1.8273481587e-05 1.68867683192e-05 1.67261998919e-05 1.63420362866e-05 1.55132753721e-05 1.51427254098e-05 1.45043420703e-05 1.43722684625e-05 1.28186021218e-05 1.26385742753e-05 1.25180485952e-05 1.19222699842e-05 1.17445352645e-05 1.18017290728e-05
4.30670075857e-05 0.000237324305778 0.000926462497543  0.00120884341026  0.00097282074125 0.000851916566138  0.00125158919071  0.00128701225393 0.000920971962527 0.000492692218829 0.000245909089276 2.03068619506e-05 2.45404760902e-05 2.53675111724e-05 2.50025604856e-05 2.40827247504e-05 2.17235244414e-05 2.15465482326e-05  2.0991103447e-05 1.90441270707e-05 1.80920471304e-05 1.71331993634e-05 1.71771095668e-05 1.56252371221e-05 1.56215987749e-05 1.53203649403e-05 1.45446325496e-05 1.44268176095e-05 1.44254323439e-05
2.22184022282e-05 0.000283135903053 0.000937398976955  0.00117206961175 0.000947607134735 0.000955754258035  0.00128644272561  0.00126429931591 0.000963648214038  0.00050216216928 0.000244543854953 1.74772891082e-05 2.68043739427e-05 2.69414815426e-05 2.59598441062e-05 2.41472690299e-05 2.05846712965e-05 2.04435512367e-05 2.02202607868e-05 1.86134113913e-05 1.82799049765e-05 1.78497314778e-05 1.78956928299e-05 1.71135992586e-05 1.71715760164e-05 1.69301915315e-05 1.66305036866e-05 1.65718064004e-05  1.6690531168e-05
 1.9795991688e-05 0.000233633606999 0.000878718489341  0.00111629931822 0.000917192149848 0.000954521368914  0.00128671685046   0.0012841430702 0.000982356914648  0.00050242705055 0.000244781415896 1.15351559024e-05 2.61333863511e-05 2.76216730681e-05 2.66467163826e-05 2.45189197169e-05 2.07972179098e-05  2.1542301898e-05 2.10854958564e-05 1.88228268993e-05 1.82993600683e-05 1.77328138239e-05 1.74060935267e-05  1.6823826737e-05 1.66570189462e-05 1.66932382366e-05   1.704745593e-05 1.71074675926e-05  1.6929398037e-05
2.78842748039e-06 0.000219370677188 0.000933066280847  0.00119259395813 0.000955533011128 0.000953564780527   0.0012820199835  0.00131062219251  0.00100662044609 0.000505658282703 0.000246060891837 6.50365076196e-06 2.79075492659e-05 2.91621128434e-05 2.83297787267e-05 2.71924627481e-05  2.3984147633e-05 2.43317525675e-05 2.38474637946e-05 2.18299366889e-05 2.02391617493e-05 1.97611702962e-05 1.98848779908e-05 1.90937376639e-05 1.89673052198e-05 1.87812393723e-05 1.81268935812e-05 1.80608220909e-05 1.81810776937e-05
6.71180377789e-05 0.000397859006214 0.000961535480684  0.00119778823924  0.00105472233828  0.00103336316663  0.00130788523253  0.00137600738864  0.00107724111623 0.000531604733019 0.000256909320868 2.54034298341e-05  2.3997996582e-05 2.43711907263e-05 2.49672260181e-05 2.52580672153e-05 2.49753024258e-05 2.48451466936e-05 2.49706472436e-05  2.3359969205e-05 2.29086683741e-05 2.21655761993e-05 2.24595648151e-05  2.1014018835e-05  2.0766429534e-05 2.07437865583e-05 2.00874340617e-05 1.99085090254e-05 1.99086261342e-05
1.76815381544e-05 0.000266667581219  0.00089879670385  0.00113130686078  0.00098309094685  0.00093610264542  0.00123934038285  0.00137285254129  0.00108199125684 0.000519139679489 0.000252652192671 3.97686761613e-05 2.59480650895e-05 2.91257511514e-05 2.81074447186e-05 2.52566467315e-05 2.26314577924e-05  2.3639671318e-05 2.31376601494e-05 2.28883582141e-05 2.25770639965e-05 2.22723315176e-05 2.24117625545e-05 2.22461161731e-05 2.24809537782e-05 2.21771384367e-05 2.18771427374e-05 2.18160328195e-05 2.18758993741e-05
2.20307257095e-05  0.00036558396886  0.00100934685592  0.00127918253252  0.00107579447595 0.000965085597297  0.00121321345908  0.00141073173838  0.00112784203805 0.000525798703585 0.000260197525537 7.00461902334e-05 2.25405874096e-05 2.59397441326e-05  2.6335690087e-05 2.77514126698e-05 2.86769428279e-05 2.65955789477e-05 2.70341069601e-05 2.68227689683e-05 2.60475025554e-05 2.55727587966e-05 2.54012354839e-05 2.38586158271e-05 2.37836770493e-05 2.36092005984e-05 2.30697696706e-05 2.29490267432e-05 2.30085558008e-05
 1.0473469426e-05 0.000290918947556 0.000920041900055  0.00119776354918  0.00109648412879 0.000998461377191  0.00119464178216  0.00146662344295  0.00119018098833 0.000530751612993 0.000262048363505 0.000103227756831 2.35419826365e-05 2.76570030329e-05 2.77224039945e-05 2.54943158854e-05 2.33820659218e-05 2.43181688835e-05 2.39267179486e-05  2.4698111661e-05 2.45350096535e-05 2.44265668508e-05 2.45216480489e-05 2.46360542456e-05 2.49760220407e-05 2.49208411551e-05 2.46168084928e-05 2.39635876616e-05 2.36634240087e-05
7.91238734777e-06  0.00030627768728 0.000941415112617   0.0012254376937  0.00114638960844  0.00114825096793  0.00132853147619  0.00129155439602 0.000965300871174 0.000481138183896  0.00024361166443 0.000123052009995 2.79743013653e-05 3.34515354678e-05  3.5147074567e-05 3.51196718872e-05 3.25423500351e-05 3.16621573796e-05 3.05780686039e-05 2.78280172669e-05 2.64329337521e-05 2.54631154099e-05 2.57070253351e-05 2.39652601012e-05 2.34286110235e-05 2.33487882429e-05 2.25441912862e-05 2.31269142118e-05 2.29302291138e-05
9.86432229089e-06 0.000326132073298 0.000959736461067  0.00119530053098  0.00110196897472  0.00116339865784  0.00133739261708  0.00120816731657 0.000898314917103 0.000486370111799  0.00027425411926 0.000128286095547 3.76080286392e-05 4.37888140467e-05 4.09578120088e-05 3.65995588431e-05 3.10512053682e-05 3.23194072904e-05 3.17793839406e-05 2.78538059763e-05 2.68557125857e-05 2.55357039071e-05 2.55122197233e-05  2.3982723405e-05 2.41896475445e-05 2.41232127537e-05 2.34350548357e-05  2.3897374605e-05 2.37558721677e-05
 2.6839132369e-05 0.000328561351305 0.000968876382187  0.00120845018579  0.00110668615817  0.00114080433908  0.00131438702955  0.00120577690282 0.000906961257624  0.00050423627962 0.000291469317437  0.00013954530265 2.38545054369e-05 3.34035729138e-05  3.2797812108e-05 3.52464389151e-05 3.48236119866e-05 3.33678462504e-05 3.30215277942e-05 3.19318672535e-05 3.07876922663e-05  2.9512380808e-05  2.9342032359e-05 2.62738362683e-05 2.64458334673e-05 2.55813143209e-05 2.42185314006e-05 2.41481259551e-05   2.460488111e-05
2.79868995833e-05 0.000330537739928  0.00096046865043   0.0011930990894  0.00106521436252  0.00109834788802  0.00129702958537  0.00117742250851 0.000877838151781 0.000503452631764 0.000310869594541 0.000148487393295 2.00848692871e-05 3.05132094948e-05   3.052279404e-05 2.96561312344e-05 2.65120020004e-05 2.69466067316e-05  2.7425343053e-05 2.83514436262e-05 2.85324553585e-05 2.87093097523e-05 2.86192308611e-05 2.85331985474e-05 2.86302304143e-05 2.87236415833e-05 2.88147002466e-05 2.90502331859e-05  2.9078916436e-05
9.23747057106e-06 0.000225012235225 0.000933656096207  0.00120299497041  0.00110870955894  0.00114323805339  0.00127382214165   0.0011772967087 0.000904751612028 0.000512165772965 0.000282667041713 0.000136754330386 2.57662060059e-05 3.57223901224e-05 3.61898578896e-05 3.12165215867e-05 3.00258101264e-05 2.93619112501e-05 2.90097860534e-05 2.84006124931e-05 2.79353813992e-05  2.8074266199e-05 2.80937160602e-05 2.75976947744e-05 2.73060190784e-05 2.73493105072e-05 2.58601914189e-05 2.58644713592e-05 2.67809355103e-05
2.84774620453e-05 0.000426749371806 0.000921794949104  0.00111113421548  0.00108053511481  0.00110241461194  0.00123700141095  0.00125665654789  0.00105708206589 0.000648755966095 0.000311975301693  0.00017227287169 3.20848077392e-05 2.73181290585e-05 2.89035747345e-05  3.2167526194e-05 2.73350932756e-05  2.7011030362e-05 2.85973273544e-05  2.8389211112e-05 2.84436158028e-05 2.78619081261e-05 2.76714884342e-05 2.74602324554e-05 2.78122299867e-05 2.80406478465e-05 2.69281093413e-05 2.76092782471e-05 2.87257287095e-05
2.67158253923e-05 0.000280807766856 0.000958614315594  0.00120442406976  0.00094002990977 0.000887925093085  0.00113043699797  0.00118546447117 0.000997839939053 0.000635497869022 0.000309428991197 0.000170921712545 4.49449666791e-05 3.04247680653e-05 3.24504488917e-05 3.38883534917e-05 3.76133313125e-05  3.7567271186e-05 3.46323016952e-05 3.18643135986e-05 3.10198979703e-05 3.00627926526e-05 2.97367596679e-05 2.89433528294e-05 2.91240555702e-05  2.9093005134e-05  3.0050968991e-05 3.02996014094e-05  3.1094267738e-05
6.85224995739e-06 0.000292285680285 0.000883498827618    0.001068242631 0.000999947736794  0.00100439677731  0.00116974875266  0.00122599619275  0.00104760693397 0.000662976194231  0.00032018904946 0.000163779124903 4.96635633882e-05 3.24279581711e-05 3.41056757441e-05 3.51414122672e-05 3.53518823295e-05 3.43965918707e-05 3.44275770403e-05 3.31716883895e-05 3.22661033769e-05 3.26702819337e-05 3.26986892806e-05 3.12512558196e-05 3.09632217721e-05 3.05880771216e-05 2.97714050677e-05 2.96165517625e-05 3.04380355579e-05
6.86297679599e-06 0.000251573413195 0.000897408903078  0.00113274089871 0.000996303610437  0.00094243057849  0.00109298603375  0.00118356204121  0.00102921979956 0.000661441052351  0.00032743418864 0.000158758954648 7.26101090985e-05  3.2478362576e-05 3.49493502559e-05 3.41307805759e-05 3.00648497842e-05 2.91879631619e-05 2.91812553193e-05 2.82914193021e-05 2.72604964139e-05 2.77561238022e-05 2.76041105274e-05 2.77530876963e-05 2.82876989367e-05 2.77135479886e-05 2.87214035517e-05 2.84820406821e-05 3.03299254021e-05
 1.9302513465e-05 0.000248061638742 0.000860464445378  0.00107108141378 0.000978057590201 0.000941414475458   0.0010897132789  0.00119243817275  0.00104960250551 0.000687992554768 0.000338453088164 0.000176617069476  7.6573858345e-05 2.58206759309e-05 2.97644148575e-05 3.11438097783e-05 3.18959056337e-05 3.22198548351e-05 3.17029185498e-05 3.17578844991e-05 3.16411307271e-05  3.2243193055e-05 3.26720217996e-05 3.17024191798e-05 3.18217917025e-05  3.1907589623e-05 3.23458322219e-05 3.26106354959e-05  3.4259610305e-05
1.98504758906e-05 0.000275956924923 0.000889743578284  0.00111055776956  0.00101653697052 0.000954386956927  0.00106365769804  0.00117276325445  0.00104690420908 0.000697628920446 0.000354766064001 0.000178540015674  7.8063762014e-05 2.51782267079e-05 3.13287684103e-05 3.23737200366e-05 3.20527479159e-05 3.16137573049e-05  3.2487318199e-05  3.3411929001e-05 3.33201293187e-05 3.29925573213e-05 3.31183595811e-05  3.2180160762e-05  3.2174588492e-05 3.14947842329e-05 3.06745678438e-05 2.95158302587e-05 3.01326092517e-05
3.45208628889e-06 0.000250414693776 0.000850913137355  0.00102898726747 0.000879155926327 0.000771486770429 0.000898986379434  0.00110958205311  0.00104086665339 0.000729109205639 0.000341635194883 0.000283215141203 8.95294762044e-05 4.31996265824e-05 3.78621293771e-05 3.35224641475e-05 3.20930625887e-05 3.15545322246e-05 3.06620288073e-05 2.90291638147e-05 2.81084407578e-05 2.87199926127e-05 2.90939667795e-05 2.78929995996e-05 2.84424721314e-05 2.78072277464e-05 2.74575639317e-05 2.70768491211e-05 2.85846532555e-05
1.95894374786e-06  0.00024267251424 0.000806064566216 0.000913925872017 0.000724711548544 0.000676458092271  0.00092719531629  0.00121993532513  0.00117565074105 0.000885560011798  0.00029973937686 0.000334383651138 0.000141225004381 6.22323351192e-05 3.59881138545e-05 3.26310297074e-05 3.18790649606e-05 3.16276832255e-05 3.15306739116e-05 3.15207603641e-05 3.18575674537e-05 3.17947623626e-05 3.26782193186e-05 3.09963781625e-05 3.16519885952e-05 3.06028822823e-05 2.94048657958e-05 2.89069046672e-05 3.06055522547e-05
 1.5941974038e-05 0.000233245575876 0.000791089182032  0.00090213912213 0.000734630144218 0.000720884491215  0.00100561395858  0.00131275040099  0.00128208172656 0.000973585407373 0.000284740283863  0.00032177806319 0.000100310211033 4.69062931395e-05 5.21995405916e-05  4.7109380138e-05 3.74420560663e-05 4.04359630411e-05 3.87764614688e-05 3.58729506981e-05 3.48235673581e-05 3.33733320326e-05 3.33948952421e-05 3.18948382049e-05 3.12076602345e-05 3.09873686687e-05 3.13702393849e-05 3.12009998207e-05 3.26558157117e-05
 1.3190725629e-05 0.000252845636667 0.000825420194745 0.000950904910792 0.000805354907618 0.000826313301348  0.00114351250866  0.00145371331916  0.00143065998701  0.00110639428567 0.000358300120383 0.000305331601463 0.000141158707916 5.10477767457e-05  4.9092428354e-05 5.00832594652e-05   4.865595607e-05 4.67299562421e-05 4.61732557107e-05 4.06535353727e-05 3.83507054691e-05 3.56645028292e-05 3.46046448809e-05  3.3348389267e-05  3.2945442971e-05 3.29254332664e-05 3.29607218494e-05 3.15324098391e-05 3.27354093504e-05
1.20550343034e-05 0.000276486839683 0.000829060005205 0.000983995628336 0.000908697265766 0.000945530879623  0.00122143483113  0.00148675406186  0.00143699552086  0.00106202129071 0.000325711172035 0.000343048942784 0.000115683414012 3.30239354804e-05 3.01278436926e-05 3.80650849525e-05  4.1588609849e-05 4.06478944734e-05 4.07969455752e-05 4.08616598407e-05 4.01445579045e-05 4.04575746899e-05 4.07268363267e-05 3.85491657678e-05 3.98573389452e-05 3.86345501497e-05 3.80050106849e-05 3.75113226366e-05 3.79575018434e-05
6.87376279612e-06 0.000250143932612 0.000831763332216  0.00102689183345  0.00096594120475 0.000997174734892  0.00127655174416  0.00153419434086  0.00146575381687   0.0010375170703 0.000322027838294 0.000354202467813 0.000162235718259 5.72909543056e-05 2.79907752777e-05 2.98831421486e-05 3.09410387342e-05 3.08811924799e-05   3.242688644e-05 3.58333604518e-05 3.73816173485e-05  3.9194937588e-05 3.90183882651e-05 4.13360494493e-05  4.1224713505e-05 4.01584745999e-05 4.01708885203e-05 3.94309644144e-05 3.92910364313e-05
5.16989579625e-06 0.000294302529657 0.000873433107296  0.00107227678615  0.00104219146952  0.00106517700622  0.00133179317501  0.00155589590378  0.00144456338799  0.00097414274212 0.000338953004977 0.000386344518621 0.000142160356844 6.19296940727e-05 1.85700089366e-05 2.29403069089e-05 2.80814591563e-05 2.52579486594e-05 2.64021495523e-05 2.97423733739e-05 3.24529227743e-05 3.36111042406e-05 3.28808632578e-05 3.50100173981e-05  3.4819779661e-05 3.59786986425e-05 3.67133435377e-05 3.62685937324e-05 3.79306914184e-05
7.90304664199e-06 0.000272314788727 0.000858346926558  0.00106973879672  0.00102832995436  0.00105841009734  0.00119623535794  0.00132414150014  0.00127875475137 0.000977415976627 0.000439359651854  0.00029198770536 0.000261464660975 4.52261385493e-05 4.29345941633e-05 3.94257771927e-05 3.60563081737e-05 3.72381694568e-05 3.54547871914e-05 3.19767240617e-05 3.11263678061e-05 3.07461765375e-05 2.87242600066e-05 2.98700791748e-05 3.00725517037e-05 3.03481345201e-05 3.34642394144e-05 3.36441458636e-05 3.45686160945e-05
1.10286457422e-05 0.000313466826209 0.000842090318946 0.000998518720024 0.000928942721802 0.000928410628859  0.00108806443013  0.00127649390363  0.00128487095955  0.00102387336138 0.000496400581128 0.000348325471527 0.000329094406752 5.83651101599e-05 3.69160731731e-05 4.20434932836e-05 3.90244244368e-05 3.93532637212e-05 3.83297667011e-05 3.70892967603e-05 3.58120756431e-05 3.36728922018e-05 3.52339618583e-05 3.10880937183e-05 3.04802769598e-05 3.10096887922e-05 3.12799793656e-05 3.17718790682e-05 3.29363531414e-05
1.23449761156e-05 0.000295808680264  0.00081263778268 0.000967077994938 0.000904777369769 0.000907405729263  0.00105974810852  0.00126606073929  0.00129627428247  0.00104960534606 0.000523372741429 0.000285768929982 0.000321512235942 0.000101963538144  4.7668074083e-05 4.89399388011e-05 4.26936426417e-05 4.21114261413e-05 4.11593914973e-05 3.75830894372e-05 3.51217681088e-05 3.40276882298e-05 3.43960118245e-05 3.46447895907e-05 3.60681121503e-05 3.69695647013e-05 3.64946474092e-05 3.59543528687e-05 3.53248047392e-05
1.35328198985e-05 0.000289016266888 0.000841544729575  0.00102757295047 0.000951027673728 0.000946853487914   0.0010742427526  0.00126271887918  0.00129749009271  0.00105179954601 0.000507946530653 0.000333504143138 0.000368577322177 6.86905668351e-05 2.21291095846e-05 3.74469197259e-05 3.76076404778e-05  3.6722441116e-05 3.66980251247e-05  3.6682700105e-05 3.64737690429e-05 3.54982597725e-05 3.59361916164e-05 3.50699897134e-05 3.28100695883e-05 3.48596606964e-05 3.54920510691e-05 3.42266795234e-05 3.38973873455e-05
2.29218175726e-05 0.000321681048945 0.000812921927772 0.000980550177294 0.000974806159575 0.000986386686983  0.00109946430338  0.00128039598385  0.00132886467654  0.00109564392651 0.000554764781914 0.000288300438181 0.000353241757433 9.34790034358e-05 2.06953070156e-05 3.19665006354e-05 3.06376390492e-05  2.9424017641e-05 2.97666109723e-05 2.92999833061e-05 2.97050263762e-05 3.01249187943e-05 3.29814776462e-05 3.38410587062e-05 3.08122145352e-05 3.12802065205e-05 3.18325077269e-05 3.30123413732e-05 3.31853142087e-05
5.16183329257e-06 0.000318850252884 0.000817484579227 0.000998728995126  0.00101810761792  0.00105521451001  0.00116362681556    0.001331003965  0.00138093038741  0.00114764374859 0.000587574056699 0.000266566818205 0.000335627548694 6.76911474748e-05 9.01150459263e-06 2.49434480811e-05 2.81952151196e-05 2.99335572838e-05 2.97034368384e-05 3.39634407962e-05  3.7181096262e-05 3.73104128187e-05 3.52446956881e-05 3.50042485861e-05  3.4763371142e-05 3.48863903317e-05 3.46335428634e-05 3.46558885083e-05 3.49537189577e-05
3.04860983591e-05 0.000320050660686 0.000820682413245  0.00103526133796  0.00107795938867  0.00113025529848  0.00123109466102  0.00138842876643  0.00145003193262   0.0012318516294  0.00068013672196 0.000221061972938 0.000339480916674 0.000135081091698 4.57003334768e-05 2.36209907814e-05 2.48748104699e-05 2.53337604533e-05 2.89022778457e-05 3.20067563246e-05 3.23474517849e-05 3.31927370715e-05 3.34448455043e-05  3.5825072255e-05 3.45837428689e-05 3.48654693534e-05 3.41546869443e-05 3.41914084301e-05  3.3898648292e-05
2.13008701636e-05 0.000342268808894 0.000831395434547   0.0010616306348  0.00113063204181  0.00120009064211  0.00128185144407  0.00139343281894  0.00144133712103  0.00122036048042 0.000652976154705 0.000234530260568 0.000344032605405  0.00010703155452 4.88479231042e-05 1.67063550123e-05 2.37864452959e-05 2.25709268133e-05 2.22252329545e-05 2.42310408995e-05 2.66692857481e-05 3.08938160123e-05 3.07876922647e-05 3.67165095619e-05 3.99924764107e-05 3.63230559771e-05 3.62155486904e-05 3.55062153588e-05 3.53584680077e-05
2.17372267416e-05 0.000337418710773 0.000822839102789  0.00106219034425  0.00114081144332  0.00118246790136  0.00117070300677  0.00120498377094  0.00126199885638  0.00108220514986 0.000574225312976   0.0002626896109 0.000321583549413 0.000111086409481 6.27075159271e-05 8.44651123876e-06 9.41314913835e-06 9.02026874974e-06 1.12261860043e-05 1.94018515942e-05   2.381379376e-05 2.43157182565e-05 2.35502893965e-05 2.62613466988e-05 2.66658059453e-05 2.68738465842e-05 2.82981525538e-05 2.92295155465e-05 2.91392692928e-05
2.20208841292e-05 0.000344683902115 0.000798069680865  0.00103948886059  0.00111792328859  0.00116039501841  0.00114389570322  0.00118213867903  0.00125750987125  0.00109536736441 0.000596713819892 0.000240751565074 0.000316960177416 0.000125617223716 6.34581976581e-05  8.8068149938e-06 7.40268191043e-06 6.80900873253e-06 9.23909520958e-06 1.41430961986e-05 1.63615823765e-05 1.87092193166e-05 1.84299414603e-05 2.21551805608e-05 2.28683116028e-05 2.36695412288e-05 2.44685052679e-05 2.43972057447e-05 2.39822049221e-05
1.24649269758e-05  0.00034783567746 0.000849808710899  0.00112314695796  0.00123064510852  0.00129492466929  0.00127515302545  0.00126119850684  0.00129471088399  0.00110947062894 0.000571620961747 0.000234943510571 0.000346982046268 9.59700235274e-05 4.50478998247e-05 2.18200729098e-06 9.75187907927e-06 1.01975540001e-05 1.08833568112e-05 1.35328589153e-05 1.48505886257e-05 1.66986908558e-05 1.61048465993e-05  1.8539727498e-05 1.84611435618e-05 1.88939202697e-05 1.94659361711e-05 1.98811871182e-05 1.98962589866e-05
1.06273079439e-05 0.000355908155724 0.000842326721672  0.00114333684594  0.00130220124806  0.00141946051317  0.00141820118619  0.00135824444767  0.00134872340576  0.00114138767123 0.000576478787407 0.000227313955857 0.000312457451014 8.21842869934e-05 4.78431890481e-05 6.43469941795e-06 7.54942506912e-06 7.20512424326e-06 7.96121420166e-06 1.08679642532e-05 1.30236467503e-05 1.42949595971e-05 1.39506705154e-05 1.66984050576e-05 1.71118281141e-05  1.7321233093e-05 1.78362915844e-05 1.79926322902e-05 1.81944581639e-05
1.47238816957e-05 0.000325004402458 0.000828510289201  0.00114565989955  0.00132704932718  0.00145792817251  0.00142073003082  0.00128407285611  0.00126612184659  0.00109325018907 0.000618071818653 0.000180394777646 0.000297953763396 0.000155376640292 1.30416204244e-05 1.92787402898e-05 1.67389755364e-05 1.63184565907e-05 1.58808401598e-05 1.19130110742e-05 1.12929636647e-05  1.2670027039e-05 1.25868865703e-05 1.29593506468e-05 1.35575674727e-05 1.38709322106e-05 1.42131224892e-05 1.43760376504e-05 1.44976888548e-05
1.33916903943e-05 0.000350881007971  0.00079920448152  0.00105357217245  0.00114476881568   0.0011877997132  0.00105865077957 0.000939049320246  0.00106858126746  0.00104685798539 0.000676879240027  0.00032766781679 0.000308349987947  0.00025201695171 2.59087143572e-05 4.46027862809e-05 3.79511971248e-05 3.89320355942e-05 3.62086433593e-05 2.92622392178e-05 2.68516610244e-05 2.24266830076e-05 2.19421407316e-05 1.81385819188e-05 1.84274051781e-05 1.79644051068e-05 1.67548698872e-05 1.69469708055e-05 1.65903401664e-05
 6.8256710368e-06 0.000309283690056 0.000747330648868  0.00100203201728  0.00110116674479  0.00114300566652  0.00101429995528 0.000898842732949  0.00104909037545  0.00104715895916 0.000702759771206  0.00034540547873 0.000320460025283 0.000259190676541 1.16814945483e-05 3.09039189778e-05 4.37747780092e-05 4.22970648091e-05 4.19580709677e-05 3.60034452579e-05 3.34666522896e-05  3.0294481838e-05 3.01960073103e-05  2.5765844246e-05 2.60864989943e-05  2.4895341064e-05 2.15774782702e-05  2.1213397957e-05 2.09282392682e-05
9.97006284393e-06 0.000309696295163 0.000747381686313 0.000966078941447 0.000988291338945 0.000977956946348 0.000803939995843  0.00069332191283 0.000984907072199  0.00108189996412 0.000817750078997  0.00054459477477 0.000326376769131 0.000323428630642 1.69740858983e-05 1.78748339113e-05 3.89390502935e-05 4.42777646351e-05 3.99005092507e-05  3.5335274431e-05 3.34122104916e-05 3.16463369228e-05 3.06959290812e-05 2.68642810604e-05   2.770340678e-05 2.78379216545e-05 2.55125286943e-05   2.620480518e-05  2.5790810812e-05
 1.1069795448e-05 0.000302486778409 0.000697842785027 0.000786726408745 0.000609101376433 0.000452097989873 0.000343917168711 0.000493152435334 0.000935199169042  0.00110107985058 0.000840522470058 0.000374334178765 0.000467709565394 0.000430586078961 5.03456149809e-05 3.60796693757e-06 3.36522630524e-05 3.41326583558e-05 3.32185940005e-05 3.19495243935e-05 3.37948670319e-05 3.30055298815e-05 3.28031692845e-05 3.20012593185e-05 3.32775225973e-05 3.24576161373e-05 2.92998247733e-05 2.92136077594e-05  2.8964438477e-05
1.31561778306e-05 0.000288084455428 0.000679716827866 0.000719256708954 0.000519869423364 0.000401057738319 0.000449854181849 0.000647884041724 0.000999624133316   0.0012092836701 0.000990573546911 0.000340604491033 0.000633394768622 0.000585916671084 8.57320628061e-05  1.3670552591e-05 2.63526791012e-05 2.85326147665e-05 2.99772525638e-05 3.11214094801e-05 2.95340269007e-05 3.13049947143e-05  3.0995278487e-05 3.20102227605e-05 3.24696849494e-05 3.44769239189e-05 3.38077399359e-05 3.36805933116e-05 3.39479194878e-05
1.83912869869e-05 0.000248746020607  0.00061798816713 0.000681848947417 0.000534656599853 0.000396829000739 0.000395673557091 0.000617711341137  0.00104197390107  0.00127257895295  0.00101746343839 0.000339431074596  0.00061194386004 0.000568906680964  0.00011452553995 5.64237832522e-05 2.38022996261e-05 2.39827573289e-05 2.53324374007e-05 2.91508146602e-05 3.07610735602e-05 2.99890476269e-05 2.92406537556e-05 2.90976337115e-05 2.96825894581e-05 3.08409545979e-05 3.00658023082e-05 2.96889211402e-05 3.00627446435e-05
1.43410570816e-05 0.000338140781827 0.000719694519755 0.000789567203919 0.000608378290554 0.000429809057948 0.000413737144667 0.000662877075813   0.0010748224136  0.00128999771726  0.00104790046302 0.000426901955974 0.000416101764258 0.000480474983455 0.000218736191879 0.000167798585995 6.70523326498e-05 3.84456940486e-05 2.50178575602e-05 2.57438207046e-05 2.68417459815e-05 2.65826843914e-05 2.63451222633e-05 2.62675309351e-05 2.65156648551e-05  2.7840298501e-05 2.59369639135e-05 2.67166642023e-05 2.65263606001e-05
5.05181565444e-06 0.000278432008495 0.000685444268866 0.000819841398757 0.000663283758273 0.000489721883495 0.000443676128569  0.00067123145017  0.00106244439255   0.0012776383908  0.00107716196911 0.000483112263163 0.000423150192057 0.000512740395169 0.000140431531916 6.41381401498e-05 1.19071835687e-05 9.59588349848e-06 9.89832572436e-06 1.74402836513e-05 1.95383349911e-05  2.1089284498e-05 2.13601010844e-05 2.39645698214e-05 2.34000426437e-05 2.53972140809e-05 2.49275049415e-05 2.52231590636e-05 2.55014948053e-05
 9.8547136815e-06 0.000253687501661 0.000639410897583 0.000787090162354 0.000735577743166 0.000596599787863 0.000525441386698 0.000676049752845  0.00110504899943  0.00135836279274  0.00116762149979  0.00053328141695 0.000370749236356 0.000499042372024 0.000262540363002 0.000176640469978 3.82812823057e-05 1.91375745693e-05 1.00930559824e-05  1.0221942439e-05  1.2952693374e-05 1.54992965205e-05 1.50664297294e-05 1.88384626345e-05 1.77653841036e-05 2.10936081982e-05 2.30854914269e-05 2.39180301742e-05 2.43711987675e-05
1.48092857314e-05 0.000280481404777 0.000650369646811 0.000813899991148 0.000788504775867 0.000685821656572 0.000648493509412 0.000783693155504  0.00124094381897  0.00154111887903  0.00137748722649 0.000712224012654 0.000289627328511  0.00068082857679 0.000530180944175 0.000262175431037 7.32423690956e-05 4.08775305672e-05 3.06003641244e-05 2.49313384848e-05 2.34289199578e-05 2.22090458062e-05 2.16448225061e-05  2.0774784012e-05 2.23577858772e-05 2.02239501748e-05 2.01469485581e-05 2.02099796932e-05 2.04529931856e-05
1.31379508099e-05 0.000304080754389 0.000757285274518 0.000969831038032 0.000901245386486 0.000825772406757 0.000828514294466 0.000938656935601  0.00138174969506   0.0017011692444  0.00152558544592 0.000803533225996  0.00028195559584 0.000700685623766 0.000545903553755 0.000281588459187 7.59379446543e-05 4.29829913486e-05 2.60454924756e-05 2.49414844695e-05 2.59691412362e-05 2.57223211274e-05 2.55714039214e-05 2.54343572243e-05 2.51515048455e-05 2.50350905411e-05 2.11575972627e-05  2.1609052372e-05 2.21134236236e-05
1.18718404748e-05 0.000323025705926 0.000736489713126 0.000981181450808   0.0010526302637  0.00104385582402  0.00109841732661  0.00119550662194  0.00158674187958   0.0018880126365  0.00168785001867  0.00091190893942 0.000227881391098  0.00069438157415 0.000542181197401 0.000297797564342 8.16408778314e-05  3.7832649447e-05 2.81499103837e-05 2.31356162145e-05 2.40484410717e-05  2.4233188973e-05 2.38422719159e-05 2.33242540549e-05 2.31752486171e-05 2.28987555438e-05 2.26862239092e-05 2.17565985796e-05 2.22782875135e-05
1.24685365449e-05 0.000296952269721 0.000721390484823   0.0010110137837  0.00112392766116  0.00118226670065  0.00130112134682  0.00140979238525  0.00177399757014   0.0020639302954  0.00185542045051  0.00103327414457 0.000152762846819 0.000755908486601 0.000658990656069 0.000265584526901 5.69468622394e-05 5.06787113437e-05 4.76206438079e-05 3.89289132301e-05 3.46353895046e-05 3.13599393673e-05 3.06157360552e-05 2.57009092184e-05  2.5832356669e-05 2.50743819048e-05 2.32449899736e-05 2.22072350729e-05 2.29106455796e-05
1.80460398847e-05 0.000234278027693 0.000711187467994  0.00104279891408   0.0011467706842  0.00122356420463  0.00136819659789  0.00151145441299  0.00193346527209  0.00230019545022  0.00218748743639  0.00134370685209 0.000298842537869 0.000789323893512 0.000802505657874 0.000192797719879  5.5382734496e-05 7.64018621486e-05 7.38567774762e-05 5.63118287361e-05 5.32620028231e-05 4.85981011715e-05  4.8186864077e-05 4.03588838292e-05  4.0818488413e-05 3.91073700892e-05 3.54858569119e-05  3.2273648246e-05 3.04165990303e-05
9.83916090076e-06 0.000325078865724 0.000784633534239  0.00111148488452  0.00125712276212  0.00136661174097  0.00157381629861  0.00179222711114  0.00222693035678  0.00257230653267   0.0023843703788  0.00152398209603 0.000355086020968 0.000860057762063 0.000839839062046  0.00014984222312 4.87420759947e-05  7.3196593666e-05 7.57837284141e-05 7.13826765718e-05 6.21274656928e-05 5.53582443958e-05 5.54032777158e-05 4.46106248623e-05 4.48108020658e-05   4.362247941e-05 4.00944810731e-05 4.11965556007e-05 4.23629739568e-05
5.04596817206e-06 0.000293461783564 0.000761884278244  0.00114887127699  0.00136702966836  0.00154180916983  0.00179121282154  0.00198889956714  0.00229908439609  0.00251643225419  0.00223520297429  0.00144993268796 0.000282026082368   0.0010232908468  0.00101564068821 0.000279996748805 0.000122032092034 6.46071433725e-05 6.46087833363e-05 6.24362209429e-05 5.92156234423e-05 5.63770543908e-05 5.58489463521e-05 4.99611935094e-05 4.95986241516e-05 4.99933847014e-05 4.82417033148e-05 4.97148921734e-05 5.14854505487e-05
7.17574846308e-06 0.000281248648451 0.000841803904496  0.00130256561339  0.00150645349929  0.00169690345021  0.00198937255339  0.00221976562184  0.00248970932151    0.002653268872  0.00234250206977  0.00151516953599 0.000326867336786  0.00109379782253   0.0010663146068 0.000256218641114 0.000129376298244 6.04292900199e-05 6.26328757018e-05 6.45558910579e-05 6.35787107838e-05  6.2007447684e-05 6.09854027788e-05 5.85337336764e-05  6.0253928263e-05 5.95495520726e-05 5.84132532186e-05 5.77962624245e-05 5.86060680656e-05
1.22593441821e-05 0.000292313053058 0.000820413975417  0.00128674448483  0.00161673457276  0.00191612818735  0.00230068550589  0.00258028102371  0.00278541482453  0.00284075471887  0.00243537170253  0.00156461691864 0.000366155666895  0.00108328484032  0.00106394832769 0.000301000628248 0.000166261334254 8.45341242022e-05 3.03455888965e-05 3.30897287455e-05 3.91898111039e-05 4.16277265009e-05 4.24072673548e-05 5.14914879036e-05  5.2440251911e-05 5.47077133561e-05    5.39504541e-05 5.43232821609e-05 5.61736700747e-05
1.22633493358e-05 0.000259713760687 0.000839941676278  0.00139582606954  0.00177767798153  0.00213184161529  0.00257748605629  0.00291853384221  0.00309511991189  0.00306728712294  0.00259818487669  0.00167750976046 0.000467473073072  0.00100189581918 0.000961091935357 0.000360936475447 0.000235633882227 9.13155535327e-05 2.77496100354e-05 2.13920554429e-05 2.79759571296e-05  3.5043845432e-05 3.07263821143e-05 4.25781638132e-05 4.45679980647e-05 4.72753987339e-05 5.17028293635e-05 5.19897734295e-05 5.41714761305e-05
 1.2982879647e-05 0.000309845144777 0.000927133978774  0.00151801987723  0.00190451705878  0.00226941451047   0.0027283840232  0.00307073958149  0.00320760352813  0.00312330343294  0.00265957497885  0.00183174411247 0.000744872977251 0.000342562110235 0.000606849902815 0.000358995842608  0.00017503083543 5.08409684592e-05 1.63387292244e-05 1.56833749281e-05 2.21862213893e-05 2.62814733908e-05 2.63819063755e-05 3.18817192345e-05 3.01004046084e-05 2.99138277934e-05 3.25376946149e-05 3.32001215449e-05 3.33143611528e-05
1.36966691213e-05 0.000297544926119 0.000987427634055  0.00160452147593  0.00194414648664  0.00226410228019  0.00268441789104  0.00305169491301  0.00326629563061  0.00326520015044  0.00289534740554  0.00218686637063  0.00115096117961 0.000217556690684 0.000353872486273 0.000365105529333 8.27965344964e-05 6.46628787943e-05  7.8827495664e-05 6.37973203863e-05 5.34037728917e-05 4.94908017622e-05 4.90210448633e-05 4.03340519254e-05 3.97622066832e-05 3.91028985491e-05 3.52681525527e-05 3.34875874557e-05 3.45902173279e-05
1.74585007456e-05 0.000301941125347  0.00105428905931  0.00168973133569  0.00202022683391  0.00233662126806  0.00276593740614  0.00313398843021  0.00331512060235  0.00326649814859  0.00290122649125   0.0021701930358  0.00109791948511 0.000200136589296  0.00062152034048 0.000544592410292 7.53132453307e-05 3.87261964496e-05 5.27481079008e-05 5.93071277973e-05 5.87159419347e-05 5.50054245383e-05 5.47151246286e-05 4.86204858774e-05 4.84878587344e-05 4.98339032744e-05 4.69270286837e-05 4.52933436643e-05 4.72725547173e-05
1.05931444731e-05 0.000284418150142  0.00105240250824  0.00158803978002  0.00172976797019  0.00188811547177  0.00221643997909  0.00242091470416  0.00247745277784  0.00245952212024  0.00223349857334  0.00173027013994 0.000885014330195 0.000255760691451  0.00133311662348  0.00115012312441 0.000237612030066 5.68755083853e-05 4.87734197861e-05 4.90911778193e-05 4.81541878961e-05 4.87818106509e-05 4.75028157438e-05 4.91528838165e-05 4.87961156207e-05 4.97863673128e-05 5.11423916691e-05 5.10482117639e-05 5.19590136448e-05
2.08422267454e-05 0.000306741654925  0.00101911498699  0.00148425167021  0.00156483897038  0.00162256413161  0.00183677556665  0.00201224123512  0.00217289820975  0.00228758579259  0.00216400522066  0.00173757791931 0.000921065275858 0.000229261762985  0.00142823034754   0.0012183930802 0.000244031753361 8.22025247241e-05 4.97794678615e-05  2.3763429867e-05  2.4170877971e-05 3.00589580575e-05 3.03072624561e-05 3.99545111217e-05 4.03856217296e-05 4.30947378265e-05 4.49562303864e-05 4.42272514023e-05 4.57166459755e-05
3.99577811873e-06  0.00028190750025  0.00110199715904  0.00159724538958  0.00163224565776  0.00167113806408  0.00187126156974  0.00205324960455  0.00222256188806  0.00234055573153  0.00222073102019  0.00179396311569 0.000972655804203 0.000179986341703  0.00137566546813   0.0012076001675 0.000297934574281 0.000129843500866 7.67037604236e-05 2.66269344726e-05 1.12565655559e-05 2.38546279753e-06 1.22672561747e-06 1.51734494277e-05 1.52589126698e-05 1.81256502138e-05 2.29713084082e-05 2.41112576139e-05 2.48426267532e-05
1.07795723698e-05 0.000280936920787  0.00112360468332  0.00165601718815  0.00174644071085  0.00183014931786  0.00204911423845  0.00225767333565  0.00243198226897  0.00252264996857  0.00236934163878   0.0019261234103  0.00111022947239 0.000200077741079  0.00126050355248  0.00113567317713 0.000385918886266 0.000181989051218 8.40497527159e-05 4.20104356285e-05 2.97449669702e-05 2.15930770226e-05  2.1170866493e-05 4.41155106097e-06 5.00714505233e-06 1.79433742521e-06 5.98101129171e-06 7.06247447697e-06 7.08444833314e-06
3.75473215347e-05 0.000317263552323  0.00117297221069  0.00165774723699  0.00187909069649  0.00204680778299  0.00231601730281  0.00258096447475  0.00274970427629  0.00276636892987  0.00251632514186  0.00202002541598  0.00118806165446 0.000213502470769  0.00113078980054  0.00105197833275 0.000400686293975 0.000172495809149 8.16687426115e-05 4.98659744034e-05 4.17682476591e-05 3.39399027251e-05 3.38179625198e-05 2.22328547762e-05 2.21140463238e-05 1.95904427778e-05 1.44515837203e-05 1.35905125528e-05 1.35902593082e-05
1.52599321696e-06 0.000401432707883  0.00126178658992  0.00170561285594  0.00193664631405  0.00215612406248  0.00248802634449  0.00283873618462  0.00301979875603  0.00296990836687  0.00265265687117  0.00211210512946   0.0012775169766 0.000312410951681 0.000951712964168 0.000869153638423 0.000429577596397 0.000202157191583    6.22059301e-05 4.24651047867e-05  3.7544361672e-05 3.52456679588e-05 3.47041496437e-05  2.9355170196e-05 2.97528693211e-05 2.89227508418e-05 2.65034484294e-05 2.59907393124e-05 2.60473661616e-05
4.19634208852e-06 0.000412351649533  0.00120676310859  0.00165240120473  0.00193782516247  0.00220832592348  0.00258224473585  0.00297899040069  0.00315784746019  0.00304955316308  0.00266537618471  0.00210912279609    0.001304415605 0.000245426252045 0.000945347877747 0.000972759760653 0.000488682023232 0.000212642119611 7.66489404428e-05 4.33562499108e-05 4.07857420933e-05 3.86814373342e-05 3.78934118498e-05 3.32598541442e-05 3.31580305672e-05 3.23204262845e-05 2.86623516014e-05 2.81931584339e-05 2.76841118069e-05
1.77356663771e-05 0.000408342408743  0.00118976216361   0.0016514957601  0.00194026618334   0.0021975101567  0.00256198267983  0.00296774612417  0.00318405321285  0.00303046661938  0.00256977740475  0.00202745881835  0.00129583976129 0.000361901324935  0.00058534488285 0.000680735669045 0.000475747809186 0.000222002005821 8.09728485366e-05 2.11802379203e-05 1.28346542761e-05 1.37319340576e-05 1.18596871901e-05 2.19962660558e-05 2.17219531535e-05 2.33111748519e-05 2.43292112627e-05 2.52146361226e-05 2.56531399174e-05
2.77568358875e-05 0.000358464781263  0.00115526013143  0.00157148744547  0.00173195387957  0.00186872989522  0.00210234165657  0.00237603082202  0.00245983416348  0.00211262891686  0.00161812658316   0.0012495877451 0.000803465348729 0.000177235460656 0.000416517483004 0.000776580797145 0.000641475890708 0.000230145178309 7.71347430642e-05 5.17566630463e-05 3.54412072107e-05   2.337980361e-05 2.31002656326e-05 4.30846207916e-06 4.23234894965e-06 1.48324571487e-06 7.86839163993e-06 8.29361739757e-06 8.22772172824e-06
1.66714023027e-05 0.000370908002435  0.00101504110053  0.00124779563454  0.00122260563688  0.00112919416557  0.00115038451664  0.00127490745619  0.00124908332266   0.0010464333975 0.000963464985474 0.000965442617756  0.00072094571424 0.000211838448043 0.000599563878429  0.00131346437276  0.00101500992152 0.000210145380015 5.70443043852e-05 5.48161665879e-05  4.8545890858e-05 4.05901132015e-05 4.10730963184e-05 2.70631580795e-05 2.81397680375e-05 2.47010018475e-05 1.73768305308e-05 1.55676632271e-05 1.50916397573e-05
1.41494916382e-05 0.000335489188061 0.000985632285351  0.00116394928201  0.00103790391958 0.000865260318581 0.000804576704734 0.000859407407507 0.000826745621732 0.000771446394668 0.000878682829439 0.000972219361507 0.000762655717059 0.000250374003535 0.000551268655244  0.00130740285782  0.00102603653952 0.000219876538265  5.7946403085e-05 4.09152758179e-05 3.36305709352e-05 3.31896874983e-05 3.23338353742e-05 2.95641860201e-05 2.94179557833e-05 2.93185221391e-05 2.65612769809e-05 2.59532374218e-05 2.52827040736e-05
1.71028009028e-06 0.000329788641236 0.000969466040878  0.00117746845724   0.0010937210849 0.000956888569495 0.000924931552124 0.000994281136524 0.000988854373175 0.000897452909552 0.000925923440953 0.000984846318046 0.000763862676041 0.000221484458558  0.00055173603293  0.00132396142083  0.00107830758735 0.000293350313288 0.000107380113347 6.47789592928e-05  2.2141530976e-05 6.44317471529e-06 4.88883993337e-06 1.47863800339e-05 1.51695855895e-05 1.75369637502e-05 2.18863718618e-05 2.24589518486e-05 2.32719502148e-05
 1.5490380057e-06 0.000325602246122 0.000969631397971  0.00120119029204  0.00115335735633  0.00103676191524  0.00100294578132  0.00105153568388  0.00104234587541 0.000910506799469 0.000908825415766 0.000984158302665 0.000797589509831 0.000300439577112 0.000371994929094  0.00105902552495 0.000895478009164 0.000251453503464 0.000100158096893 4.64666204352e-05 1.86979647967e-05 1.21182701999e-05 1.22199074514e-05 1.45027756536e-06 1.67132513297e-06 3.29514474263e-07 4.01569014405e-06 5.60523375591e-06 5.85342572881e-06
1.49320116313e-07 0.000323460092337 0.000965375754832  0.00119631574211   0.0011479967867  0.00102196460623 0.000964554343043 0.000985917541694 0.000980544488243 0.000899504216537  0.00100274479713  0.00113704418866 0.000981792282414 0.000454802135419 0.000291043400844   0.0010753764258 0.000926517922781 0.000381673777386 0.000230662113677 8.39192382865e-05 3.60482718468e-05 2.68430534224e-05 2.63680651589e-05 1.57407593363e-05 1.59146172643e-05 1.44221766034e-05 1.06754003032e-05 9.95505751495e-06  1.0074066654e-05
2.99265439509e-05  0.00032029258219 0.000963549055106  0.00120617271372  0.00117499527367  0.00106321128498  0.00101562872513  0.00103995098704  0.00110034686932  0.00112147558201  0.00119063156645  0.00128045175548  0.00108779706161 0.000520556336878 0.000264862510794  0.00109372953875 0.000997848566939 0.000442672397637 0.000294783400787 0.000123132605384 4.29420331328e-05 3.17618924898e-05 3.20932861637e-05 2.53468692254e-05 2.48606117934e-05  2.4753174816e-05 2.17217023165e-05  2.0981729224e-05 2.11001284377e-05
2.65574185959e-05 0.000317252771186 0.000964962626585   0.0012292833898  0.00123015323868   0.0011466979035  0.00112312494966   0.0011708730042   0.0012925441869  0.00134021227527  0.00138920357765  0.00145810711185  0.00124032206447 0.000635317271443 0.000197353934192  0.00103708047306  0.00104028756718 0.000518098980017 0.000290551147723 0.000110517665664 5.33694022839e-05 4.41738991325e-05 4.42431991997e-05 3.82182430409e-05 3.76894724052e-05  3.6689854717e-05  3.3079839514e-05 3.22480959126e-05 3.21869255466e-05
1.16599605405e-05 0.000372376215807  0.00108444769327  0.00138688077455  0.00136245474885  0.00126880606356  0.00125172892147   0.0013210064624  0.00149876824647  0.00153981194885  0.00156420401108  0.00162189656826  0.00138087532628 0.000742558322974 0.000202158881436   0.0010478270682  0.00103313666738 0.000574373043576  0.00036145094476 0.000158494044947 6.38057888499e-05 5.09802012213e-05  4.9719897093e-05 4.35544839943e-05 4.35321013874e-05 4.26475741091e-05 3.83952498654e-05 3.77950586234e-05 3.85023658626e-05
7.22441853687e-06 0.000342277138945  0.00101017550768  0.00131352699579  0.00139228392288  0.00138123535234   0.0014205675077  0.00152803614464  0.00172242775269  0.00179479621081  0.00175821572806  0.00175330218007  0.00150171037182 0.000848239757478 0.000137147564496  0.00100424693628  0.00108332331863 0.000611425735646 0.000323310323169  0.00010458514283 5.46266129478e-05 4.72172453257e-05 4.57148794147e-05 4.21576653966e-05 4.23119009656e-05 4.21853563313e-05 3.61140732256e-05 3.46069644107e-05 3.58155012299e-05
 1.0733317071e-05  0.00036587955266   0.0010259983001  0.00133897887281  0.00141592301416  0.00141926543487  0.00147741815054  0.00159702889628   0.0018240462642  0.00189241742497  0.00183485321264  0.00183779205427  0.00160095183062 0.000951967494595 9.92352425409e-05 0.000941514928774  0.00115787506507  0.00062374842794 0.000255402292782 0.000133675543563 7.28811735936e-05 5.19203369833e-05 5.20398055605e-05 4.68509348036e-05 4.60350064249e-05 4.64307947843e-05  4.2004584111e-05 4.11420709784e-05 4.23807886164e-05
1.07988058314e-05 0.000366441123702  0.00105039578098  0.00138245137458  0.00143590541366  0.00140826641661  0.00144176310366  0.00154207798938  0.00176001588082  0.00174899364759   0.0016228892312   0.0016520862007  0.00148366941935 0.000932666556607 0.000175597134741 0.000544616266121  0.00109702224073 0.000832624711584 0.000241475106747 7.28036699334e-05 3.76021301234e-05 1.57672620144e-05 1.67473190771e-05 1.20747394932e-05 1.29593694286e-05 1.79608955021e-05 2.92395603728e-05 3.15335365092e-05 3.25791356385e-05
9.30055962361e-06 0.000317720183257  0.00097987531885   0.0012730471299  0.00128014442768  0.00121710299824   0.0012011532758  0.00123785725665  0.00139605409746  0.00145929226262  0.00152025687071  0.00172752722515  0.00170050602918  0.00124055757482 0.000518951038186 0.000382578062124  0.00105025085306 0.000848840675229 0.000172757511317 7.17924232506e-05 5.78076323078e-05 4.67309596446e-05 4.95302117941e-05 2.25456116073e-05 2.18083975141e-05 1.75103783347e-05 3.82632100012e-06 2.19811068432e-06 3.24095973965e-06
1.62974239376e-05 0.000343350777335  0.00093155455683  0.00116611606585  0.00120609871395  0.00113838769198  0.00111788375135  0.00115621861996  0.00135747442274  0.00150689560743    0.001647338435  0.00188399447893  0.00186104710819  0.00138595214514 0.000589198194741 0.000373227359304  0.00110932660421 0.000854071282157 8.51335163158e-05 5.94830487204e-05 5.59343276814e-05 5.24548942301e-05 4.98043982501e-05 3.65242909435e-05 3.83435453024e-05 3.55678212741e-05 2.79634452879e-05 2.58263949274e-05 2.63412745518e-05
3.72600416141e-05 0.000353454275456  0.00102643417654  0.00132563347733  0.00128599678117  0.00119359823592  0.00116524207276  0.00120228157432  0.00139334403061  0.00153201355885  0.00163497071423  0.00183630889115  0.00183991301225  0.00139757767438 0.000622904764271 0.000276113838306  0.00103206402376 0.000770429316853 5.90122428938e-05 1.59272768076e-05 2.19521218461e-05 2.96095454623e-05 2.91685599742e-05 3.25302894469e-05 3.23656880648e-05  3.3037081457e-05 3.04960371646e-05 3.02212742071e-05 3.15526273777e-05
3.70193130374e-05 0.000328287200796 0.000977720578377  0.00127548169998   0.0013305032437   0.0012766237716  0.00126871114712  0.00130837831497  0.00148015795023  0.00154037475372  0.00156535959183  0.00180050600965  0.00183504963394  0.00142163754927 0.000673376958688 0.000202327494563 0.000944499052352 0.000716410229847 0.000158522290439 9.07938696851e-05 6.20264951149e-06 1.03048906618e-05 1.05591061151e-05  1.9355083916e-05 1.85444079162e-05  2.0994457955e-05 2.32329124262e-05 2.34307670415e-05 2.52071982063e-05
2.63333328167e-05 0.000372608513541  0.00102902489086  0.00133402333817   0.0013715508053  0.00131647871362  0.00129501709032  0.00129542219261  0.00140680795091  0.00146727183215  0.00153811014339  0.00179642673847  0.00184339925524  0.00144555688048 0.000708769305905  0.00016793436696 0.000841986858059 0.000664442625528 0.000189233527864 0.000125402756657 3.05701953458e-05 1.79014990255e-05 1.37277509591e-05 1.67149017346e-05 1.64345839706e-05   1.759881493e-05 2.05320479354e-05 2.09361314589e-05 2.01485741262e-05
 5.4856932675e-06 0.000348625889028 0.000985329644406  0.00129777396621  0.00135185999316  0.00130940319792  0.00129819840443  0.00131347835658  0.00142714493711  0.00146581781306  0.00151475652616   0.0017699734675  0.00183637048924  0.00146216072707 0.000738874719413 0.000182239232186 0.000763830089212 0.000595158547185 0.000201831328822 0.000145045399621 5.12133296961e-05 2.75294469436e-05  1.5803121886e-05 1.13098705853e-05 1.00806470996e-05 1.13860400889e-05 1.27021622811e-05 1.33412668185e-05 1.35251413791e-05
1.21318271285e-05 0.000288546679935 0.000883884491777  0.00116669863588  0.00128569074671  0.00127991283502  0.00129804151551   0.0013407461549  0.00146422120248  0.00148234223384  0.00150282811385  0.00174869325728  0.00181980351683  0.00145526245888 0.000724776026832 9.37729131038e-05 0.000605793766469 0.000483461911275 0.000125920152589 8.66341011414e-05 4.44105913353e-05 2.09214738189e-05 1.01069538699e-05 9.67001364965e-06 9.09885706808e-06 9.37996036022e-06 1.09492607221e-05 1.09102553156e-05 1.11467060355e-05
2.12369755669e-05 0.000306525047653 0.000937566107895   0.0012381198331  0.00129752148428   0.0012834887262  0.00131574011528  0.00138191443112  0.00150007918996  0.00146562091696  0.00143636323569  0.00165971160774  0.00174518733769  0.00140563978363 0.000712771728805 4.19852113561e-05 0.000384583794295 0.000384353492554 0.000202356823911 0.000114333118534 3.58395035185e-05 1.72699081103e-05 1.66728889965e-05 1.31496331642e-05 1.36991027632e-05 1.26976293192e-05 1.25174092121e-05 1.25175430057e-05 1.25768007354e-05
1.31469454407e-05 0.000328896623234 0.000982076142224  0.00129994250336   0.0013617287391  0.00129199591437    0.001274477503  0.00131805631641  0.00140378944729  0.00120625249909 0.000968934900544  0.00115372054702  0.00127701485335  0.00105942360805 0.000548746227703 9.13469328563e-05 0.000582430099457 0.000594830482095 0.000320193207192 0.000166348867674 4.07929098682e-05 1.68940679725e-05 7.43606248789e-06 1.22225304195e-05 1.18104152163e-05 1.27076577414e-05 1.34111764305e-05 1.33537019564e-05 1.33514736873e-05
1.06074613414e-05 0.000301833778757 0.000972714504997  0.00125407329079  0.00116412650089  0.00103831169726  0.00100551698522  0.00105574641444  0.00114322009773 0.000951972981418 0.000685368772692 0.000897318978753  0.00103903062575  0.00087137867494 0.000436160927231 0.000130374930069 0.000626191076345 0.000630842118823 0.000384685687506  0.00021111361687 5.87314487691e-05 2.90107257904e-05  1.9664465963e-05 8.50625521034e-06 8.64396976704e-06 6.49735967337e-06 1.96701123075e-06 1.14224966668e-06 1.20772969764e-06
5.05540443674e-05 0.000327025190583  0.00094382946538  0.00115490963959  0.00106213452618 0.000893547999596  0.00081811048071 0.000847959894951 0.000950581270551 0.000779223637874 0.000499944082973 0.000687975633374 0.000876197227246 0.000751838300213 0.000354018888769 0.000184247405705 0.000687023084005 0.000701204609632 0.000411144083198 0.000211470492296 8.17270561233e-05 4.35855444021e-05 2.88214866176e-05 1.93375919271e-05 2.06021427755e-05 1.91347054596e-05 1.52954252631e-05 1.43964653344e-05 1.46648019876e-05
4.04087102401e-06  0.00030115315825 0.000918810307742  0.00111684823085 0.000980936492603 0.000777254356861 0.000696676676041  0.00076019241143 0.000910455954273 0.000724144973573 0.000284240025091 0.000455759851235 0.000718001634124 0.000642286704646 0.000298930844247 0.000223713976461  0.00074475858438 0.000919913404644 0.000582295216851 0.000271438873697 0.000115210942065 5.21210961234e-05 3.26439754513e-05 2.87746152393e-05 2.77006637071e-05 2.69939507437e-05 2.48537281916e-05 2.38421002218e-05 2.34330602963e-05
4.80611643864e-05 0.000256258558184 0.000840564025897  0.00102078818944 0.000926235394378 0.000740135644724 0.000648225762777 0.000663647228975 0.000751821139424 0.000602573762832 0.000364394096146 0.000649098151319 0.000896761078332 0.000804139906778 0.000420770691892 0.000183120199203 0.000839565469707  0.00103173462472 0.000634985652532 0.000245888857591 9.56295012886e-05 5.64091104637e-05 3.40647443918e-05 2.92412797209e-05 2.93008013436e-05 2.84675775603e-05 2.68229716057e-05 2.62910543392e-05 2.64441331953e-05
2.59886269042e-05 0.000285242064788 0.000901074321116  0.00110962156133   0.0010021835354 0.000792175996522 0.000665561395305 0.000649314267609 0.000752524547122 0.000621298136811  0.00038485915554 0.000671156261955 0.000930453224457 0.000851677028227 0.000467887580843 0.000142671126077 0.000743818914477 0.000951743833195 0.000617426866263 0.000269670306817 0.000114251762748  6.1824638705e-05 4.12896871978e-05 3.49548122129e-05 3.46839486637e-05 3.46706380225e-05 3.33218573819e-05 3.33290748346e-05 3.34826970104e-05
2.68521086521e-05 0.000283706659233 0.000935278807293  0.00116504775883  0.00102317839183  0.00083044460246 0.000711679664145 0.000687077022403 0.000794444602379 0.000658655433076 0.000379176628528 0.000661802998095 0.000945072174615 0.000892980169006 0.000530166963782 5.66191992485e-05 0.000599411911659 0.000887449540181 0.000639188359042 0.000269338829216 0.000101639655523 4.08365265924e-05 2.47976119399e-05  2.7000904751e-05 2.46799829117e-05 2.62495036374e-05 2.98346516456e-05 3.02287385886e-05 3.01411891569e-05
1.30617043991e-05 0.000285579764179 0.000906233146733  0.00111783268647  0.00102492293921 0.000821042680759 0.000708129359861 0.000724752818098 0.000894630074883 0.000737423146058 0.000242384350374 0.000480995998586 0.000825829022676 0.000830807771969 0.000533646095321  0.00015788553612 0.000543697453672  0.00100324780645 0.000788176086133 0.000280411383819 0.000140756795089  3.7920470193e-05  3.8463668209e-05 1.56670826975e-05 1.62107019673e-05 1.18074111458e-05 1.84923504203e-06 6.75830211079e-07 9.03089079758e-07
1.33829529578e-05 0.000272821885022  0.00088926453074  0.00109333060305 0.000978469281409 0.000774343774824 0.000671346093736   0.0007000404774 0.000847199529051 0.000691552487687 0.000215041700084 0.000489708349314 0.000849783432947 0.000869352242396 0.000578034769697 0.000210324281257 0.000629100119117  0.00116224567904  0.00087941652842 0.000266586329115 0.000147282027517 5.23234319809e-05 3.69027654323e-05 3.06141661478e-05  3.0734641266e-05 2.96161331752e-05 2.40893386493e-05 2.24329141609e-05 2.29192259824e-05
1.16109185611e-05 0.000279331027942 0.000937698990207  0.00116801175792  0.00100506868202 0.000785981667419 0.000667666541084 0.000665016849063  0.00078823027418 0.000619527155144 0.000239406604871 0.000610054711357  0.00097251965404 0.000995518626384 0.000670482118888 0.000152849962617 0.000544207746282  0.00112844321542 0.000849288807145 0.000219205070856 0.000140484192375 6.57256937894e-05 3.66685869311e-05 3.19420665883e-05 3.22500789753e-05 3.05036123883e-05 2.80897088454e-05 2.69830682897e-05 2.76912532103e-05
2.86356747851e-05 0.000243482731363 0.000851522134011  0.00106323768302 0.000997361406346 0.000835783505922 0.000736300971004 0.000720077905133 0.000830009216978 0.000688593829492 0.000362035708812 0.000670164212507  0.00103851098658  0.00106265105653 0.000750175541005 0.000214697306845 0.000494297110816  0.00114517423581 0.000897089494941 0.000288853927447 0.000176951482189 6.28919317179e-05 3.05791278233e-05 2.83239309878e-05 2.95222197999e-05 2.94557853138e-05 2.89420370972e-05 2.76352855803e-05 2.98177000553e-05
3.08935581397e-05 0.000247949273226 0.000881487979586  0.00111046609812  0.00103879543054 0.000861748466654 0.000745376937584  0.00069439228931 0.000743021310206 0.000627004322273 0.000466913818036 0.000847653438053  0.00122729262004  0.00126052791573 0.000930019612354 0.000331527314941 0.000383964090935  0.00109100089886  0.00082785424459 0.000211397191205 0.000130823399713 4.59096332133e-05 2.43664925917e-05 2.43316792193e-05 2.25078864982e-05  2.4130775063e-05 2.70677078934e-05 2.75685636464e-05 2.88891974081e-05
2.89674660698e-05  0.00026327662184 0.000924426813756  0.00116630186695  0.00106556183853 0.000895038562421  0.00077198212114 0.000697770956241 0.000718368284441 0.000683510965249 0.000607869543258 0.000927364474379  0.00128608657435  0.00131037879901 0.000963712066654  0.00034051942594  0.00040448408115  0.00113507626514 0.000858176247739 0.000235440240511 0.000154870335585 5.63522438889e-05 2.52428750296e-05 1.67046819545e-05 1.00458904432e-05 1.06174708965e-05 1.55729733967e-05 1.65173679201e-05 1.68133703252e-05
2.11732858288e-05 0.000220233848665 0.000839489386948  0.00110270382685  0.00111245948062 0.000993349904332 0.000901734343331 0.000826276344795 0.000823917794039 0.000856687933045 0.000812713865687  0.00103092563583  0.00134025218518  0.00134172721834 0.000983644654194 0.000334328076542 0.000470646006597  0.00114468529521 0.000883829148575 0.000281657388989 0.000177473863078 5.48383613957e-05 2.19868231713e-05 1.16890462205e-05 7.02876386118e-06 4.16270066664e-06 6.42652943677e-06  7.5867213054e-06  7.7044621128e-06
1.76806877124e-05  0.00025264059876  0.00093962957234  0.00122212206624   0.0011759680925  0.00106286664783 0.000995579857149 0.000960766147492 0.000989804832113  0.00107489601575  0.00100542477488  0.00109747449194  0.00134411459981  0.00131628568431 0.000945312213283 0.000319436418794 0.000560958035541  0.00113920812619  0.00088336219794 0.000316749236533 0.000176955325758 6.29847671445e-05 2.77031503581e-05 1.10264824377e-05 6.59764975203e-06 3.18425766804e-06 3.40341217534e-06 3.47554456557e-06 3.52688764072e-06
1.31386236733e-05 0.000243024570398 0.000890238403056  0.00120083221649  0.00127395883013  0.00122033109086  0.00119390093824  0.00118444571615  0.00123225719041  0.00135133351432  0.00126428280054  0.00124546474405  0.00141307119961  0.00134373729022 0.000937202029567 0.000305136120888 0.000607988573817   0.0010084139986 0.000772136553678 0.000321507452151  0.00017936855906 8.44160158626e-05  3.2549536573e-05 1.00824537805e-05 5.58727947948e-06 3.16831497578e-06 2.19176424778e-06  1.9168784796e-06 1.97259003793e-06
5.27190102868e-05 0.000217854009076 0.000865209095103  0.00118649578835  0.00127666877663  0.00125537485677  0.00126092217997    0.001271853799  0.00131959484293  0.00142305273315  0.00130337887437    0.001328781422  0.00158878166321  0.00158167475732   0.0012118930803 0.000611211240417 0.000148329160652 0.000509099293238  0.00053749278069 0.000305952052357 0.000117342734528 5.02178315371e-05  3.5027953105e-05 1.92647956315e-05 2.08907738579e-05 1.90434444585e-05 1.16353280825e-05 9.33496926558e-06 1.06467304533e-05
5.16570080489e-05 0.000251573974753 0.000911155414236  0.00122631733425   0.0012629696712  0.00121058831414  0.00119237348714  0.00118341381092  0.00120633898349  0.00131169279236   0.0012966562631  0.00151521351157  0.00185497331196  0.00188531247342  0.00150827350034 0.000770124924273  3.6159145713e-05  0.00047150320614 0.000586074218966 0.000302706817605 8.14852599299e-05 4.11642794607e-05 4.69066521701e-05  3.8750563379e-05 3.95326946494e-05 3.77831586375e-05 3.32688641474e-05  3.1703437509e-05 3.16660150328e-05
1.30534333675e-05 0.000238726730734 0.000900812727855  0.00123648017793  0.00131073453529  0.00127513732497  0.00126723876934  0.00126948164367  0.00131668795426  0.00143767796943  0.00140770286874   0.0015538100571   0.0018529188019  0.00187239561314  0.00151189076665 0.000785616468613 6.98436630163e-05 0.000374921174487   0.0004245847178 0.000178995901743 3.12058204017e-05 3.62904138013e-05 3.74725489433e-05 3.52839613017e-05 3.89239093871e-05 3.86651071843e-05 3.83418754708e-05 3.94068349207e-05 4.06586356697e-05
2.79882727587e-05 0.000245377163566 0.000920397265966  0.00125686921863  0.00131671590895  0.00127959298072  0.00128010824282  0.00129615925918  0.00135611137344  0.00146178970333  0.00140968293027  0.00155250564144   0.0018062295132  0.00182722004054  0.00149075987812 0.000805632930918  0.00017366344278 0.000246732288009 0.000317394178309 0.000157477222006 2.47416012014e-05 3.78346955919e-05 3.37084708934e-05  3.9909985112e-05 4.59046620772e-05 4.53064133054e-05 4.64065184055e-05 4.51149888227e-05 4.46808488106e-05
