0.000309076062083  0.00125511632959  0.00121114954851  0.00201386989757   0.0033178231895  0.00412922683792  0.00431125532555  0.00369986015117  0.00224742163581  0.00109722374591 0.000900915148922 0.000800787100456 0.000627869782696  0.00061782729594 0.000581951505639 0.000511924808768 0.000384368820155 0.000392783960255 0.000372123383181 0.000309189277361 0.000284477395872 0.000255440644597 0.000255137156769 0.000219612048845 0.000219462374109 0.000212169604391  0.00018963709131 0.000190385332173 0.000197588731235
0.000181024513506  0.00106336543015  0.00180764998503  0.00334079866067  0.00452680439903  0.00517737087988  0.00527365404098  0.00470545592372  0.00353056722135  0.00214142171605  0.00151104980487  0.00136481190398  0.00119482064823  0.00121543632303  0.00118187268723  0.00108834300637 0.000916912432417 0.000916753534003 0.000891387947105  0.00076691122081 0.000697831536706 0.000639704375221 0.000643264904392 0.000525827818073 0.000525493509128 0.000507704823304 0.000450999999051  0.00044549198543 0.000441954215611
0.000247748676439  0.00116252250323  0.00249410905857  0.00385443537097   0.0047205756246  0.00512559421555  0.00517012997849  0.00481983927846  0.00415678657994   0.0032516230595   0.0024587978468  0.00214704458158  0.00207000754238  0.00209857427581  0.00209278928613  0.00206449151938  0.00198892055255  0.00199950774941  0.00198165430406  0.00192021242214  0.00189235314248   0.0018665692677  0.00186931133543  0.00182622506442  0.00183074715921  0.00182204512872  0.00180180178024  0.00180212733719  0.00179931646415
0.000187789943515   0.0013795448772  0.00257191235146  0.00330662651922  0.00374646385028  0.00399574360354  0.00406608345432  0.00406312993548  0.00397548907568   0.0038574560394  0.00373469610028  0.00368345424455  0.00373348467269  0.00376387710276  0.00379790856779  0.00382729575636  0.00385508109534  0.00386964283141   0.0038738179487  0.00389734769704   0.0039086214785  0.00392137601395  0.00392131433883  0.00393606744618   0.0039330252318  0.00393614064977  0.00394403316553  0.00394018972483   0.0039460315541
0.000190211287866  0.00274180551099  0.00363360017368  0.00291369366976  0.00305488965594   0.0033848548016  0.00364319748882  0.00390492375485  0.00409577840992  0.00425935175003  0.00436395823503  0.00447764969461  0.00458324247982  0.00462784076058  0.00467065608066  0.00471517547192  0.00477212689016  0.00478202289214  0.00479696209486  0.00482557775284   0.0048352186873  0.00484807369524  0.00485026741234  0.00486692517262  0.00486698294733  0.00487737024122   0.0048871133428  0.00489446080293  0.00488963734119
0.000188361312992  0.00166394921606  0.00285107936561  0.00366138997099  0.00372236633954  0.00363640469949  0.00367822513597  0.00383760954713  0.00401926946051  0.00417422131682  0.00428368684449  0.00437135549802  0.00445439015222  0.00449406882546   0.0045252272077  0.00455149277072  0.00457784259647  0.00458873859392  0.00459948297102  0.00460819645429  0.00462753671705  0.00463106630784  0.00463304631366  0.00464635574956  0.00465018858698  0.00465158362836  0.00465532911532  0.00465290072917  0.00465413506571
0.000189806649784  0.00144716044049  0.00276015238349  0.00346837701404  0.00380379097797  0.00391560775702  0.00390626341337  0.00393557961285  0.00397344098023  0.00403641438638  0.00408030310923   0.0041192356504  0.00418817298017  0.00422612268506  0.00426153403633  0.00429899161467  0.00434647143396  0.00435167699867  0.00436580896339  0.00439075927746  0.00439686615784  0.00440816126079  0.00441398188494  0.00442132214359  0.00442101413023  0.00441901890628   0.0044303996052  0.00442805504368  0.00443306090967
0.00026735007276 0.00147735994453 0.00276262648812  0.0029510453424  0.0030715038379 0.00322885347621 0.00340822038099 0.00349306953159   0.003558638751 0.00359281058698  0.0036389981666 0.00365600961077 0.00366213473664 0.00370045118872 0.00372092673183 0.00372458622274 0.00370613243625 0.00372150620356 0.00372565219728 0.00371120479725 0.00370667302871 0.00370476565642 0.00370195993016 0.00370127638359 0.00369281918157 0.00369922466613 0.00368987365393  0.0036941415261 0.00368981607158
0.000234631571015  0.00128491063448  0.00295840182265  0.00399006544095   0.0039406726633  0.00358460415075  0.00338632091565  0.00330172786974   0.0033105003019  0.00333798545678  0.00338117494201   0.0033976867974  0.00342701457783  0.00345973392435  0.00348534293707  0.00350129412096  0.00351328964631  0.00352136457439  0.00352387159715  0.00353135351162  0.00353954587138  0.00354030193962  0.00354319659218  0.00354369709881  0.00355496687156  0.00355116418756  0.00355511816978  0.00355741720913  0.00355653506801
0.000253233631323 0.000877687682136  0.00371306159621  0.00368872392868  0.00322012583914  0.00342972399928  0.00361764833616  0.00369282558463    0.003675868223   0.0036271248286  0.00358525285655  0.00356099326966  0.00357294889351  0.00360551988908  0.00361933192321  0.00361915557875  0.00359007668578  0.00360118189825  0.00360000510181   0.0035747292081   0.0035604642245  0.00354932891338  0.00355075015044  0.00352634507326  0.00351932420234  0.00351596488001  0.00350207331954  0.00349901500689  0.00350198986102
0.000292836473204  0.00198511781692  0.00378772158979  0.00645164340838  0.00773466807525  0.00750568274597  0.00683438305576  0.00618138260544  0.00566075415167  0.00527317981509  0.00502358362871  0.00486951545282  0.00481038875712  0.00484632516088  0.00487049895806  0.00487550774153  0.00485315048116  0.00486408456038  0.00486073266952   0.0048347258017  0.00482419757963  0.00481022880417  0.00481121084843  0.00478877907093  0.00479550013027  0.00479165934901  0.00478271884228  0.00477996177931  0.00477936383778
0.000237223142102  0.00151547660164  0.00276348244941  0.00346441210472   0.0035401902577   0.0037537416814  0.00392658821817  0.00415380832759  0.00427948671217   0.0043781876899  0.00439813776428  0.00446488354449  0.00459744235967  0.00463023637477  0.00468074729304  0.00475237313511  0.00485846246129  0.00486873137571  0.00489982181852  0.00496979663698  0.00500445748066  0.00504386760041  0.00504653325735  0.00508976293627   0.0050911698415  0.00509700865278   0.0051181750805   0.0051191726112  0.00511670234998
0.000347167108051  0.00119931249619  0.00593417083072  0.00711892725253  0.00560112004863   0.0044590292169  0.00400649182212  0.00390618769457  0.00404989812301   0.0041708958514  0.00426261716367  0.00427089570316  0.00424696801666   0.0042927371706  0.00431223296721  0.00430726350956  0.00428065676695  0.00429152871587  0.00428896026384  0.00426614637637   0.0042546259598  0.00423919828908  0.00423885591759  0.00421535260937  0.00422331107044  0.00421911374099  0.00420346649995  0.00420370237738  0.00420584796621
0.000281185191851   0.0017495151891  0.00542415950211   0.0056645326385  0.00420385581799  0.00359580585807  0.00343116390197  0.00351745493751  0.00365985711304  0.00374904312325  0.00379608572594  0.00381115458923  0.00380671206334   0.0038262603184  0.00384635152474  0.00386241409983  0.00387290214668  0.00388715441769  0.00389503909745  0.00390585349424   0.0039136145316  0.00392313857702  0.00392440498265  0.00394798851674  0.00394066671421  0.00394618486446  0.00395672097599  0.00396099136491  0.00396252731346
0.000288040953444  0.00157805433874  0.00439426273684  0.00418246038282  0.00355311819623  0.00356951372533  0.00370676250857  0.00394189260169  0.00412002023741  0.00425174579266  0.00433860658565  0.00442427588933  0.00450122340886  0.00453871764988  0.00456991835586   0.0045957441149  0.00461409132879  0.00462011383236  0.00462664669152  0.00462712505726  0.00462422420289  0.00461980886642  0.00462468130278  0.00460906538555   0.0046091444548  0.00460721818621  0.00460194415537  0.00459807828466  0.00459704171401
0.000589261400403   0.0010141168496  0.00194263666222  0.00241692507412  0.00280084628447  0.00300366747425  0.00306977461668  0.00307656463844  0.00312416776157  0.00321833091076  0.00332154826629  0.00340458892963  0.00347397361316  0.00352637329579  0.00355746855889  0.00358846420366   0.0036230393018  0.00363222597677   0.0036455097065  0.00366995342643  0.00368733804396  0.00370045853925   0.0037019202701  0.00372487850496  0.00372814291444  0.00373225187663  0.00374453854896  0.00374628489659  0.00374944956034
0.000160386514891  0.00167546375252   0.0038484733776  0.00470206999834  0.00711200829236   0.0073592839172  0.00692663576782  0.00611140850715  0.00542529035816  0.00490607784265  0.00460551263144  0.00434839122046  0.00407868815088  0.00405122717316  0.00405016859543  0.00400831933964   0.0039170857626  0.00392692937548  0.00391328479181  0.00384946956101  0.00381915197351   0.0037927666302  0.00379594531018  0.00374688886961  0.00375040888522   0.0037402892636  0.00372009668184   0.0037188274412   0.0037125005655
0.000206192786324  0.00168842478794  0.00334778858528  0.00447260452628  0.00497069667259  0.00527929792999  0.00553059932586  0.00597950630797  0.00625457597447  0.00625582371655  0.00597548443293  0.00561435456893  0.00529060751242  0.00514962055047  0.00514262066033  0.00516941652035  0.00519897263244   0.0052100122785    0.005215884024  0.00522505714706  0.00522834656004  0.00523315108518  0.00523552687799  0.00524023451461  0.00524011029756  0.00524067746744  0.00523930770516  0.00524244894033  0.00524625352026
0.000167251115499  0.00125728592156  0.00251968087359  0.00350254811488  0.00439463421821  0.00471672773934  0.00479639588954  0.00490295948611  0.00498950540572  0.00504320383074  0.00503812857271  0.00505346892051  0.00513411723335   0.0051261985855  0.00516203608968  0.00523203459815  0.00535134977186  0.00535673671242  0.00539126705117  0.00547893879596  0.00552702788421  0.00556805723628   0.0055648241948  0.00563612480861  0.00563332152225   0.0056526481776  0.00568593802562  0.00569048042748  0.00569300306867
0.000216474473761  0.00136369196278  0.00207829038179  0.00256500082216  0.00305084858446  0.00319337047422  0.00374373278998  0.00430662535194  0.00469254371157  0.00489248356651  0.00492098382836  0.00481384762127  0.00463100336597  0.00456547498653   0.0045764933941  0.00456673098499  0.00454835265196  0.00455900607029  0.00455092436813  0.00453110372662  0.00452716540477  0.00451929437864  0.00452509763031  0.00450850863054  0.00451384258953  0.00450719737266   0.0045034267354    0.004497811065   0.0044976129728
0.000173860420949  0.00163844917421  0.00314785056249  0.00440797330066  0.00491771190185  0.00457716112371  0.00421199480575  0.00397818578762  0.00388197448054  0.00387715021787  0.00390402718976  0.00394814085028  0.00398997269867  0.00402049397289   0.0040447169805  0.00405965051209  0.00406482276925  0.00406850725847  0.00407592527228  0.00407389962441  0.00406771956384  0.00406018850838  0.00406182451149  0.00404224152255  0.00404276850396  0.00403834940002  0.00402641310256  0.00402537625919  0.00402744934036
0.00019705429412 0.00149537227896 0.00293957760119 0.00494584598153 0.00544679361828 0.00440744724783 0.00449304954609 0.00471005505943 0.00482393199039 0.00470547335274 0.00453009076108 0.00426380644215 0.00395174094076 0.00387150786775 0.00382505192214 0.00377160523457 0.00367224254508 0.00367734883164 0.00365528725821 0.00359090570937  0.0035581378421 0.00353953272533 0.00353862671518  0.0034938112173 0.00349304708382 0.00349008468257 0.00347106520307 0.00347020923259 0.00346898193488
0.000179830022833   0.0012295706213  0.00222505055945  0.00275686674438  0.00335731142583  0.00377767694681  0.00398163889587  0.00417156345721  0.00428896893701  0.00437689055122  0.00439910167477  0.00441273149612  0.00442787433731  0.00439980453405  0.00438850413674  0.00440070977983   0.0044433996298  0.00443988993194  0.00445648938798  0.00448735626691  0.00450585172493  0.00452262127593  0.00452254743845  0.00454930583943  0.00455077120468  0.00455412055172  0.00456705490036  0.00456860962956  0.00456884388819
0.000204262328618  0.00128748872889  0.00204520212809  0.00293164269987  0.00384213750248  0.00421677291243   0.0042026733847  0.00417478341838  0.00416416383751  0.00420489168983  0.00424954316383  0.00431340141144  0.00438455508442  0.00440518458963  0.00442275770619  0.00444411770323  0.00447768487452   0.0044798221669  0.00448442299207  0.00451058280439  0.00452064636036   0.0045214403869  0.00452623210237  0.00453830350504  0.00454649210364  0.00454253103252  0.00454570016987  0.00455025795223   0.0045476342047
0.000185875338788  0.00125434321666  0.00216795921975  0.00284048663906   0.0034854896192  0.00338777389728  0.00357160058259  0.00396567216618  0.00412141769284  0.00419723803398  0.00426917330935  0.00436228370919  0.00444632707776   0.0044879563434  0.00451482161799  0.00452493778042  0.00453295618727  0.00452918052259   0.0045308406793  0.00453142123819  0.00453123439166  0.00453796570305  0.00453732931523  0.00453817391653   0.0045308460841  0.00453797229509  0.00453523078501  0.00453067582924  0.00453303616032
0.000193577278808  0.00117817500099  0.00185265323074  0.00244136760514  0.00305849282981  0.00309368643637  0.00325609210283  0.00350644261899  0.00351989324915  0.00347035665512  0.00347792276135  0.00353300511547  0.00359694159934  0.00363955678539  0.00367743205109  0.00370676917499  0.00372982316445  0.00373893722797   0.0037435693141  0.00374974280005  0.00375780184792  0.00375821028748  0.00376032834949  0.00377450080484  0.00377170379532   0.0037762753203  0.00379029436433  0.00378887089765  0.00378981851533
0.000177257446256  0.00119797444886  0.00206620252801  0.00296024550466  0.00391095905548  0.00379666522601  0.00346100675633   0.0034510318461  0.00350624086795  0.00352397104147  0.00353918693865  0.00354489062637  0.00353043438022  0.00353736006845  0.00354521457952  0.00355011888943  0.00352373039956  0.00353098976424  0.00352542179517  0.00350212796113   0.0034861005345  0.00347382610795  0.00347570928968  0.00344790099456  0.00345238863771  0.00344444844317  0.00342785534189  0.00343114038885  0.00343052869269
0.000193492499428  0.00118521121577  0.00191968009566  0.00238098915063  0.00261161961266  0.00272417938451  0.00290417178693    0.003050792457  0.00301103332083  0.00288074202383  0.00274362464694  0.00269180370202  0.00273081680946  0.00275277499647  0.00279017785428  0.00283820863196  0.00291106815818  0.00292060007637  0.00293802920673  0.00298407772647  0.00300751406012  0.00302831233449  0.00302755494417  0.00305842798095   0.0030603917743  0.00306466331595  0.00307270701262  0.00307142249288   0.0030706158849
0.000215638851702  0.00112567365083  0.00173563506768   0.0019690820957  0.00250706253295  0.00268825910177  0.00265700601248  0.00255497507604  0.00247602914744  0.00240935628949  0.00238340072971  0.00234828381625  0.00230005603524  0.00228762433601  0.00228969912412   0.0022886244748  0.00226242899721  0.00227196295679  0.00226980646095  0.00224303686767  0.00223039283851  0.00221819327641  0.00221868576338  0.00220514962798  0.00220840567235  0.00220654572328  0.00220369558511  0.00220871174487  0.00220802322192
0.000215210098982   0.0012657287965  0.00197230467868  0.00201787773742  0.00227815879161  0.00263124709271  0.00279421754637  0.00282934908319  0.00279765371235  0.00272042558543  0.00263380442142    0.002541230917  0.00245387664275  0.00239307511176   0.0024049881797  0.00241991431865  0.00243227659051  0.00244398015074  0.00244931825311  0.00245080792656  0.00245663397689  0.00246397502688  0.00245565789934  0.00245846598611  0.00245621394714  0.00245744734845  0.00245882472579  0.00245613411186  0.00245848941455
0.000192956007431  0.00120636337092  0.00199468749418   0.0022450252288  0.00250801028764  0.00280565339148  0.00300884301366  0.00310471150105  0.00311478586877  0.00308356448052  0.00302673810508  0.00296713429862   0.0029142513681  0.00285691222062  0.00282468585392  0.00283558700514  0.00286030979084  0.00287113427484  0.00288210620882  0.00289833348805  0.00290052118477  0.00290355867177  0.00291317802124  0.00291524231448  0.00291618139528  0.00291790565821  0.00292152989091  0.00292321139292  0.00292408955911
0.00018707908988 0.00125440268915 0.00207356625615 0.00246975807625 0.00272969930463 0.00298358553998 0.00310493878818  0.0031279733708 0.00311735796515 0.00308928078822  0.0030771770571 0.00305809478699 0.00302939529393 0.00303568816508 0.00303773811486 0.00304044630402  0.0030222547121 0.00303385131663 0.00303621478021 0.00301784843871 0.00301835224174 0.00301100613063 0.00301175306871  0.0030001333681 0.00299983910769 0.00299899542668 0.00299296582008 0.00299260559162 0.00299370276506
0.000198962307375  0.00115413024438   0.0018877055416  0.00208456668816  0.00215219223932  0.00230418783333  0.00238180946689  0.00245926287728  0.00249845904071  0.00254346963653  0.00255651577687  0.00259949871878  0.00267995304175  0.00269690410266  0.00273084246261  0.00277775510227  0.00285401454003  0.00286447019702  0.00288560468528  0.00293024470052  0.00294602329041  0.00296203297546  0.00296705593134  0.00298842711371  0.00299242933138  0.00299863485655  0.00301285329926    0.003008365013  0.00300658404082
0.000214304928798  0.00110047307736  0.00186917350909  0.00209764008199  0.00223232772175  0.00230910291544  0.00226435411229  0.00217304154452  0.00212316652099  0.00211323430369  0.00214042484197  0.00216163565741  0.00216515370853  0.00217700071771  0.00217673547365  0.00218263368957  0.00217467453719   0.0021840522923  0.00218757052293  0.00218012783445  0.00217777029546   0.0021731916354  0.00217503957959  0.00217057447863  0.00216585151821  0.00216489815782  0.00216176685235  0.00216725426282  0.00216787213811
0.000360746434002  0.00102500175089  0.00127328149001  0.00125219657368 0.000932272038554   0.0008672883987  0.00101946612538  0.00122802962163  0.00139215450154  0.00148949865187  0.00150860985677  0.00144639700948  0.00129116778844 0.000980140498363  0.00062262807066 0.000572786310764 0.000686070175182 0.000675406082361 0.000704963338461 0.000763404644848 0.000810936441322 0.000829497649269 0.000836041073729 0.000876084690422  0.00089632323649 0.000898868713377 0.000904175182023 0.000932394197176 0.000932334379773
0.000319325808184 0.000920205548949   0.0013328501824  0.00156489718522    0.001205179725 0.000745214339874  0.00112255905417  0.00175630964552  0.00229168487294  0.00260874477603  0.00265909059104  0.00238583126161  0.00174976925697 0.000772772558616 0.000201843462279 0.000218047531438  0.00027274716422  0.00026885037179 0.000280693136812 0.000319512971876 0.000325802532264 0.000338016363775 0.000340821237407 0.000351821259616 0.000354452837386 0.000357177268007 0.000365513318004 0.000346727074899 0.000359296897448
2.74277765356e-05 0.000917719804468  0.00128924303571  0.00109448978992 0.000898684735495 0.000780450072527  0.00114360649425  0.00173603975251  0.00225631621428  0.00255108668877  0.00255013346539  0.00218578443763  0.00146023169298 0.000537488914868 0.000157146461287 0.000169347222036 0.000210478034808  0.00020712703319 0.000213315083524 0.000251970332026 0.000259032078129 0.000290018415133 0.000275447801818 0.000318960671152 0.000299702896554 0.000300179077601 0.000318580560671 0.000308767192627 0.000311778920235
8.32058799283e-05 0.000957493321715  0.00129385086245  0.00131296267186  0.00093335961966 0.000617459526063  0.00100867524749  0.00151134018159  0.00188586394557  0.00202029539251  0.00185858800252  0.00135219226557 0.000509473717937 9.75198171075e-05 0.000105991030199 0.000122205538052 0.000176965135258 0.000183290225563 0.000181790942242  0.00021289591915 0.000223697745941 0.000233110698077 0.000235328176261 0.000257341967956 0.000266447459162 0.000265660729102 0.000280433019734 0.000285565265526 0.000279814730203
0.000138355144315  0.00124543221144   0.0015753598683  0.00161540082441   0.0012328067731 0.000657025524488 0.000679916067273  0.00119388438099  0.00159809383636  0.00176371365738  0.00164280446885  0.00119202796709 0.000464125510387 0.000109418991699 0.000116674197898  0.00013261599952 0.000154374833186  0.00014318063391 0.000151305552815  0.00017116999286 0.000185921321392 0.000184953711424 0.000192903180275 0.000214417408591  0.00020723707565 0.000221340899171 0.000230457480728 0.000232516905762 0.000222579616973
5.51493660922e-05 0.000979282866908   0.0013939220499  0.00149900614039  0.00116916474149 0.000718092010028 0.000901255517076  0.00137260772739  0.00174890284967  0.00186048623854  0.00161444673916 0.000957027385664 0.000275553630852 6.60266882787e-05 6.30035423394e-05   8.746471807e-05 0.000117928206956 0.000116875990518  0.00012190082895 0.000145525537129 0.000153870341377 0.000189470326772 0.000175691399341 0.000197417687458  0.00019026888146 0.000196357316598 0.000204072800984 0.000203619352608 0.000203792845435
7.47576576729e-05 0.000839972772411    0.001294359681  0.00141911989456  0.00107437320237  0.00069773170802  0.00102626740547  0.00151037832971  0.00183389776086  0.00184172213924  0.00144428773395 0.000565247031177  4.5362235952e-05 3.23929747445e-05 3.85585001026e-05 5.27832896213e-05 8.40004536292e-05 8.04689626839e-05 9.02422099655e-05 0.000113071944822 0.000124007130547 0.000136917481273 0.000135202506807 0.000155534203064 0.000161685438656  0.00015917937613  0.00017199177449 0.000173227917345 0.000171121790769
 4.1621303003e-05 0.000926662832534  0.00140296970757  0.00160050113461  0.00131437688315 0.000868269178919  0.00107253509509  0.00155139056968  0.00190602940003  0.00193477607412  0.00152366553071  0.00060783894426  6.8790690347e-05 5.61262175302e-05 4.60840665787e-05 5.32359894173e-05 8.73408166685e-05 8.40919670104e-05 8.92251420736e-05 0.000111307583467 0.000126902482522 0.000124444317698 0.000130030517535 0.000140809142218 0.000135385302513 0.000141881241293 0.000145789384706  0.00014754626464 0.000145444478028
9.81659528302e-05 0.000829527722841  0.00166359725702  0.00236865892581  0.00280638336324  0.00344373690357  0.00300123923091  0.00277441306076  0.00265914529937  0.00221480020152  0.00116061295592 0.000247490352286 5.39045802692e-05  3.9019677981e-05 3.91499204491e-05 5.39002256404e-05 8.01089836111e-05 7.73102676583e-05 8.30409718285e-05 0.000104114730143 0.000114847459219 0.000117456327519 0.000118618806725 0.000126985350086 0.000125011322443 0.000126859876461  0.00013000969654 0.000130610570189 0.000131847341119
9.86532216734e-05 0.000937207473349  0.00135112723206  0.00152174205464  0.00137601650167  0.00109173385662  0.00120616663693  0.00150559025278  0.00155298310951  0.00124843364002  0.00057812269398 0.000158992177441 0.000108364372864 8.22873399203e-05 7.60851071521e-05 6.95358405177e-05 7.90080427222e-05 7.63235876677e-05 7.76383059048e-05 8.75645653269e-05 9.14141760253e-05  9.4581723843e-05 9.48100813402e-05 0.000102317498509 0.000104928041748 0.000107266397655 0.000108653424332 0.000112110891024 0.000113273889304
5.17649636293e-05 0.000921470569838  0.00144162073732  0.00180507067465  0.00182811843331  0.00142764999104 0.000957090856151 0.000782455656331 0.000831127166782 0.000769814056662 0.000378947034943 0.000109182878641 9.43752429319e-05 8.22083145487e-05 7.64893220619e-05  7.7051800774e-05 7.50205434491e-05 7.49572675035e-05 7.37737134147e-05  7.6573152118e-05 7.74426843499e-05 8.05857074573e-05 7.86312433109e-05 8.81823331586e-05   8.852664653e-05 8.92187079032e-05 9.86228449448e-05  9.9414561307e-05 9.92860456529e-05
2.27895609523e-05 0.000875492623688  0.00138099050957  0.00159993630696  0.00146238752162 0.000965637568578 0.000912167924421  0.00129125632988  0.00157834916045  0.00142800715761 0.000630577814434 9.54757486142e-05 6.96007837796e-05 4.45743919938e-05 4.13504814895e-05 4.69588547846e-05 6.24303045396e-05 5.72857490397e-05 5.71493761857e-05  6.3557288698e-05  6.9032597077e-05 7.11053536711e-05 7.11691359048e-05 8.18363412262e-05 8.12313171057e-05 7.98904200004e-05 8.18344351124e-05 8.28624689563e-05 8.25876195649e-05
 2.0237661081e-05 0.000920912824229   0.0015330987933  0.00195080765474  0.00200664409368  0.00149148692315  0.00131223362482  0.00176725313296  0.00205176291572  0.00165684658062 0.000644162529133 7.24816090126e-05  5.9189925489e-05 4.03702083716e-05 3.41531935811e-05 3.76850730435e-05 4.82132286438e-05  4.5508035015e-05 4.74760335846e-05 5.46527399632e-05 5.98240051726e-05 6.46154911896e-05 6.45605222413e-05 6.96503873917e-05 6.81660722848e-05 6.95249156196e-05 7.13107614348e-05 7.25331324214e-05 7.28542429466e-05
3.36647016572e-05 0.000862334504756  0.00140465827011  0.00170993164061  0.00181461846752  0.00161335644701  0.00153200888516  0.00180201405907  0.00171554680187  0.00079410551842 0.000138089330959 5.30070740586e-05 4.15096783375e-05 2.75762417187e-05 2.37021299801e-05 2.68077021161e-05   3.892583863e-05 3.56301772686e-05 3.68079132354e-05 4.73270275872e-05 5.04770151379e-05 5.24201590665e-05 5.24954090621e-05 6.02006510942e-05 5.91487239175e-05 5.92571551465e-05 6.33618311014e-05 6.06873297592e-05 5.99963804055e-05
1.81879016958e-05 0.000808109595258  0.00133828194036  0.00157030361948  0.00158213003013  0.00137303418812  0.00128785708413  0.00157375137255  0.00158617982233 0.000763472520053 0.000141000834928 6.97019252533e-05  5.0407057413e-05 3.64568772749e-05 2.93333676938e-05 2.97016208243e-05 3.91838178278e-05 3.54652420678e-05  3.5551144606e-05 4.33991173241e-05 4.57360194908e-05 4.85607259697e-05 4.87364780385e-05 5.33086080831e-05 5.14577508475e-05  5.2151430614e-05 5.39476776286e-05 5.74169995058e-05 5.79636503655e-05
7.86160215842e-05 0.000782285945737  0.00133799461162  0.00162187043788  0.00159968978623  0.00128643390111  0.00117480579716  0.00146101473331   0.0015064340948 0.000715975542155 0.000108654485849 5.72218030391e-05 4.64530517534e-05 3.33515898393e-05  2.7207198946e-05 2.60344738121e-05 3.16905657747e-05 2.84544309535e-05 2.82385724137e-05 3.31676075819e-05  3.5269335988e-05 3.77637155168e-05 3.83610580853e-05 4.45262511986e-05 4.34935136499e-05 4.57395217564e-05 4.98058941206e-05 4.93781352677e-05 4.91913118694e-05
5.80874353156e-06 0.000885015962518  0.00137469739558  0.00171139949508  0.00166489348081  0.00121901021505 0.000931047211995   0.0012033649885  0.00108074389568  0.00039407768346 8.29198254911e-05 5.95646718045e-05 4.90257609376e-05 3.57353749665e-05 2.89384307067e-05 2.64088387144e-05 2.78151787298e-05 2.42404732641e-05 2.35801851207e-05 2.74041982066e-05 3.01930472435e-05 3.22616014818e-05 3.12436348123e-05 3.54135305155e-05 3.53125700444e-05 3.53825852062e-05 3.67747174523e-05 3.69312370997e-05 3.73269449739e-05
3.98656360132e-05 0.000810088350322  0.00138168820137  0.00166169810994  0.00151913641718  0.00109120250172 0.000797997223092 0.000993817875189 0.000831636142409  0.00031377771413 8.24791580418e-05 5.76516963849e-05 4.75570778581e-05 3.47131155115e-05 2.68515284775e-05 2.39650399567e-05 2.72347787826e-05 2.41602681281e-05  2.3410994181e-05 2.66818582049e-05 2.75458258898e-05 2.83918038326e-05 2.82946511098e-05 3.14753852948e-05 3.10094290096e-05 3.17017106823e-05 3.29194942325e-05 3.36018973491e-05 3.34235474944e-05
3.35982429082e-05 0.000841915615304   0.0013267797041  0.00153153108527  0.00144194916507 0.000968762656341 0.000773908360157 0.000837117654382 0.000513714667241 0.000214519897911 8.37285341724e-05 5.83045252872e-05 4.59936280347e-05 3.29321126818e-05 2.51609996996e-05 2.13201930721e-05 2.25048344649e-05 1.93768795404e-05 1.83184193587e-05 2.02586423213e-05 2.16722665507e-05 2.32149787126e-05 2.26489050467e-05 2.57815911858e-05 2.57559906196e-05 2.61341253523e-05 2.77283190034e-05  2.7696630773e-05 2.77394932688e-05
6.07429765775e-06  0.00086916335667  0.00136589527161  0.00162800677572  0.00148663849938  0.00097466017606 0.000719844273504 0.000767234847097 0.000459110251797  0.00019042545752 7.96352491816e-05 5.40505809449e-05  4.3017323287e-05 2.99050414041e-05    2.21976978e-05  1.9550997577e-05 2.11579568392e-05 1.79615772706e-05 1.70956804674e-05 1.96214061136e-05  2.0352648783e-05  2.0617078948e-05 2.03761988968e-05 2.20094371969e-05 2.18503064736e-05   2.253436733e-05  2.3522038421e-05  2.4179228347e-05 2.41205865318e-05
3.56087504199e-05 0.000910481533086  0.00143590611601  0.00179472221248  0.00169150211329  0.00111756075717 0.000754449706966 0.000766928252633 0.000458990829915 0.000193047956427 8.00927284406e-05 5.59437763454e-05 4.31115107009e-05 2.91723585617e-05 2.12662245468e-05 1.69421948259e-05 1.72260631673e-05 1.38415961264e-05 1.25641836852e-05 1.37724921405e-05 1.41106061438e-05 1.49566085123e-05 1.43020881435e-05 1.86459031473e-05 1.82499563989e-05 1.86823156372e-05 2.02842823955e-05 2.00280761782e-05 2.01348217204e-05
6.63950715938e-05 0.000788712341162  0.00132812815934   0.0016227736027  0.00146343255549 0.000927108066363 0.000748680129728 0.000622041873539 0.000372581404054 0.000162747460231 7.39495746048e-05 4.68903796271e-05 3.69205516827e-05 2.45638436422e-05  1.6524843144e-05  1.3018228776e-05 1.32844917433e-05 1.00604268879e-05 8.99270473281e-06 1.06899266399e-05 1.14724320366e-05 1.22606399709e-05 1.19737417396e-05 1.43639577691e-05 1.33856935903e-05 1.39146226755e-05 1.54787164394e-05 1.57799217594e-05 1.57488727961e-05
3.32472218855e-05  0.00093419114511  0.00146409799652  0.00165431798716  0.00139897985255 0.000920944780836 0.000840011661877 0.000647317712514 0.000350941515828 0.000140817178629 7.18103418157e-05 4.68472174444e-05 3.44211461657e-05 2.08654092821e-05 1.31304466403e-05 9.51861429434e-06 1.06919287762e-05 7.38498769325e-06 6.36050341906e-06 8.64845205366e-06 1.01925636877e-05 1.11118970322e-05 1.03141781674e-05 1.19402339637e-05 1.14799304361e-05 1.13208260069e-05 1.10627526368e-05 1.16986244844e-05 1.17301394257e-05
5.69172382605e-05 0.000867346047277  0.00144007320744  0.00163090603502  0.00138352670109 0.000942535946831 0.000863563232735  0.00068786290601 0.000353764328216 0.000132944015498 7.40369194869e-05 4.72246782295e-05 3.40035567833e-05 2.06439561302e-05  1.2256569901e-05 8.53825260016e-06 8.22488859074e-06  5.1229703655e-06 3.76060834101e-06 5.10141248502e-06 5.44837089222e-06 6.18611554085e-06 5.67065989524e-06 7.47250462747e-06 7.25235420461e-06 7.58513451185e-06 8.49386685687e-06 8.35431795855e-06 8.27796096102e-06
3.54379874996e-06 0.000865585235751  0.00145321888127  0.00163795267787  0.00138359845107 0.000949867161936 0.000857055971783 0.000700951287189 0.000325721296302 0.000118516499105 7.88643605182e-05 5.19739390456e-05 3.64973674908e-05 2.30869152405e-05 1.46020909843e-05 9.50101145391e-06 7.74212462914e-06 4.60385223173e-06 2.90387252745e-06 3.22903812021e-06  3.3563720182e-06 3.84237931462e-06 3.34558865404e-06  5.0833891225e-06 4.50162000067e-06 4.62058932011e-06 5.58713921817e-06 5.72018535695e-06 5.89210405533e-06
1.83285824693e-05 0.000850651591864  0.00145670810059  0.00165408381345  0.00144233014124   0.0010072053133 0.000884924153271 0.000738604772462 0.000284551760619 0.000115256813569  7.4650145578e-05   4.769304522e-05 3.23588199233e-05 1.93397402297e-05 1.10357591485e-05 6.02244209164e-06 4.94609556287e-06 1.52620628352e-06 5.03310583011e-07 9.19080759247e-07 1.06641469944e-06 1.40341025125e-06 8.28341264098e-07 2.75645133643e-06 2.48284877708e-06 2.76210858782e-06 3.55713586635e-06 3.82001916032e-06 3.71518722375e-06
3.17988139269e-05 0.000927735689304  0.00153202005632  0.00172687170276  0.00152204638888   0.0011260863662  0.00093592508594 0.000777601643365 0.000235521187925 0.000155439963418 7.64591900842e-05 4.78210907832e-05 3.25868717629e-05  2.0102734819e-05 1.13376360046e-05 6.83645008732e-06 5.13770521986e-06 2.25265300602e-06 6.30187939461e-07 4.05026149364e-07 4.77212572449e-07 5.25752215935e-07 9.76913118307e-07 5.01019352997e-07 7.63787379838e-07 7.44961469302e-07 7.06649501428e-07  8.0131824914e-07 8.54770747188e-07
 2.2232093941e-05 0.000871780913193  0.00149457703758  0.00174505592178  0.00165881386538  0.00134490065139   0.0010517408536 0.000821676597827 0.000280169886059 0.000265260284964 8.54332587908e-05 5.36938251591e-05 3.34597775235e-05 1.95420391963e-05 1.13487283598e-05 5.52580472963e-06 2.34108940511e-06 2.05011000347e-06  3.4730301239e-06 3.00371427105e-06 3.04634800738e-06 2.86846000207e-06 3.42413868432e-06 2.34261485764e-06 2.56545352809e-06 2.57155603144e-06 2.17538999641e-06 2.04943467146e-06 2.11035005505e-06
1.85873068336e-05 0.000914828746735  0.00154874013982  0.00185150858582  0.00182771035513  0.00156035099216  0.00119077847134  0.00086051705765 0.000322573009615 0.000351120359161 7.59707098321e-05 4.89785018262e-05 3.29037220895e-05 2.04536299311e-05 1.17050788798e-05 6.39424280407e-06 3.44692278499e-06 9.88581071799e-07 2.19838879348e-06 2.94920451958e-06 3.62088214803e-06 3.87465555498e-06 4.37598627674e-06 3.82553912039e-06 4.10219273297e-06 4.11766335799e-06 3.78389806943e-06 3.76122999008e-06 3.88745228142e-06
4.91783603371e-06 0.000857438551585  0.00149042353699  0.00173177789126  0.00156528815236  0.00119946058634 0.000970750920627 0.000778371283719 0.000368984885107 0.000114352437661 5.74390414542e-05 3.85335554529e-05 2.70421814692e-05 1.28893121937e-05 6.11403676327e-06 3.81546600315e-06 1.59035173937e-06  2.9229131579e-06  4.3379036328e-06 4.36778954219e-06 4.55858373468e-06 4.93839313622e-06  5.6237151928e-06 5.13168757716e-06 5.46965378899e-06 5.42770691629e-06 5.27037281564e-06 5.31007465941e-06  5.4992760314e-06
1.94068883864e-05 0.000911417437198  0.00151416553631  0.00168884536663  0.00149305670672  0.00114137996932  0.00101733055117 0.000880261111288 0.000530174568605 0.000207095197089 6.90258251879e-05 4.56701924257e-05 3.18121089569e-05  1.7822410778e-05 9.08065808123e-06 4.63051432948e-06 1.46232521316e-06 3.85809288461e-06 5.72047598731e-06 5.33904472715e-06  5.7249153975e-06 5.95330105126e-06   6.457819024e-06 6.31856626036e-06 6.60205999913e-06 6.80005028093e-06 6.58463033583e-06  6.6241242375e-06 6.68994605003e-06
 1.8923774525e-05 0.000872349644193   0.0014525279773  0.00164754529977  0.00158252891488  0.00131113712718  0.00113682274883 0.000932412675957 0.000540743564474 0.000208987467002  7.1673598113e-05 4.59226762488e-05 2.58016302654e-05 1.30697972486e-05 5.58631090965e-06 2.48303480846e-06 1.94117580123e-06  4.5088191632e-06 5.91138445134e-06 5.27202756868e-06 6.44361070523e-06 7.05303951971e-06  7.7745673119e-06 7.57398231219e-06 7.97251098883e-06 7.99215150206e-06 7.83562911706e-06 7.87458195762e-06 7.94045580113e-06
1.55491039721e-05 0.000935224031234  0.00155786868335  0.00179903589975  0.00170491979675  0.00146043439736  0.00120006327131 0.000931146019905 0.000519790672131  0.00019811723954 7.00873305467e-05  4.6219542423e-05 3.12292613476e-05 1.70220400835e-05 7.90054804808e-06 2.29685544186e-06  3.7416455015e-06 6.49643455081e-06 8.91569998331e-06 1.03942739211e-05 1.02669616146e-05 1.02112732262e-05 1.07556449599e-05 1.00770180647e-05 1.03564594286e-05 1.03764124025e-05 9.98136250463e-06 1.00782004328e-05 1.00277091944e-05
2.47384580869e-05 0.000927180101002  0.00155444542864   0.0017883266679   0.0016511500468  0.00134226084076  0.00120160264251   0.0010097972384 0.000544815441783 0.000194388491284  6.5240343433e-05 4.14655652914e-05 2.29782005472e-05  1.2422561262e-05 5.28558991635e-06 4.64326023584e-06 6.41491915357e-06 9.09214936166e-06 1.09110528395e-05 1.16636480361e-05 1.24254133021e-05 1.25855878907e-05 1.30200688932e-05 1.18646350407e-05 1.19662033086e-05  1.2044350523e-05  1.1588457898e-05 1.15093174509e-05 1.16359356605e-05
4.30670075857e-05 0.000884197221718  0.00151956497266  0.00175549424539   0.0016344630677  0.00136702024914  0.00122389274859  0.00103322231242  0.00060625194717 0.000205385391986   6.039121545e-05 3.88673821135e-05 2.18371461375e-05 7.78569594064e-06 3.78529074578e-06 8.76561067771e-06 1.08251015798e-05  1.3803167343e-05 1.55211962416e-05 1.51859817396e-05 1.53727670896e-05 1.52166304117e-05 1.58240563559e-05 1.46722136909e-05  1.4949575256e-05 1.48468313412e-05 1.42108017174e-05 1.41915886208e-05 1.42596502309e-05
2.22184022282e-05 0.000935474083332  0.00153860612675  0.00173767733148  0.00161098848124  0.00136660816723  0.00121625979762  0.00104202708001 0.000690802384388 0.000226397696098 5.88482245158e-05 3.72108094951e-05 1.85270032369e-05 7.19160353395e-06 5.89945167527e-06 9.49931316388e-06  9.7315049822e-06 1.26858683055e-05 1.47418340646e-05 1.47520514024e-05 1.55621218293e-05 1.59325130648e-05  1.6543271389e-05 1.61600833761e-05 1.64995315578e-05  1.6456365388e-05 1.62966602209e-05 1.63365590601e-05 1.65246498245e-05
 1.9795991688e-05 0.000852518721942  0.00148267620697   0.0017041675441  0.00160957529238  0.00140785872517  0.00126938201862  0.00110004063262 0.000735156576949 0.000232447988822 6.03525447795e-05 3.21796673038e-05 1.84062814937e-05 4.84631800447e-06 4.97566050553e-06 9.86181417587e-06 1.01356306654e-05 1.38554772156e-05 1.58063827983e-05 1.49923610975e-05 1.55745388121e-05 1.58147201789e-05 1.60530537867e-05 1.58705249142e-05 1.59859050555e-05 1.62197393116e-05  1.6713605882e-05 1.68722082228e-05 1.67636186801e-05
2.78842748039e-06 0.000885840358668  0.00154717210416  0.00179941780413  0.00168646538758   0.0014825100667    0.001331551491  0.00116779394063 0.000785486766043 0.000240949947633 6.13924181817e-05 3.22321507159e-05 1.61594850546e-05 3.47695653152e-06 6.83719914792e-06 1.22577827564e-05 1.31843662654e-05 1.66679188782e-05 1.85913905593e-05 1.79977376075e-05 1.75245968686e-05 1.78519389391e-05 1.85386251183e-05 1.81442401198e-05  1.8295688066e-05 1.83075011133e-05  1.7793164526e-05  1.7825557216e-05  1.8015341495e-05
6.71180377789e-05  0.00105418463885  0.00157318605085  0.00182347423779  0.00182146040152  0.00169833652968  0.00154641569459  0.00134505990145 0.000914392124403 0.000289877512548 6.69001088014e-05 4.22209950575e-05 2.01590365974e-05 7.51467751035e-06  5.1149694624e-06 1.04381058889e-05  1.4229383654e-05 1.71402200663e-05 1.95023500459e-05 1.95406158556e-05  2.0186121203e-05 2.02493185921e-05 2.11239605121e-05 2.00729632655e-05 2.00949505464e-05 2.02700530074e-05 1.97535813476e-05  1.9673241731e-05 1.97428350112e-05
1.76815381544e-05 0.000876778289318  0.00150784254536  0.00177504258579  0.00179141782897  0.00165738889692  0.00149816834377  0.00134490624426 0.000927520756257 0.000274544866185 6.26679383808e-05 3.81282338302e-05 1.73048668198e-05 4.45236135468e-06  6.3653126454e-06 9.87471502883e-06 1.17338706664e-05 1.58641172643e-05 1.76562200827e-05 1.90218739038e-05 1.98704288608e-05 2.03614169766e-05 2.10619500691e-05 2.12954170682e-05 2.18089737837e-05 2.17034623333e-05 2.15433118386e-05 2.15807660137e-05 2.17101097594e-05
2.20307257095e-05 0.000970684768971   0.0016207615502  0.00193103936432  0.00191302373329  0.00180032897196  0.00162038403743  0.00145600326982  0.00101044684267 0.000291295472661 6.80449476869e-05 4.17005291853e-05 2.02863920267e-05  7.7462413854e-06 5.35054297287e-06 1.23975989114e-05 1.78336599094e-05 1.88793657964e-05  2.1590714492e-05 2.29759961379e-05 2.33220544576e-05 2.36517135698e-05 2.40480717483e-05 2.29053253331e-05 2.31112843935e-05 2.31355484219e-05 2.27359438872e-05 2.27137643491e-05 2.28427314424e-05
 1.0473469426e-05 0.000879190930613  0.00152382461016  0.00185977935271   0.0019636700306  0.00193843295847  0.00175290069683  0.00158337505088   0.0011100125107  0.00031206673683 6.59763768906e-05  3.5934033216e-05 1.73849840337e-05 5.66217750416e-06 8.13057803906e-06 1.10543105743e-05 1.27453776661e-05 1.66389574668e-05 1.84816599858e-05 2.08418482309e-05  2.1814291246e-05 2.25098722175e-05 2.31693609545e-05 2.36824476078e-05 2.43039077535e-05 2.44471874656e-05  2.4282875179e-05 2.37281920929e-05 2.34976291565e-05
7.91238734777e-06 0.000911377390273  0.00155279518253  0.00189705966188  0.00200573873834  0.00199613107634  0.00183118088636  0.00143732715584 0.000879794613738 0.000260113953062 6.52595895331e-05 2.13550336727e-05 1.12753750588e-05 4.13717053161e-06 1.32931705629e-05 1.98597943356e-05 2.17930109321e-05 2.39122405063e-05 2.50884902305e-05 2.39645799289e-05 2.37243693947e-05 2.35481139667e-05 2.43537414122e-05 2.30118489605e-05 2.27564375224e-05 2.28771512722e-05 2.22123221185e-05 2.28924050324e-05 2.27656771469e-05
9.86432229089e-06 0.000915243011165  0.00156291109141  0.00186821113704  0.00194007133778  0.00192924347903  0.00177183967339  0.00133460513549 0.000785322903075 0.000231486743255 0.000120700899106 5.29576595332e-05 1.12574960228e-05 1.36050713813e-05 1.95119476964e-05 2.12803053198e-05  2.0095616478e-05 2.45389679652e-05 2.63278684884e-05 2.39897151763e-05 2.41474596564e-05 2.36310370867e-05 2.41691569543e-05 2.30341659201e-05 2.35189162457e-05 2.36538841015e-05 2.31029208053e-05 2.36643805399e-05 2.35928215349e-05
 2.6839132369e-05 0.000909946565415  0.00157406613066  0.00189870124017  0.00198161605423   0.0019712525722  0.00181914270692  0.00138360169175 0.000816794201631 0.000238832385364 0.000130721100373 5.75999709379e-05 1.40438144239e-05 6.27908788635e-06 1.17279011381e-05  2.0626883899e-05 2.40344704517e-05 2.56217242777e-05 2.75406517179e-05 2.80745873689e-05 2.80709017049e-05 2.75965171553e-05 2.79888537211e-05  2.5322003235e-05  2.5777839993e-05 2.51133710094e-05 2.38868010864e-05 2.39164978971e-05 2.44438551442e-05
2.79868995833e-05 0.000845950869599  0.00155401368082  0.00188421148372   0.0019561383402  0.00192344713562  0.00176897396299  0.00133716580875 0.000768140299394 0.000209334501532 0.000143065959181 5.52546255359e-05 1.92774705711e-05 2.49850044864e-06 8.61911501623e-06 1.47037344973e-05 1.56461343875e-05 1.92423701167e-05 2.19858527315e-05 2.45038877331e-05 2.58175455906e-05 2.67912383377e-05 2.72661823595e-05 2.75808152307e-05 2.79625904734e-05 2.82550114893e-05 2.84809026686e-05 2.88185089916e-05 2.89174306753e-05
9.23747057106e-06 0.000871436049475  0.00156215941464  0.00193199920001  0.00204390113939  0.00209514241276  0.00194028552517  0.00145993958393 0.000861514475218  0.00025839146502 0.000110248906562 6.80965650715e-05 2.32604087816e-05 5.87522925364e-06 1.42646442272e-05 1.60460117281e-05 1.93658282605e-05 2.17039300428e-05 2.35888265542e-05 2.45654547683e-05 2.52169472991e-05 2.61534099388e-05 2.67409919953e-05 2.66435396799e-05 2.66367833497e-05 2.68817632693e-05 2.55288730689e-05 2.56318947942e-05  2.6620912607e-05
2.84774620453e-05  0.00105162985905   0.0015389552062  0.00184047221714  0.00203078989321  0.00209754233189  0.00190873494074  0.00143149527419 0.000925012963454 0.000388797823262 7.33654768419e-05 0.000107682387763 3.49035309082e-05 5.86249315268e-06 7.39380188123e-06 1.78206470598e-05 1.68244564702e-05 1.93564965589e-05 2.31846422486e-05 2.45357852696e-05 2.57387364814e-05 2.59518134126e-05  2.6318527261e-05 2.65077410881e-05 2.71423079123e-05  2.7572113983e-05 2.65967008806e-05 2.73767109053e-05 2.85682124158e-05
2.67158253923e-05 0.000801456780363  0.00157435708702  0.00194783294894  0.00193819839658  0.00186945262801  0.00166540257966  0.00124068051551 0.000793767945405 0.000345537337931 6.23772768569e-05 0.000110832607097 4.29454227617e-05 7.08883692466e-06 1.09623523004e-05 1.87128645294e-05 2.67079664733e-05 2.98089640225e-05 2.91455484126e-05 2.79970547626e-05 2.83052997525e-05 2.81596456734e-05 2.83884152308e-05  2.7992568313e-05 2.84541487458e-05  2.8620636578e-05 2.97173230852e-05 3.00654170838e-05 3.09321996168e-05
6.85224995739e-06  0.00092655720021   0.0015131882839  0.00183423360088  0.00201170508238  0.00206979295074  0.00189923783645   0.0014516925261 0.000945835382704 0.000409269971249 6.85638981862e-05 9.55499613068e-05 3.43992559437e-05 7.86218513706e-06 1.24351796735e-05 2.02314019452e-05 2.46694647145e-05 2.66576907424e-05 2.89434387071e-05 2.93084047473e-05 2.95477446715e-05 3.07494488587e-05 3.13464491647e-05 3.02978149788e-05   3.029551335e-05 3.01191593942e-05 2.94406194994e-05 2.93831281636e-05 3.02810004803e-05
6.86297679599e-06 0.000888664094972  0.00154624876958  0.00192718834114  0.00205753210592  0.00209418940349  0.00190906598791  0.00145222327594 0.000940620308454 0.000401717649393 6.68512930274e-05 8.26063588306e-05 2.25024967633e-05 5.71073323136e-06 1.35295736928e-05 1.90968727082e-05 1.93506894513e-05 2.14499372786e-05 2.37408075459e-05 2.45113424947e-05 2.45599457037e-05 2.58961273127e-05  2.6321364712e-05 2.68021694177e-05 2.76349905741e-05 2.72475964934e-05 2.83890133212e-05 2.82476820143e-05 3.01728901091e-05
 1.9302513465e-05 0.000891724509987   0.0015116559845  0.00187839594098  0.00206292660188  0.00214147205419   0.0019844157658  0.00153888085986  0.00100630107784 0.000437626691761 6.57347445574e-05 0.000106690885922 2.46338012012e-05 7.08435259085e-06 9.32371853673e-06 1.64286643126e-05 2.12414081551e-05 2.45278241141e-05 2.62843515525e-05 2.79426457621e-05 2.89169525414e-05 3.03560244639e-05 3.13495368655e-05 3.07538710442e-05   3.116486965e-05 3.14357487111e-05 3.20123285351e-05 3.23754079479e-05 3.40960431699e-05
1.98504758906e-05 0.000907874145085  0.00154050932422   0.0019265497949  0.00212231191309  0.00221305218712  0.00205638061164  0.00160149896538  0.00104739591489 0.000453183364742 7.39669627099e-05 0.000103057557305 3.01536607846e-05 2.96950727054e-06 9.93733399052e-06 1.74804899998e-05 2.13079008768e-05 2.38904384287e-05 2.70615650462e-05 2.95878340023e-05 3.05958000364e-05 3.10919419096e-05 3.17708658113e-05 3.12386889546e-05 3.15172866201e-05 3.10224989117e-05 3.03424247792e-05 2.92804892047e-05 2.99739139782e-05
3.45208628889e-06 0.000887845994818  0.00150709888265  0.00185118744953  0.00199124241681  0.00207270404686  0.00195653187039  0.00153070819688  0.00098772738716 0.000436238014877 9.46369932683e-05 0.000251486608744 6.23192688828e-05 3.15770123115e-05  1.7259716717e-05 1.81377141294e-05 2.14013353533e-05 2.38540050566e-05  2.5229701086e-05 2.52331518555e-05 2.54063169043e-05 2.68539102037e-05 2.78020627007e-05 2.69413774423e-05 2.77818610535e-05 2.73360642582e-05 2.71278483633e-05 2.68422383428e-05 2.84270505439e-05
1.95894374786e-06 0.000886698265575    0.001477770129  0.00175465030436  0.00183162640038  0.00190691563486  0.00186239597606  0.00159227559227  0.00117042734652 0.000723396556176 3.58492791746e-05 0.000315122756966 0.000127506115449 5.70937396116e-05 1.54704012581e-05 1.72133192747e-05 2.10460323385e-05 2.39039562035e-05 2.60722368752e-05 2.76818626822e-05 2.91754543209e-05 2.98792844055e-05 3.13456990908e-05 3.00592977684e-05 3.09799329865e-05 3.01322439023e-05 2.90773832371e-05 2.86725949202e-05 3.04483748121e-05
 1.5941974038e-05 0.000878252641341  0.00147369417252  0.00176394091462  0.00186492015396  0.00196059906632  0.00196898747888  0.00177579455675   0.0013753978727 0.000884246069883  9.3508738576e-05 0.000304881306922 8.86050618368e-05 3.95241549064e-05 3.18553269795e-05 3.19043447614e-05 2.66824981993e-05 3.27913268268e-05 3.33238040117e-05 3.20144880423e-05 3.21470855904e-05  3.1492066616e-05 3.20418127478e-05 3.09685690155e-05  3.0545188324e-05 3.05144824288e-05 3.10436167725e-05 3.09668391866e-05 3.24966200261e-05
 1.3190725629e-05 0.000899827374623  0.00151488817128  0.00182885746773  0.00194949680936  0.00205275373208  0.00209849085676   0.0019542867515   0.0015644424195  0.00104757315665 0.000211025353382 0.000276482512637  0.00013204503212 5.02525836376e-05 2.82612481541e-05 3.50739742143e-05 3.78662681171e-05 3.89437841521e-05 4.07547404137e-05 3.68069892873e-05 3.56651444056e-05 3.38395892308e-05 3.32599262969e-05 3.24216928455e-05 3.22916246015e-05 3.24529407475e-05  3.2636701347e-05 3.12993844312e-05  3.2577005214e-05
1.20550343034e-05 0.000906143866215    0.001513497457  0.00186151286894  0.00205312912927  0.00220971120525  0.00228340005795  0.00212336835131  0.00166686623142  0.00104500780849 0.000159213669714 0.000303417977194  8.5571797938e-05  3.0357850747e-05 9.55830471731e-06 2.27312620918e-05 3.06875752754e-05 3.28715536626e-05  3.5310445141e-05 3.69956712477e-05 3.74429714603e-05 3.85794154803e-05 3.93833538555e-05 3.75985393568e-05 3.91968118013e-05 3.81611426253e-05 3.76752484605e-05 3.72778598971e-05 3.77937480219e-05
6.87376279612e-06 0.000877689843042  0.00152199672185  0.00191797606694  0.00213546440221  0.00230556447306  0.00241871472501  0.00229035103337  0.00178777934056  0.00106343093886 0.000195370092793 0.000321510894054 0.000146126840623 5.07011552366e-05 8.14676836997e-06 1.54043100738e-05 2.04459664387e-05  2.3117602657e-05 2.69404526616e-05 3.19719576079e-05 3.46737557356e-05 3.72830933178e-05 3.76703770586e-05 4.03889213475e-05  4.0553848139e-05 3.96929334765e-05 3.98414477874e-05 3.91958503618e-05 3.91325900736e-05
5.16989579625e-06 0.000926098578888  0.00156381181311  0.00197144101903  0.00223352704573  0.00241888043412  0.00256323122065  0.00244107391382  0.00186999240978  0.00104915906036 0.000225937002151  0.00034671157508 0.000111123738249 3.43296074485e-05 1.13860667012e-05 7.50368599922e-06 1.75490365596e-05 1.76590549351e-05 2.09287734676e-05 2.58773759334e-05 2.97402136348e-05 3.16967031554e-05 3.15338763598e-05 3.40716297365e-05  3.4150407238e-05 3.55076682627e-05 3.63882385758e-05 3.60355142163e-05 3.77707462319e-05
7.90304664199e-06 0.000892588911886  0.00154872964264  0.00196642345538  0.00220640048878  0.00240082842434  0.00241897925972  0.00210309944293  0.00155806923805 0.000930034401584 0.000289289947659  0.00026450515043 0.000261628989368 5.07855516561e-05   2.536716291e-05 2.49477583882e-05 2.54438754704e-05 2.95645178464e-05 2.99839230541e-05 2.81153083943e-05 2.84271903684e-05  2.8836178804e-05 2.73724905567e-05 2.89304171761e-05 2.94036989262e-05 2.98752963522e-05 3.31377393222e-05 3.34106694423e-05 3.44076903732e-05
1.10286457422e-05 0.000926320236232  0.00153654918685  0.00191454541346  0.00214145185405  0.00229704631803  0.00229539339502  0.00201197479437   0.0015345016454 0.000964039679123 0.000314174936405 0.000306053996072 0.000328032516815 5.34053266305e-05 2.14891844363e-05 2.74880647327e-05 2.83270345828e-05 3.16336023595e-05 3.28421336391e-05 3.32251930091e-05 3.31103832503e-05 3.17703101908e-05 3.38864169501e-05 3.01524756275e-05 2.98233681009e-05 3.05456214908e-05   3.094918937e-05 3.15365846249e-05 3.27725881662e-05
1.23449761156e-05  0.00089633629256  0.00151372445912  0.00189595557589  0.00214026928004  0.00232462076613  0.00233785272509  0.00206322019852  0.00159151827758  0.00101998247679 0.000362800893785 0.000233886353358 0.000321791264267 0.000103611750422 3.62056856282e-05 3.47539441668e-05 3.17817007428e-05 3.43281010431e-05 3.56720444639e-05 3.37339103813e-05 3.24506688806e-05 3.21250209378e-05 3.30588977571e-05 3.36982277306e-05 3.53955655401e-05 3.64966205543e-05 3.61631744586e-05 3.57195512928e-05 3.51590971998e-05
1.35328198985e-05 0.000889602330221  0.00154838824023  0.00196900474763  0.00220981583276  0.00240832272613  0.00243167949743  0.00215649726832  0.00167442112857  0.00107993820923 0.000384055608245  0.00029868280844 0.000369133137236 6.20308637483e-05 1.25950395136e-05 2.41250276646e-05 2.69533489226e-05 2.90197740829e-05 3.12397918657e-05 3.28608347874e-05 3.38313898413e-05 3.36090253683e-05 3.46171816739e-05 3.41500441498e-05 3.21462233233e-05 3.43906825429e-05 3.51582527743e-05 3.39923884359e-05 3.37318906468e-05
2.29218175726e-05 0.000909181204749  0.00151397749444  0.00192805240843  0.00225123353779  0.00248356495827  0.00252116399718  0.00224544148449  0.00175578603594  0.00115109821992 0.000443235091122 0.000237687133886 0.000351611257129 8.54318232539e-05 1.79467804819e-05 1.93244748846e-05 2.01658464732e-05 2.17829444103e-05 2.43540571599e-05 2.55141977788e-05 2.70868169888e-05 2.82530222749e-05 3.16436671183e-05 3.29057705094e-05   3.014468987e-05  3.0810973335e-05  3.1498726788e-05  3.2777787423e-05  3.3019644271e-05
5.16183329257e-06 0.000910487490116  0.00152722158412  0.00194933330847  0.00229581948221  0.00256917246796  0.00264037335995  0.00238572237037  0.00189162176757  0.00126395707115  0.00052211372237 0.000221373315135 0.000333481366057 4.69991626487e-05 8.58081903973e-06 1.16417620891e-05  1.7446534708e-05  2.2182471304e-05 2.43037844873e-05 3.00970969629e-05 3.44629678078e-05 3.54102824479e-05 3.39205986739e-05 3.40663533151e-05 3.40930093586e-05 3.44151805156e-05 3.43014430046e-05 3.44207188007e-05 3.47886558101e-05
3.04860983591e-05 0.000904351354111  0.00153386569121  0.00199091240974  0.00236230022086  0.00266120871798  0.00275065522196  0.00249679538984  0.00199729402134  0.00136189363218   0.0006137425137 0.000111194767476 0.000332269878152 0.000126035387448 4.29466568085e-05 1.45290238694e-05 1.39361162024e-05 1.75874007077e-05 2.34264676206e-05 2.81699428674e-05 2.96726258685e-05 3.12814218698e-05 3.20986921553e-05 3.48823923159e-05 3.39133976404e-05  3.4393554674e-05 3.38226405156e-05 3.39564272162e-05 3.37333309594e-05
2.13008701636e-05  0.00090512054657  0.00153977575177  0.00201357440869  0.00241367154689  0.00274479369688    0.002857499579  0.00260367335738  0.00208588142856  0.00141899735029 0.000623249511465 0.000164638818426 0.000337319308203 8.91061838514e-05 3.36875965403e-05 7.52159805036e-06 1.30433968536e-05 1.48855606677e-05 1.67710395001e-05 2.04212378531e-05 2.40100187163e-05 2.90020905125e-05 2.94381376947e-05 3.57624745203e-05 3.93254455237e-05 3.58518235928e-05 3.58825160599e-05 3.52724065396e-05 3.51927529764e-05
2.17372267416e-05 0.000905296268801  0.00153910828978   0.0020244613659  0.00244678255294  0.00278036381547  0.00285270307352  0.00253621596279  0.00197723382148  0.00129367441383 0.000516380266965 0.000170904828643 0.000306067672408 8.08342214389e-05 3.82062329428e-05 2.13597842529e-05 3.30860435013e-06 1.88881428191e-06 5.84850638396e-06 1.56236797863e-05 2.11860162596e-05 2.24444789424e-05 2.22039700102e-05 2.53083089636e-05  2.6017582585e-05 2.64064366179e-05 2.79684430251e-05 2.89968849833e-05 2.89737697493e-05
2.20208841292e-05 0.000893804078671  0.00151536046663  0.00200745458031  0.00243744679272  0.00278614244222  0.00287800263814  0.00258549366883  0.00203880579535  0.00135489795016 0.000570210783331 0.000140089448877 0.000301312326676 0.000103050194786  4.3686701636e-05  1.8765734071e-05 4.79482892196e-06 1.44337970476e-06 3.76260935342e-06 1.02963700752e-05 1.36894343489e-05  1.6845096801e-05 1.70820229972e-05 2.12035249632e-05 2.22185852288e-05 2.32090932449e-05 2.41349937322e-05 2.41625996182e-05 2.38175957113e-05
1.24649269758e-05 0.000908138540005  0.00157159989057  0.00209006662759  0.00254767719249  0.00292508592101  0.00304683931947  0.00277419078302  0.00221539945363  0.00149696135977 0.000659412460855 0.000231044894911  0.00034242413829 7.11221304465e-05 2.20717777995e-05 8.57157652842e-06 2.86005176052e-06 2.73800595487e-06  5.4279691906e-06 9.69378828084e-06 1.21749345059e-05  1.4817444893e-05 1.47523637817e-05 1.75988553056e-05 1.78062691885e-05  1.8427928537e-05 1.91325953945e-05  1.9648564548e-05 1.97325721312e-05
1.06273079439e-05 0.000917470345684    0.001567188514  0.00210937466733  0.00261564023134  0.00304798650806  0.00321086296637  0.00295057227423  0.00237151260112  0.00161318321934 0.000725912295786  0.00025753097454 0.000308239248047 3.54520074306e-05 2.13493263924e-05 1.38471607149e-05 5.40238714627e-06 1.33470362687e-06 2.51153768664e-06 7.01970182639e-06 1.03310352921e-05 1.23900031888e-05  1.2597536939e-05 1.57450286628e-05 1.64470904805e-05 1.68565889791e-05 1.75038436373e-05 1.77587686095e-05 1.80299412395e-05
1.47238816957e-05 0.000870348091978  0.00154935470842  0.00210565377239  0.00263413740501  0.00308660788129  0.00324140181385  0.00293555430675  0.00232195140761  0.00153938463311 0.000697097231934  0.00011109091717 0.000294486266997 0.000160848191065 2.85272351283e-05 1.54202101994e-05 7.70027575477e-06 8.73860231943e-06 1.04283697541e-05 8.07990175526e-06 8.62998131074e-06 1.07656315382e-05 1.12364741218e-05 1.20070934541e-05   1.289582422e-05 1.34090563496e-05 1.38799211809e-05 1.41448409685e-05 1.43340651047e-05
1.33916903943e-05 0.000916754694284  0.00152967697216  0.00201877152436  0.00246463674491  0.00285209249567   0.0029485889756  0.00263513944399  0.00207417588737  0.00138689411608 0.000613391815327 0.000144874959933 0.000297409996797 0.000259944914553  4.8555340793e-05 4.48634166666e-05 2.76473455691e-05 3.11804662644e-05 3.07210597361e-05 2.54247875882e-05 2.42499353418e-05 2.05747181302e-05 2.05883369299e-05 1.71933786829e-05  1.7774095653e-05 1.74994824096e-05 1.64211309763e-05 1.67162334165e-05 1.64260012486e-05
 6.8256710368e-06 0.000865476339638  0.00148426536304  0.00197318874173  0.00242519343202  0.00281308789667  0.00292685990972  0.00264643293953  0.00211004331022  0.00143084879191 0.000650468163686 0.000151919564069 0.000305786078567  0.00026500139458  3.3214507963e-05 3.68504283889e-05  3.3693233424e-05 3.45675123463e-05  3.6513685589e-05 3.21392386959e-05 3.08287194687e-05 2.84320285351e-05 2.88439501184e-05 2.48122978358e-05 2.54341546548e-05 2.44373771343e-05  2.1243698914e-05  2.0982736762e-05  2.0765314988e-05
9.97006284393e-06 0.000877913821657  0.00148990398603  0.00193506103259  0.00230681122475  0.00264191033555  0.00273552224773  0.00244243171255    0.001936173586  0.00130248782166 0.000596892793734  0.00033183814403 0.000287246130543 0.000330047670589  3.4458116463e-05 3.09125432706e-05 2.91819398111e-05 3.66634197285e-05 3.44532163125e-05  3.1470873062e-05  3.0752084787e-05 2.97928445402e-05 2.93531538189e-05 2.59109333133e-05 2.70498123367e-05 2.73837080088e-05 2.51788775905e-05 2.59741962464e-05 2.56279500591e-05
 1.1069795448e-05 0.000871267291484   0.0014491485157  0.00175811317469   0.0019165348273  0.00210729214518  0.00219496363526  0.00202564112635  0.00171453252696    0.001284976039 0.000739313396512 0.000156439644424 0.000457636328544 0.000435378773423 4.85010247581e-05 2.04728135217e-05 2.44673587666e-05 2.64422881199e-05 2.78360133263e-05  2.8086009354e-05 3.11178464215e-05 3.11167509356e-05 3.14556308241e-05 3.10552627453e-05 3.26176729315e-05  3.2009106692e-05  2.8967033047e-05 2.89818172981e-05 2.88013656895e-05
1.31561778306e-05 0.000855457830466  0.00144294451837  0.00170549310264  0.00179729702623  0.00192091538618  0.00201725656727  0.00197190037457  0.00177996137119  0.00149555896446   0.0010381347108 0.000232918302917 0.000637405453925 0.000592407944116 8.07082249332e-05 1.41921285709e-05 1.79061827933e-05  2.0864073866e-05 2.45250721619e-05 2.73160477651e-05 2.68624252397e-05 2.94163536742e-05 2.96413397866e-05 3.10562770103e-05  3.1808402062e-05 3.40135306197e-05 3.34738410958e-05 3.34474398817e-05 3.37825985763e-05
1.83912869869e-05 0.000830996192472  0.00138965569587  0.00168218752393  0.00183938135091  0.00200118155657  0.00211672317122   0.0021075033281  0.00195415548521   0.0016587166865    0.001126226969 0.000302560558568 0.000623427501634 0.000575892489866 0.000107563177695 5.29923721743e-05   1.768593226e-05 1.65101175796e-05 1.98480618058e-05 2.53021892835e-05 2.80914171535e-05 2.81138448339e-05 2.78919471506e-05 2.81455035947e-05 2.90144157359e-05 3.03944533739e-05 2.97389060401e-05 2.94555560009e-05 2.98997125988e-05
1.43410570816e-05 0.000938674435805  0.00151137330558   0.0018206400674  0.00196514437216  0.00209851963946  0.00218426918064  0.00215640274899  0.00198694500028  0.00167189863898   0.0011410603981 0.000380291941163 0.000422860892746 0.000486135154476 0.000216209035116 0.000167790823689 6.54303043389e-05 3.43207919992e-05 1.98554740877e-05 2.18818688913e-05 2.41498866797e-05 2.46756734963e-05 2.50070112496e-05 2.53308139731e-05 2.58555498988e-05 2.74032085772e-05 2.56070983391e-05 2.64857032565e-05 2.63646699756e-05
5.05181565444e-06 0.000853465381523   0.0014806127138   0.0018650954132  0.00204443226672   0.0021973026611  0.00228207861251  0.00223942576965  0.00204709664117  0.00172661813106  0.00121970326591  0.00048412412961 0.000435224105232 0.000517452168768 0.000127290436289 5.40827800325e-05 1.28672391347e-05 7.01049798268e-06 4.87385986161e-06 1.35760142289e-05  1.6901380106e-05 1.92206996948e-05 2.00240372067e-05 2.30181390785e-05 2.27376018448e-05 2.49506357084e-05 2.45962379243e-05 2.49925621698e-05  2.5339536518e-05
 9.8547136815e-06 0.000844387748897  0.00143595399749  0.00183542811505  0.00213378131564  0.00233632425539  0.00245732438861  0.00242087032214  0.00222751406122  0.00191183476431  0.00138556953414 0.000597852726846 0.000398431244766  0.00050625627462 0.000260659794073 0.000175572631558 3.83132444024e-05 1.75381682733e-05 6.65798614549e-06  6.3650167104e-06 1.03126651901e-05 1.36064834693e-05 1.37174615281e-05 1.78846925025e-05 1.70940075786e-05 2.06231306533e-05 2.27518963212e-05 2.36835113615e-05 2.42058275261e-05
1.48092857314e-05 0.000893221042205  0.00145947701963  0.00186813413133  0.00218389495888  0.00241176713682   0.0025658926766  0.00254552998303  0.00237780150183  0.00210641751297  0.00159868770737 0.000755662240898 0.000286998291988 0.000687995423714  0.00053393369835 0.000265097042787 7.43677113257e-05 3.52169604536e-05 2.51509830757e-05 2.11065494964e-05 2.07402258735e-05 2.02964355826e-05 2.02956954712e-05 1.98209664957e-05 2.16850808126e-05 1.97539439577e-05 1.98149387478e-05 1.99747527638e-05 2.02877536805e-05
1.31379508099e-05 0.000912087610665  0.00157733264353  0.00203142511312  0.00229373521567  0.00253957941975  0.00273762112862  0.00275314761754  0.00261130781094  0.00235233787469  0.00180454394054 0.000868482174668 0.000272111203045 0.000704488919885 0.000547664863968 0.000282881013979 7.75551767428e-05 3.89384365712e-05  2.0791801435e-05 2.10826783493e-05 2.33421372845e-05 2.38537553211e-05 2.42182965478e-05 2.44831670602e-05 2.44824374946e-05 2.45609643843e-05 2.08257669528e-05 2.13741854486e-05 2.19476639452e-05
1.18718404748e-05 0.000917518707642  0.00154132611732  0.00203036754906  0.00243593913222  0.00274069929037  0.00298395956898  0.00303282052501  0.00290952823286  0.00264198797423  0.00204521861456  0.00102606560298 0.000249067468734 0.000699772880178 0.000544745329094 0.000299544816293 8.35712035233e-05 3.35530076052e-05  2.2908183402e-05 1.92957518277e-05 2.13939180987e-05 2.23353881984e-05 2.24880206166e-05 2.23759479908e-05 2.25116791573e-05 2.24302465456e-05 2.23547556292e-05  2.1522530341e-05 2.21145843389e-05
1.24685365449e-05 0.000875665906325   0.0015223090212   0.0020462922359  0.00248513539269  0.00285065787431  0.00316014211168  0.00325141637978  0.00315309011018  0.00288688760765  0.00226930207253  0.00117780525263 0.000151412196849 0.000767357329762 0.000667459701748 0.000272204758059 6.48415864047e-05 4.47214625046e-05 4.22246334208e-05 3.50702894501e-05 3.19437582547e-05   2.945023546e-05  2.9263542115e-05 2.47475346731e-05 2.51606882687e-05 2.46049259165e-05 2.29131489087e-05 2.19745031175e-05 2.27501897048e-05
1.80460398847e-05 0.000819008246566  0.00151969867298  0.00207538212314  0.00249117551846   0.0028685383119  0.00320032333887  0.00332232040941  0.00328728119081  0.00311109134781  0.00259572148694  0.00146006734905 0.000208100403409 0.000798951051895 0.000813048038328  0.00020454884534 6.88839861436e-05 7.10330984689e-05 6.84693602082e-05 5.24518010393e-05 5.05466707965e-05 4.67121886039e-05 4.68375221101e-05 3.94064412092e-05 4.01469059051e-05 3.86337889132e-05 3.51521386829e-05 3.20390463772e-05 3.02530208649e-05
9.83916090076e-06 0.000936730762334  0.00158804994699  0.00213769232734  0.00259710576508  0.00299826306846  0.00338035681284  0.00358719018576  0.00362442825658  0.00345968990658  0.00285032128287  0.00166681178553 0.000303166345104 0.000869205251783  0.00084882148632 0.000158631490988  6.2306773381e-05 6.86594842545e-05 7.04341566535e-05 6.75418364379e-05 5.94502468327e-05 5.34819482939e-05 5.40515665028e-05 4.36578947423e-05 4.41457090219e-05 4.31659397147e-05 3.97647756473e-05 4.09613607258e-05 4.21973271511e-05
5.04596817206e-06 0.000887968294685  0.00156320346389  0.00216847263096  0.00270140130116  0.00317547343358  0.00360981191772  0.00383706932157  0.00381978405007  0.00353607175494  0.00279732501633  0.00166292581869  0.00036141289314  0.00104280175598  0.00102596175985 0.000285689126012  0.00012904687827 6.14022759602e-05 5.93368358169e-05 5.86089015901e-05 5.65452709699e-05 5.45176131226e-05 5.44982868989e-05  4.9009413808e-05 4.89439341279e-05 4.95386544354e-05 4.79100892877e-05 4.94813582266e-05 5.13282266306e-05
7.17574846308e-06  0.00087601434774  0.00164622262023   0.0023261037286  0.00284272622302  0.00333471024412  0.00381149631799  0.00409526721625  0.00410178720342  0.00380007302447  0.00302126531568  0.00181431840321  0.00050937554406   0.0011237901655  0.00107787274642 0.000259807765775 0.000134632823846 5.92585375615e-05 5.74325384029e-05 6.07355190448e-05 6.08950930789e-05 6.01194694197e-05 5.96342542939e-05  5.7579617137e-05 5.96024266143e-05 5.90940483489e-05 5.80794648402e-05 5.75632760789e-05 5.84453966555e-05
1.22593441821e-05 0.000890798656743  0.00159894956193  0.00228476424351  0.00293892489473  0.00354591148262   0.0041183953005  0.00447542801981  0.00448085759871  0.00410446576802  0.00321834704288  0.00193680378149  0.00059571679273  0.00111930355686  0.00107497276783 0.000300791781316 0.000167128087924 8.48312331248e-05 2.63485919431e-05 2.92533466647e-05 3.65717098985e-05 3.97376439301e-05 4.10542319174e-05 5.05404878956e-05 5.17735827119e-05 5.42434705553e-05 5.36178341001e-05 5.40886439821e-05 5.60141517418e-05
1.22633493358e-05 0.000855248082169  0.00161626353084  0.00237839565159  0.00307450052121  0.00373680403968  0.00437534877834  0.00481042221203  0.00483703572801  0.00441553061325  0.00346140380128   0.0021037325239 0.000719157988309  0.00104606950752 0.000972606027614 0.000359152369474  0.00023539505681 9.10324001901e-05 2.67541216726e-05  1.7583928502e-05 2.53423998813e-05 3.31926986687e-05 2.93742394609e-05 4.16307449325e-05 4.38971021392e-05 4.68021084632e-05 5.13689934212e-05 5.17544488679e-05 5.40078142271e-05
 1.2982879647e-05  0.00091431250155  0.00169142628135  0.00248287763653  0.00318210303139  0.00385765069152  0.00451457216383  0.00496047199022  0.00495507306464  0.00445914263274  0.00347644428478  0.00218621485781 0.000861646367466 0.000391437581417 0.000617950691505 0.000362746173856  0.00017620505104 5.20663971756e-05 1.22843133448e-05 1.19686709922e-05 1.94883457798e-05 2.43975813701e-05 2.50430706085e-05 3.09484595177e-05 2.94279882965e-05 2.94511824952e-05 3.22060767174e-05 3.29648461744e-05 3.31508754866e-05
1.36966691213e-05 0.000888515529044  0.00172148864016  0.00253061038471  0.00318254704682  0.00381500931843  0.00443791519281  0.00490507446508  0.00496945156948  0.00455455308181  0.00365395979941  0.00247754497907  0.00119721947176  0.00015561501744 0.000364236571647 0.000374899649556 9.49383156357e-05 7.48323685063e-05 7.44079677942e-05 6.00266936032e-05 5.06993071359e-05 4.75948580127e-05 4.76814997744e-05 3.93967729508e-05 3.90899893248e-05 3.86424794016e-05 3.49467804684e-05 3.32526590585e-05 3.44302536752e-05
1.74585007456e-05 0.000899055516206    0.001757874956   0.0025804274463  0.00322631601496   0.0038608672805  0.00450511600025   0.0049954672819  0.00506811011067  0.00463016783092  0.00372743115359  0.00249605352414  0.00114303823208 8.68336706481e-05 0.000625582551413 0.000550714085616 8.40631340996e-05 4.84421660038e-05  4.8811239211e-05 5.55428358001e-05 5.60220573995e-05 5.31188041409e-05 5.33674106785e-05 4.76724457813e-05  4.7816012989e-05 4.93719018136e-05 4.66039957458e-05 4.50585527738e-05 4.71126503499e-05
1.05931444731e-05 0.000868745209693  0.00173462630731  0.00246336727631   0.0029347937873  0.00342882427035  0.00397121210882  0.00433700586337   0.0043308516102  0.00390970075285  0.00312189239541  0.00209762346582 0.000952137489643 0.000200375744498  0.00134057613258  0.00115596061709 0.000241059921492 6.39247181718e-05 4.54952025801e-05 4.53818761591e-05 4.55087496693e-05 4.69079971824e-05 4.61598914084e-05  4.8206766787e-05 4.81301703996e-05 4.93256743434e-05 5.08108126793e-05 5.08131230744e-05 5.17977255791e-05
2.08422267454e-05 0.000898218921794  0.00167784759094  0.00234587466889  0.00277069078881  0.00317607405038  0.00362391995219  0.00397563782228  0.00407087196872  0.00380230321557  0.00313142585101  0.00217370387669  0.00104443514614 0.000215506223955  0.00143827724419  0.00122379168415 0.000242915310749 7.83617757514e-05 5.02943050604e-05 2.16040030403e-05 2.14753812493e-05 2.81955406536e-05 2.89564402311e-05 3.90047215063e-05 3.97138655608e-05 4.26292765931e-05 4.46246564666e-05 4.39920015413e-05 4.55552027796e-05
3.99577811873e-06 0.000873515582769  0.00173218468878   0.0024295801545  0.00281526026428  0.00320228659839  0.00363733999135   0.0040048737863  0.00414354006098  0.00392245220169  0.00327561181763  0.00230760357207  0.00116072100431 0.000267505953432   0.0013901895231  0.00121321713222 0.000294578798943 0.000123315819829 7.76279500047e-05 2.99712610492e-05 1.38903444251e-05 3.42003786079e-06 2.56740430375e-06 1.42381287778e-05 1.45864397284e-05 1.76628500889e-05 2.26448206264e-05 2.38762872923e-05 2.46855539599e-05
1.07795723698e-05 0.000878045474811  0.00172221570295  0.00246367304387  0.00291463913528  0.00334769391852  0.00380431192068  0.00420196065728  0.00437316287278  0.00416547534185  0.00349979256885  0.00250520117803  0.00134856355761 0.000371888601054  0.00128116241297  0.00114241716487 0.000383505092634 0.000177746221301 8.35858876621e-05 4.53333923033e-05 3.24567343445e-05 2.34984554811e-05 2.25246874779e-05 5.36696112463e-06 5.68030368588e-06  2.2651378809e-06  5.6475446847e-06 6.82822191117e-06 6.91988465018e-06
3.75473215347e-05 0.000913495376174  0.00172885704796  0.00242797534974   0.0030139627345  0.00352750194743  0.00403305614983  0.00448492517437  0.00467822361168  0.00444555679891   0.0037060995412  0.00265063870061  0.00145785029995 0.000400372110042  0.00115270701645  0.00105867470258 0.000398478076723 0.000167725355275  7.8984229034e-05  5.3319419752e-05 4.44456670665e-05 3.58189779252e-05 3.51712018374e-05 2.31870916495e-05 2.27864488438e-05 2.00634504757e-05 1.47850963656e-05 1.38258811345e-05   1.375606261e-05
1.52599321696e-06 0.000962381624154  0.00177289584449  0.00243717354014  0.00304892640668  0.00362208221606  0.00418966911079  0.00471540250495  0.00493738906129  0.00467893689853  0.00389448090314   0.0027899840193  0.00157913005214 0.000513458489222 0.000979904189371 0.000877568359549 0.000428468456924 0.000199910860123  5.6142411261e-05 4.57137291714e-05  4.0203236497e-05 3.71125776357e-05 3.60532078494e-05 3.03050079475e-05 3.04251598398e-05 2.93935416401e-05 2.68353163819e-05 2.62260018029e-05 2.62132010792e-05
4.19634208852e-06 0.000953903360637  0.00171261761532  0.00237226577486  0.00303267616077  0.00365933378247  0.00427316650062  0.00484077486315  0.00507448769943   0.0047837851003  0.00394181260689   0.0028127637147  0.00161440273108 0.000454162399341 0.000969780372215 0.000979464521534 0.000487432450715 0.000209239482691 6.95033451337e-05 4.64438384982e-05 4.34379653682e-05 4.05515262399e-05 3.92419648361e-05 3.42075333064e-05 3.38300779123e-05   3.278973318e-05  2.8994274445e-05 2.84284066407e-05  2.7849839548e-05
1.77356663771e-05 0.000948671737405  0.00169866351475  0.00236443874564  0.00301618287089  0.00362708885702   0.0042350062115  0.00481115227939   0.0050905144204  0.00478384612539  0.00388174082337  0.00276178435627  0.00162311556966 0.000567582210974 0.000622645208792 0.000694385601117 0.000480076078762 0.000225546276065    8.50408605e-05 2.10620831251e-05 1.41881675191e-05 1.54537778784e-05 1.31887185912e-05 2.29378281657e-05 2.23934550932e-05 2.37836098041e-05 2.46629668938e-05 2.54499995865e-05  2.5818765007e-05
2.77568358875e-05 0.000891418455156  0.00165776218733  0.00227001985827  0.00278804732515  0.00327664004146  0.00375087639396  0.00417756641324  0.00434627161463  0.00389805212589  0.00295576873436  0.00195633918134  0.00105820959186 0.000241404980963 0.000422857384127 0.000786225209489 0.000647411058433 0.000235685757232 8.49559287332e-05 4.95855249775e-05 3.28030205093e-05 2.14896511314e-05 2.17525501323e-05 3.35314325896e-06 3.56049562863e-06  1.0323900282e-06 8.20249481546e-06 8.52841707386e-06 8.39320022643e-06
1.66714023027e-05 0.000885001123145  0.00150798250035  0.00193834976157  0.00227795047919  0.00255220667661  0.00281785615746  0.00309218144918  0.00320010558876  0.00291634118316  0.00230495115303  0.00164039897606 0.000954204198036 0.000186067174333 0.000583559193236   0.0013203484771  0.00102043663932 0.000214076750654 6.47442925707e-05 5.30724654095e-05 4.59514012571e-05 3.87177910032e-05 3.97258161297e-05 2.61145100672e-05 2.74675029281e-05  2.4231495482e-05 1.70471920891e-05 1.53325584393e-05 1.49258657596e-05
1.41494916382e-05 0.000875134441954  0.00149023658782  0.00185881181892  0.00208862931118  0.00227690328071  0.00246880834703   0.0026935605118  0.00282008307168  0.00265308125201  0.00219179109867  0.00164124035904   0.0010113682663 0.000263830105335 0.000537320248906  0.00131504128415  0.00103143717204 0.000221071403013 6.01166479767e-05 4.02441468671e-05 3.10506420213e-05 3.12979329014e-05 3.09816422482e-05 2.86100366515e-05 2.87562915278e-05 2.88611105534e-05 2.62285787157e-05 2.57208736867e-05 2.51182192082e-05
1.71028009028e-06 0.000874680560471  0.00147451819815  0.00187481396157  0.00214268317024  0.00235488490549   0.0025635381997  0.00280043868154  0.00295721311935  0.00281247661286  0.00234080922867  0.00174099139013   0.0010621074919 0.000288372401828 0.000541808756687  0.00133206534897  0.00108320521236 0.000292115141883  0.00010409874147 6.46887850814e-05 2.25619612109e-05 5.17326547918e-06  3.7553401228e-06 1.38321384246e-05 1.44987252096e-05 1.70696494091e-05 2.15534562569e-05 2.22242324015e-05 2.31063403089e-05
 1.5490380057e-06 0.000874682140933  0.00147740145278  0.00190118582278  0.00220447177651  0.00243583564978  0.00264281342016  0.00285682086193  0.00300606392904    0.002850058409  0.00236337983668  0.00176928446636  0.00111384931032 0.000401556361135 0.000373887302427  0.00106972503286 0.000900903206419 0.000249077583781 9.55609257311e-05  4.4962553442e-05 2.11140636527e-05 1.40261054803e-05 1.35736605221e-05 2.39779166545e-06 2.34363920384e-06 4.89980777114e-07 3.68436089803e-06 5.37008988003e-06 5.68785314094e-06
1.49320116313e-07 0.000875747445632  0.00147614230782    0.001898329133  0.00220187084139  0.00242711098099  0.00261638754207  0.00281077325505  0.00296855079879  0.00284686939527  0.00243822409148  0.00193037143698  0.00131870772345 0.000577448735721 0.000316542864365  0.00108897074041 0.000932413804974 0.000380248609346 0.000228867370273 8.13662498903e-05 3.82207289239e-05 2.87171661998e-05 2.77176335792e-05 1.66845029305e-05 1.65870562894e-05 1.48924606236e-05  1.1007617803e-05 1.01902215338e-05 1.02399417179e-05
2.99265439509e-05 0.000876295419886  0.00147737341514  0.00191045779309  0.00223238632818  0.00247699196021   0.0026872712228  0.00290157589962  0.00310276023592   0.0030743594066  0.00269630606273   0.0021351628953  0.00146366635712 0.000670234811059 0.000309859387625  0.00110927305996  0.00100408464047 0.000441330542538 0.000293260344916 0.000120507851436 4.48600477827e-05 3.36153922291e-05 3.34349787719e-05 2.62794030473e-05 2.55328808694e-05 2.52223878205e-05 2.20534834387e-05 2.12170114017e-05 2.12659335484e-05
2.65574185959e-05 0.000876577024544  0.00148375510223  0.00193689282717  0.00229058153102  0.00256536733631  0.00280319124772  0.00304309671523  0.00328863260943  0.00328769192551  0.00291573086687  0.00234429065924  0.00163568084303 0.000790507831138 0.000263228066442  0.00105275371756    0.001046343545 0.000517180852875 0.000288878332814 0.000107136862208 5.51383511744e-05 4.60351915144e-05 4.55955946505e-05  3.9169165917e-05 3.83615255237e-05 3.71594567686e-05  3.3411905384e-05 3.24833706173e-05 3.23527276936e-05
1.16599605405e-05   0.0009337380142  0.00160288996529  0.00209040974297  0.00241710845857  0.00268208159739  0.00292684147086  0.00318707444613  0.00347617870971  0.00347918878722  0.00311447560675  0.00256049722351   0.0018230495195 0.000934420867617 0.000321936049703  0.00106765526049  0.00103975681066  0.00057367263764 0.000360253399894 0.000155945274383 6.52138517024e-05 5.28197039806e-05 5.10714194637e-05 4.45050714321e-05 4.42042453912e-05 4.31152201871e-05 3.87275998172e-05  3.8029912596e-05 3.86679236927e-05
7.22441853687e-06 0.000879726390483  0.00151892769204    0.002013531916  0.00244622363198  0.00279265428385  0.00309142181715    0.003389580026  0.00369820790462  0.00374843246543  0.00335320711539   0.0027232835376  0.00196209897355  0.00104292642117 0.000287353312725  0.00102470851272  0.00109034948255 0.000611550510728 0.000322292383746 0.000101194286718 5.56959402136e-05 4.90419413058e-05 4.70603943946e-05 4.31021803956e-05 4.29834675151e-05 4.26493541785e-05 3.64448821495e-05 3.48419423365e-05 3.59750193075e-05
 1.0733317071e-05 0.000905338693932  0.00153477432308   0.0020355220051  0.00246339232522  0.00282346568852  0.00314217531637  0.00345373935133  0.00379069746167  0.00384626723251  0.00344880579225  0.00283431280656  0.00207602003291  0.00114632176627 0.000269584239724 0.000960991416217  0.00116459902373 0.000624152764646 0.000253453685422 0.000130509509498 7.33149438633e-05 5.36962117211e-05 5.33896022786e-05  4.7803366457e-05 4.67019437057e-05 4.68830432504e-05 4.23344536581e-05 4.13769076413e-05 4.25407965799e-05
1.07988058314e-05 0.000901336310417  0.00155900107932   0.0020737299986  0.00247404938576  0.00279956543551  0.00308615564281  0.00336073184386  0.00368801100793  0.00370202772477  0.00326114164677  0.00266364975834   0.0019523330238  0.00110648771435 0.000282649638138 0.000561013676244  0.00110589082599 0.000839395274252 0.000248218715797 7.80861917061e-05 3.79625602848e-05 1.40372683587e-05 1.54002840465e-05 1.30262465831e-05 1.36303386139e-05 1.84198065796e-05 2.95721319176e-05 3.17689863471e-05 3.27426746494e-05
9.30055962361e-06 0.000835037278655  0.00148119709061  0.00195724785131  0.00231266547147  0.00260539733072  0.00284902425047  0.00308055584816  0.00337549707836  0.00344610546588  0.00311088930834   0.0026390246449     0.00207721607  0.00132891642895 0.000474551866807 0.000360856624608  0.00105803268168 0.000855374037429 0.000179569774721 7.88830746556e-05 5.93797741646e-05 4.50596674834e-05 4.81858196048e-05 2.15925725078e-05 2.11382795891e-05 1.70401061554e-05 3.49225827501e-06 1.96918570693e-06  3.0854890676e-06
1.62974239376e-05 0.000892805818692  0.00143539446484  0.00184793118894   0.0022365375711  0.00253055417394  0.00277983923381  0.00302335615497  0.00335590279913  0.00349613168619  0.00324724292889  0.00283038075484  0.00227460865796   0.0015007526376 0.000570870088185 0.000350052840923  0.00111841291261 0.000860517453878 9.16687818839e-05 6.62491388152e-05 5.93287777519e-05 5.08253848182e-05 4.84695891288e-05 3.55826924281e-05 3.76830197206e-05 3.51176792848e-05 2.76302856334e-05 2.55927899752e-05 2.61799507555e-05
3.72600416141e-05 0.000890722460138  0.00153763830048  0.00200852789655  0.00231060193447  0.00257489639139  0.00281013446117  0.00304237778837  0.00336995225573  0.00352801803961  0.00327605023752  0.00283384038942  0.00229764991851  0.00154401254442 0.000635371567857 0.000263223734505  0.00104337323455 0.000777216433202 5.97942357294e-05 2.17536747001e-05 2.68342379981e-05 2.80938038864e-05 2.78426511247e-05 3.15954975973e-05 3.16934359911e-05 3.25771285876e-05 3.01693471456e-05 2.99861252394e-05 3.13945253675e-05
3.70193130374e-05 0.000865377590628  0.00148532154669  0.00195662659774  0.00235038583482  0.00264533082686  0.00289009104962  0.00311324277534  0.00343586353615  0.00355951740051  0.00326164760227  0.00284419485092  0.00233100200138  0.00159478932924 0.000708851071198 0.000206783449146 0.000957696356796 0.000723405684998 0.000157432759721 9.05622829331e-05 6.07534397202e-06 8.92448902019e-06  9.2438659307e-06  1.8426267419e-05 1.78722987373e-05 2.05329424193e-05 2.29057385144e-05 2.31955539603e-05 2.50487639889e-05
2.63333328167e-05 0.000916009953006  0.00153609542619  0.00200831525479  0.00238344569089  0.00267934440461  0.00291388763809  0.00309562246518  0.00336146484152  0.00349983126758  0.00326544011155  0.00288953975734  0.00238398126029  0.00165199430549  0.00077071336958 0.000203298241076 0.000857833700346 0.000672277898969 0.000189503780845 0.000125946307737 3.15220549659e-05 1.71611006504e-05   1.257805471e-05 1.57646533993e-05 1.57644742932e-05 1.71250843458e-05 2.01986474895e-05 2.07010264105e-05 1.99829168927e-05
 5.4856932675e-06 0.000878220143632   0.0014898502345  0.00197143613857  0.00236190217037  0.00266755390727  0.00290708748113   0.0030950815547  0.00336463321303  0.00350399056615  0.00327913742801  0.00290765640786  0.00241681864005  0.00169740610688 0.000821462865309 0.000240478813482 0.000782035637724 0.000603801129738 0.000202500346126 0.000145652859142 5.18207026462e-05 2.72429044187e-05 1.49829801857e-05 1.03905549654e-05 9.40981794253e-06 1.09117464004e-05 1.23684820026e-05 1.31068849674e-05 1.33615024256e-05
1.21318271285e-05 0.000821728575647  0.00138914993086  0.00183482867964  0.00228819591141  0.00262784373691   0.0028910844966  0.00309873609075    0.003379644392  0.00352065676183   0.0033033274657  0.00293520597127  0.00244039027259  0.00171464430144 0.000817872127752 0.000192200942996 0.000627200192656   0.0004928734254 0.000125154944101   8.619015782e-05 4.40636677013e-05 2.08633049104e-05 9.55347274508e-06 8.76528286996e-06 8.42920068277e-06 8.91137181462e-06 1.06167222333e-05 1.06750467402e-05 1.09809225876e-05
2.12369755669e-05 0.000871689802688  0.00145594383015   0.0019070908552  0.00228586147981  0.00260608911354  0.00287264437079  0.00309177929327  0.00336464790642  0.00348797713592  0.00326899799727  0.00288894474151  0.00239286499146   0.0016742765543 0.000795960726153 0.000129334467855 0.000406085281352 0.000394161985318 0.000205616560056 0.000116397943605  3.8550718571e-05  1.7481131121e-05 1.54220530326e-05 1.22225705675e-05 1.30358293551e-05 1.22241626662e-05 1.21835696281e-05 1.22822856248e-05 1.24109445333e-05
1.31469454407e-05   0.0008862442762  0.00149706830725  0.00195872538291   0.0023310658421   0.0025809344186  0.00277426781044   0.0029302701662  0.00311043592949  0.00312065424185   0.0028439741225   0.0024376763363  0.00193708136286  0.00131157803395 0.000604506733952 0.000106176468126 0.000597925113129 0.000600780603155 0.000319642256528 0.000166011441414 3.96189191301e-05  1.7048195412e-05 6.70181969461e-06 1.12860683347e-05 1.11390801225e-05 1.22340183134e-05  1.3077326525e-05 1.31183859032e-05 1.31856796347e-05
1.06074613414e-05 0.000870201319518  0.00149753600901  0.00191480760089  0.00212832176597  0.00230630438026  0.00245245723686  0.00257690433649   0.0027310855146  0.00278012304854  0.00258021065711  0.00223841854642  0.00174707505491  0.00115430296865 0.000509064194473   0.0001538132017 0.000640812729984 0.000636055984464 0.000383763018702 0.000209987619355 5.53259184608e-05 2.69615052899e-05 2.08101152372e-05 9.44678010467e-06 9.31595617396e-06 6.97121471553e-06  2.3010463983e-06 1.37599921573e-06 1.37170929852e-06
5.05540443674e-05 0.000888813003081  0.00146285773361  0.00181688334179  0.00203180270628  0.00216595475864  0.00225986143534  0.00234183530523  0.00246213727687  0.00252508723749  0.00240103521344   0.0020809611793  0.00163108765601  0.00107487166525 0.000457107403933 0.000204629902206 0.000702020164353 0.000706469776906 0.000410033664537 0.000209958234201 7.87073988459e-05 3.99945078998e-05 2.99008201796e-05 2.02503209183e-05 2.12670687401e-05 1.96085897436e-05 1.56285473024e-05   1.463132912e-05 1.48306410899e-05
4.04087102401e-06 0.000871082470038  0.00144584607083  0.00178746335025  0.00196020896771  0.00205048728598  0.00210213944024  0.00214832995947  0.00222774779411  0.00227598568249   0.0021786364722  0.00188558430161  0.00149452344152 0.000981965759536 0.000406942041329 0.000223062222437 0.000754195941991 0.000925103283011 0.000583380797152 0.000270839109252 0.000113413225514 4.89532918979e-05 3.35480917279e-05 2.96838405163e-05 2.83697224412e-05 2.74657951546e-05 2.51869162157e-05 2.40774363744e-05 2.35987721196e-05
4.80611643864e-05 0.000834987963411  0.00137297994071  0.00169726470375  0.00191525324647  0.00203188292917  0.00210211101777   0.0021673306785  0.00226669633977  0.00236960548514  0.00233658162034  0.00209326755142  0.00171135086268  0.00118397716792 0.000571026095366 0.000224244048451  0.00085331042609  0.00103811954236 0.000636403247553  0.00024524228168 9.33178001586e-05 5.33910460358e-05 3.48021366208e-05 3.01680389408e-05 2.99564888657e-05 2.89330190969e-05 2.71567935451e-05 2.65257678207e-05 2.66089505735e-05
2.59886269042e-05 0.000879320955891  0.00144406483449  0.00179929555172   0.0020078105808  0.00211802746411  0.00218454006471   0.0022425878209  0.00232170104723  0.00240743927653  0.00237850782251  0.00214561785236  0.00176741487872  0.00123872528613 0.000608661564679 0.000168525879769 0.000756294970898 0.000957646522818 0.000618416692402 0.000268642272935 0.000111771804209 5.84508088758e-05 4.18341450544e-05 3.58565614437e-05 3.53501832612e-05 3.51437574142e-05 3.36557659044e-05 3.35642927541e-05 3.36480122532e-05
2.68521086521e-05 0.000878519735028  0.00148755660676  0.00185848857154  0.00203550495853  0.00216507444175  0.00224253082538  0.00229181544875   0.0023506982657   0.0024242090513  0.00239428327933   0.0021635228127  0.00179630272506  0.00128254838765  0.00066578842969 0.000138210283612 0.000609728172865 0.000895898217029 0.000643457796843 0.000270789654722  0.00010166867496 3.92655445606e-05  2.4930292638e-05 2.78467753003e-05 2.53498614439e-05 2.67163604773e-05 3.01674680127e-05 3.04639566687e-05 3.03064440784e-05
1.30617043991e-05 0.000878731494724  0.00145556693488  0.00181925838663  0.00204067588504  0.00214487107745  0.00219327489631  0.00221291634489  0.00224040051018  0.00227645214753  0.00222653355132  0.00199684667127  0.00165306144236   0.0011773914055 0.000606786918387  3.2479378009e-05 0.000538901903845  0.00101176403179 0.000794478289669   0.0002839252919 0.000143593471661 4.22735063577e-05 3.87014534715e-05 1.47858001182e-05 1.55420317678e-05 1.13341071062e-05 1.51593930631e-06 8.89190789881e-07 1.03943477136e-06
1.33829529578e-05 0.000871014707877  0.00144466369444  0.00180068293918  0.00199921355615  0.00209338862315  0.00213232765725  0.00215206423056  0.00218622204065   0.0022393501452  0.00221324531655  0.00201993718679  0.00170212893744  0.00123403217425 0.000655714073633  1.4881745418e-05 0.000621703760728  0.00117020639444 0.000885021338985 0.000268919282353 0.000149266888192 5.56605051825e-05 3.78067734926e-05  2.9762941085e-05 3.00761257936e-05 2.91513728618e-05  2.3760639134e-05 2.21978685795e-05 2.27571291809e-05
1.16109185611e-05 0.000887220395523  0.00150024134862  0.00187821169243  0.00203295103203  0.00212404104343   0.0021730273414  0.00220023376655  0.00223392149077  0.00230636377121   0.0023227326768   0.0021575350728  0.00185983510138  0.00139835961189  0.00079081852795  0.00014458997737 0.000546009307154   0.0011398324756 0.000856340127836  0.00022215720148 0.000142623660662 6.83341302054e-05 3.84260300461e-05 3.11329782101e-05 3.15848281413e-05   3.003170371e-05 2.77625028632e-05 2.67501288962e-05 2.75328438367e-05
2.86356747851e-05 0.000848879325962  0.00141382175465  0.00178037046034  0.00203819588192  0.00219385440409  0.00227997962124   0.0023246777713  0.00236333204717  0.00244335163339  0.00245810073119  0.00228470640779  0.00198079970057  0.00150269262769 0.000893699976807 0.000209371185706 0.000498663542909   0.0011574473413 0.000904099495179 0.000290475488353 0.000178241655537  6.4982648636e-05  3.3135401711e-05 2.75847734138e-05 2.88613497122e-05 2.89885337746e-05  2.8615544149e-05 2.74019169896e-05 2.96613455165e-05
3.08935581397e-05 0.000867125007009   0.0014526335692  0.00183916692752  0.00209153029578   0.0022384566558  0.00232963464898  0.00239020507725   0.0024390680927  0.00254855672044  0.00259511631128  0.00245708247778  0.00218127355607  0.00171639422794  0.00108931847728 0.000369206820539 0.000400400669228  0.00110638822771  0.00083589716112 0.000211900443265 0.000131457191788 4.71362829872e-05 2.66331017283e-05 2.36960291466e-05 2.18523768556e-05 2.36599064596e-05 2.67399210271e-05 2.73356940334e-05 2.87335811128e-05
2.89674660698e-05 0.000884037259329  0.00150181663751  0.00189687396793  0.00212745274404  0.00229507482771  0.00240193863621  0.00247417547749  0.00253305372043  0.00267230174659  0.00273299534001  0.00259318353774  0.00231371102541  0.00183204853235  0.00117475389659 0.000436998209776 0.000441060055793  0.00115349391285 0.000866872364127 0.000234897593232 0.000154520099733 5.58140361719e-05 2.43335176442e-05 1.63680056749e-05   9.436928668e-06 1.01451058204e-05 1.52408278738e-05  1.6282198379e-05 1.66529647983e-05
2.11732858288e-05 0.000860489909852  0.00142111263599  0.00184203649146  0.00218276232878  0.00240574571044  0.00255695016549  0.00265693474962  0.00273247834021  0.00287892972858  0.00292568279919   0.0027666203701    0.002467134513  0.00195371378166  0.00126772672327 0.000508508531662 0.000527265029901  0.00116689626463 0.000893713700083 0.000281796697125 0.000177345808543 5.39350758812e-05 2.02931329986e-05 1.16827709127e-05 6.96813052014e-06 3.85364219973e-06 6.10198361449e-06 7.35200921833e-06 7.54032391926e-06
1.76806877124e-05 0.000884994560848  0.00152789972125  0.00196283731092  0.00224860838531  0.00247860064276  0.00265289185321  0.00279188949958  0.00289862125969  0.00306006354586  0.00308131434903   0.0028898460232  0.00256286111316  0.00201486361634  0.00129918065077 0.000554792568245 0.000626845267169  0.00116424086008 0.000894124725125  0.00031770246137 0.000177215487437 6.27341285682e-05 2.72436171366e-05 1.10140555287e-05 6.47004563369e-06 2.88792109883e-06 3.09621790217e-06 3.24563545394e-06 3.36161768073e-06
1.31386236733e-05 0.000889772302391  0.00147542140979  0.00193925355822  0.00233865277038  0.00262151629685   0.0028314486229  0.00299183552809  0.00311808809346  0.00329037786792  0.00328852498834  0.00306066424078   0.0026996654175  0.00210907307258  0.00134038409842 0.000573237538872  0.00067131099021  0.00103393981591 0.000782771825206 0.000322454011873 0.000179356897869 8.39757882705e-05  3.1613976783e-05 1.00000499197e-05 5.97188782498e-06 3.60786438487e-06 2.50374881362e-06 2.14520465012e-06 2.13799695718e-06
5.27190102868e-05  0.00085776708651  0.00145475421293   0.0019261035493  0.00233913342315  0.00265021668729  0.00288840926995  0.00306864335382  0.00320481910206  0.00337202489107  0.00335395790764  0.00313537239741  0.00280096250139   0.0022368365804  0.00148809228792 0.000712516411389 0.000217854843851 0.000532982193659 0.000549246955706 0.000311590617408 0.000121684663074 5.45367515296e-05 3.91762761244e-05 1.99405309642e-05 2.02926339618e-05 1.85756457898e-05 1.13071771125e-05  9.1037460055e-06 1.04823910679e-05
5.16570080489e-05 0.000895120275233  0.00150709694726  0.00196444331571  0.00232534787608   0.0026163409574  0.00284861054055  0.00303647073549  0.00318053292447  0.00336186019626  0.00340527862942  0.00329395319339  0.00304501420333  0.00253474722128  0.00178093910266 0.000856991679688 0.000143957718896 0.000496991596632 0.000598440978663  0.00030864886197 8.80256561168e-05 4.70739033376e-05 5.09452289901e-05  4.0094806251e-05 3.89646445298e-05 3.73151557901e-05 3.29432549041e-05 3.14703564744e-05 3.15075418561e-05
1.30534333675e-05  0.00088456117531  0.00149586027829  0.00197336827381  0.00237081963904  0.00267922474801  0.00292366341215  0.00312237185892  0.00328512120463  0.00345967430308  0.00348743496199  0.00336222226029  0.00309419699498  0.00256561580408  0.00181189351338 0.000885245180038 0.000172150606688    0.000405516383 0.000438558002266 0.000186280667956  4.1127059129e-05 4.20163666357e-05 4.17201401776e-05 3.76075505482e-05 3.84000512633e-05 3.82033850754e-05 3.80154000445e-05 3.91720132091e-05 4.04979963607e-05
2.79882727587e-05 0.000888798066713  0.00151700519268  0.00199250431177  0.00237317760941  0.00267849096024  0.00292844527912   0.0031367966784   0.0033079372254  0.00345829644111  0.00347345114683   0.0033740724028  0.00308040642514  0.00253302582961  0.00177733283405 0.000864292077152 0.000145567456024 0.000262933823793 0.000327444223927 0.000162927416096 3.49015197917e-05 4.29375811788e-05 3.79828656312e-05  4.3359370935e-05 4.54383642636e-05  4.4843097817e-05 4.60733350506e-05 4.48798671143e-05  4.4515392612e-05
1.59030876114e-05 0.000880017804557  0.00148649832131  0.00192378472111  0.00225279982058  0.00247090833907    0.002617335542  0.00269689599198  0.00274010716579   0.0027436763342  0.00265459556917  0.00245925070063  0.00212250474446   0.0016464424223  0.00107154481481 0.000428307265618 0.000106867267055 0.000665073362866 0.000811468146249   0.0003760387601 0.000112805504898 6.56297242674e-05 3.04240269937e-05 1.02789697499e-05 7.33086491469e-06 1.08245402478e-05 1.99892708148e-05 2.13938537663e-05 2.20975418853e-05
1.04402356269e-05 0.000861723702205  0.00145995154022  0.00180534826959  0.00197171471572  0.00205353650132  0.00208517397242  0.00209400859504  0.00211264057376  0.00214368350208  0.00207683032048  0.00188821876572  0.00163467789239  0.00129424156598 0.000838713284599 0.000324307436726 0.000246076080819  0.00073457599737 0.000830485944887 0.000457009639938  0.00020633455693 0.000124532146972 7.01958257235e-05 3.17111765985e-05 2.76435709847e-05 2.43787836998e-05 1.45552303284e-05  1.1526397702e-05 1.11144843965e-05
